0.0	0.0	0.0
0.025	0.5102903897806478	0.5326189849640632
0.05	0.436142596605738	0.5601449067590258
0.075	0.3966427320607064	0.5725848021224568
0.1	0.37122257967754624	0.5796276988730118
0.125	0.35315567154628086	0.5843193848689612
0.15	0.3395673264111702	0.5880367188694685
0.175	0.32898211220261875	0.5914358564843837
0.2	0.3205368740090888	0.5948117562194063
0.225	0.3136793426580924	0.598279731918056
0.25	0.3080344594083429	0.6018704387454072
0.275	0.3033369576566805	0.6055779484985457
0.3	0.299393617585425	0.6093829741543612
0.325	0.2960604299229665	0.613263457813804
0.35	0.29322800197612836	0.6171989781434397
0.375	0.2908118591286745	0.6211722510978496
0.4	0.2887458079558215	0.6251693340301865
0.425	0.2869772874977039	0.6291793046776304
0.45	0.28546405015316595	0.6331937750396829
0.475	0.28417175381271237	0.637206401278988
0.5	0.28307219118070953	0.6412124542966299
0.525	0.28214197187467516	0.6452084692249976
0.55	0.2813615305893922	0.6491919712915506
0.575	0.280714372933243	0.653161267827321
0.6	0.2801864965338886	0.6571152947625655
0.625	0.2797659429177791	0.6610535072213971
0.65	0.2794424482104899	0.664975806134177
0.675	0.2792071696357937	0.6688824953269811
0.7	0.2790524711794208	0.6727742657306073
0.725	0.2789717562203664	0.6766522045227917
0.75	0.2789593377315253	0.6805178264998797
0.775	0.2790103380294225	0.6843731223460136
0.8	0.27912061034689123	0.6882206140695375
0.825	0.27928667431684717	0.6920634032199438
0.85	0.27950565762182855	0.6959051950597013
0.875	0.27977523732573817	0.6997502839539358
0.9	0.28009357694680953	0.7036034923667788
0.925	0.2804592585136653	0.7074700657941375
0.95	0.2808712114996531	0.7113555347123653
0.975	0.28132864164479865	0.7152655586487369
1.0	0.28183096206535524	0.7192057658812443
1.025	0.28237772745010165	0.7231815970850486
1.05	0.2829685707031487	0.7271981558965245
1.075	0.2836031409972031	0.7312600665958802
1.1	0.28428104304512164	0.735371339691165
1.125	0.2850017790018468	0.7395352490037463
1.15	0.2857646959906979	0.7437542269333638
1.175	0.28656894311573694	0.7480297861830898
1.2	0.2874134416397587	0.7523624755044256
1.225	0.2882968708440824	0.7567518741429384
1.25	0.28921767030585926	0.7611966254751591
1.275	0.2901740574044871	0.7656945059251046
1.3	0.29116405723060074	0.7702425216005362
1.325	0.2921855409896528	0.7748370227851058
1.35	0.2932362685694214	0.7794738256607346
1.375	0.2943139311178361	0.784148331251935
1.4	0.295416190110314	0.7888556332227379
1.425	0.29654071028398066	0.7935906083801597
1.45	0.29768518480935946	0.79834798614117
1.475	0.2988473520120029	0.8031223954792193
1.5	0.30002500375794455	0.8079083897758162
1.525	0.3012159862244116	0.81270045144623
1.55	0.3024181941803702	0.8174929791684057
1.575	0.30362956011268033	0.8222802610471557
1.6	0.30484803958476975	0.8270564371745831
1.625	0.3060715941426952	0.8318154548795322
1.65	0.3072981729329059	0.8365510196068032
1.675	0.30852569399867963	0.8412565438990302
1.7	0.3097520260137417	0.8459250964577956
1.725	0.31097497101252697	0.8505493527833733
1.75	0.3121922485025749	0.8551215484739516
1.775	0.31340148120392036	0.8596334359243789
1.8	0.3146001825559995	0.8640762449106766
1.825	0.3157857460610777	0.8684406473724499
1.85	0.31695543649160307	0.8727167266044451
1.875	0.31810638297082483	0.8768939510265821
1.9	0.31923557393489455	0.8809611527028887
1.925	0.32033985399495846	0.8849065108121973
1.95	0.3214159227357564	0.8887175403265287
1.975	0.32246033550636677	0.8923810862138921
2.0	0.3234695062789905	0.8958833235475949
2.025	0.3244397126681169	0.899209763965517
2.05	0.3253671032151316	0.9023452689786591
2.075	0.32624770704920586	0.9052740706697158
2.1	0.32707744603413197	0.9079798003494739
2.125	0.32785214949766234	0.9104455257371097
2.15	0.3285675716154493	0.9126537971957408
2.175	0.32921941148184797	0.91458670347378
2.2	0.32980333584110744	0.9162259372606066
2.225	0.3303150043780548	0.9175528706594077
2.25	0.33075009737618727	0.9185486404051064
2.275	0.33110434545409406	0.9191942423308076
2.3	0.3313735609977868	0.9194706342358757
2.325	0.3315536708398146	0.919358846000387
2.35	0.3316407497150829	0.9188400955837034
2.375	0.33163105407401244	0.9178959095350857
2.4	0.3315210559723203	0.9165082468989469
2.425	0.3313074769855937	0.9146596259646874
2.45	0.33098732240509937	0.9123332541833122
2.475	0.33055791631672177	0.9095131626689275
2.5	0.33001693849533215	0.9061843478835483
2.525	0.3293624642940176	0.9023329241702721
2.55	0.32859300880515113	0.8979462915496225
2.575	0.32770757647491233	0.8930133234523081
2.6	0.32670571704026485	0.8875245787229057
2.625	0.3255875881458314	0.8814725412808796
2.65	0.32435402432336025	0.8748518893313274
2.675	0.32300661123920493	0.8676597941046941
2.7	0.3215477632949082	0.8598962459100902
2.725	0.3199808018491988	0.8515644029147261
2.75	0.3183100305556816	0.8426709555858597
2.775	0.31654080359462977	0.8332264971579221
2.8	0.3146795819339783	0.8232458878001624
2.825	0.3127339721990215	0.8127485973442343
2.85	0.31071274228864126	0.8017590085039409
2.875	0.3086258075966396	0.790306659568959
2.9	0.3064841816437209	0.778426402753325
2.925	0.30429988518348944	0.7661584520062619
2.95	0.30208580851284383	0.7535482925313582
2.975	0.29985552288477774	0.7406464239960396
3.0	0.2976230386929355	0.7275079110417823
3.025	0.2954025105336194	0.7141917188686342
3.05	0.2932078924044207	0.700759819049678
3.075	0.29105255015051973	0.6872760619161333
3.1	0.28894884273650184	0.6738048272097441
3.125	0.2869076888019674	0.6604094841413523
3.15	0.2849381399010868	0.6471507147276836
3.175	0.2830469862949382	0.6340847785494623
3.2	0.28123842440771346	0.6212618199527481
3.225	0.2795138161744102	0.6087243362377798
3.25	0.2778715685344225	0.5965059328931217
3.275	0.27630715550847784	0.5846304851036266
3.3	0.2748132953556895	0.5731118007568814
3.325	0.2733802817764706	0.5619538390921578
3.35	0.27199645249428894	0.551151484868074
3.375	0.27064876314761555	0.5406918180893172
3.4	0.26932342200244586	0.5305557639868234
3.425	0.2680065340124711	0.520719967187047
3.45	0.2666847026918364	0.5111587153594336
3.475	0.26534554518426523	0.5018457440356184
3.5	0.26397808842624465	0.4927557834398892
3.525	0.2625730300123393	0.48386575345756383
3.55	0.26112286349067404	0.47515556527491987
3.575	0.2596218818487453	0.46660853862753765
3.6	0.25806608312283413	0.4582114845907763
3.625	0.25645300754332206	0.44995453087233356
3.65	0.25478153647712976	0.441830778196255
3.675	0.25305168041061643	0.4338358739268191
3.7	0.25126437754572534	0.4259675759152416
3.725	0.2494213176236877	0.41822536001180627
3.75	0.2475247986204739	0.4106101031987951
3.775	0.24557761798041755	0.4031238546178664
3.8	0.24358299569134628	0.3957696914406035
3.825	0.24154452400092208	0.38855164684800747
3.85	0.2394661378577368	0.3814746934435667
3.875	0.2373521009470252	0.3745447665192804
3.9	0.23520700411759904	0.36776881660389354
3.925	0.2330357757013918	0.36115488845432747
3.95	0.23084370640101837	0.35471223302528615
3.975	0.22863649477996695	0.3484514690060849
4.0	0.22642032256982242	0.34238482010327803
4.025	0.22420197140596815	0.33652646163194616
4.05	0.22198899315321197	0.3308930121625549
4.075	0.21978994301005686	0.32550419825140986
4.1	0.21761467578440058	0.3203836961756071
4.125	0.21547468857063148	0.31556010682661345
4.15	0.21338346576008851	0.3110679432642459
4.175	0.21135674575917102	0.306948406899324
4.2	0.20941258914800337	0.30324961462215444
4.225	0.20757109947848487	0.30002585471391585
4.25	0.20585365353637536	0.29733545865700656
4.275	0.20428156544779566	0.29523705783922116
4.3	0.20287425834458953	0.2937844068885122
4.325	0.20164723856899425	0.29302057582871727
4.35	0.20061039747394954	0.2929729696698696
4.375	0.19976728204181812	0.2936509854610864
4.4	0.19911583254897497	0.29504775234074043
4.425	0.19865060790270342	0.2971460940919834
4.45	0.19836581473107445	0.2999268853699946
4.475	0.19825785747107214	0.30337625514468924
4.5	0.19832606166090894	0.30748782590497026
4.525	0.19857092018606676	0.3122580411543588
4.55	0.1989904334199808	0.3176760135657065
4.575	0.19957618729171356	0.3237123801407897
4.6	0.20031105733160715	0.3303124581293337
4.625	0.2011696708652593	0.33739701030990493
4.65	0.20212149163090956	0.3448704400656419
4.675	0.2031353730544006	0.35263334861597895
4.7	0.20418412820608778	0.3605954480862095
4.725	0.20524801966524417	0.368685712705347
4.75	0.20631668622729143	0.3768583072220872
4.775	0.2073895339961298	0.38509425205359626
4.8	0.20847488630717115	0.39339955605318
4.825	0.2095882510534024	0.4018007613806145
4.85	0.21075002654193511	0.4103387699630656
4.875	0.2119829093356248	0.41906168102785296
4.9	0.21330922986222478	0.428017278448659
4.925	0.2147484292229435	0.437245783320589
4.95	0.21631488656063003	0.4467734860508734
4.975	0.21801628612445526	0.45660782529568733
5.0	0.21985266043529675	0.46673434088752636
5.025	0.22181616206097715	0.4771156957168886
5.05	0.22389151956186001	0.4876926863147888
5.075	0.22605704827981585	0.4983869140069119
5.1	0.2282860339782616	0.5091046265384639
5.125	0.23054829467396265	0.5197411888959458
5.15	0.23281174818052322	0.5301856903312272
5.175	0.23504385660624802	0.5403253070504785
5.2	0.23721286925120186	0.5500491751276364
5.225	0.2392888302502976	0.5592516524128995
5.25	0.2412443505531359	0.5678349425776015
5.275	0.243055164249754	0.5757111144415175
5.3	0.24470049908531236	0.5828035806707182
5.325	0.24616329391475755	0.5890481115674534
5.35	0.24743029526543792	0.5943934615594267
5.375	0.248492063355259	0.5988016846831781
5.4	0.24934291567772324	0.6022482134142858
5.425	0.24998083325238654	0.6047217716581198
5.45	0.25040735000433784	0.6062241848195802
5.475	0.2506274387886031	0.6067701349236041
5.5	0.2506493984878555	0.6063868861588012
5.525	0.2504847364469281	0.6051139780524769
5.55	0.25014803109937583	0.6030028544015501
5.575	0.24965675287515252	0.6001163715774889
5.6	0.2490310188195217	0.596528114902838
5.625	0.24829325833456267	0.5923214493147062
5.65	0.24746777368982908	0.5875882409660133
5.675	0.24658018834386197	0.5824272080771189
5.7	0.24565678727176227	0.5769418892877696
5.725	0.24472376504693155	0.5712382526853077
5.75	0.24380640832541073	0.565422005587122
5.775	0.24292824893392032	0.5595957016115893
5.8	0.2421102315322656	0.5538557754103217
5.825	0.24136994543257437	0.5482896643479765
5.85	0.24072097311578114	0.5429731973883201
5.875	0.24017240744027138	0.5379684403593303
5.9	0.23972858444816103	0.5333221789503497
5.925	0.2393890679336231	0.5290651917288564
5.95	0.23914890501243455	0.5252124128643347
5.975	0.238999149267195	0.521764009552305
6.0	0.23892762171810591	0.5187073093762521
6.025	0.2389198534265876	0.5160194201463709
6.05	0.23896013154648577	0.5136703047551479
6.075	0.23903255764145387	0.5116260219607496
6.1	0.23912202628156243	0.5098518321094451
6.125	0.2392150441877051	0.5083148983783187
6.15	0.23930033354648864	0.5069863835495567
6.175	0.23936919321402417	0.5058428359238788
6.2	0.23941562259054633	0.504866857079159
6.225	0.2394362393580554	0.5040471303730698
6.25	0.2394300399134109	0.5033779485673009
6.275	0.23939805844066864	0.5028584055796165
6.3	0.23934297798467954	0.5024914132090897
6.325	0.23926873727001235	0.5022826768666824
6.35	0.23918016389939717	0.5022397258720449
6.375	0.23908265130509898	0.5023710541750858
6.4	0.2389818857468103	0.5026853938290693
6.425	0.2388836219360809	0.5031911199479404
6.45	0.2387935015505474	0.503895772483131
6.475	0.23871690735463558	0.5048056751194936
6.5	0.23865884593684347	0.5059256321272757
6.525	0.2386238533122459	0.5072586874605044
6.55	0.23861591913651076	0.5088059346466304
6.575	0.23863842662770834	0.5105663698805597
6.6	0.23869410629979307	0.5125367835586662
6.625	0.238785002225557	0.5147116871632225
6.65	0.23891244983983798	0.5170832730915356
6.675	0.23907706434072432	0.5196414049450103
6.7	0.2392787386022596	0.5223736351443726
6.725	0.23951664932052116	0.5252652459089925
6.75	0.2397892698704562	0.528299308682602
6.775	0.24009438818120815	0.5314567563654932
6.8	0.24042912787184528	0.5347164623755422
6.825	0.2407899709738981	0.5380553207864158
6.85	0.24117278088807073	0.5414483228329651
6.875	0.2415728247540905	0.54486862691762
6.9	0.24198479514988325	0.548287621923566
6.925	0.24240283196961418	0.551674986965899
6.95	0.24282054628703925	0.5549987543484615
6.975	0.2432310489340527	0.5582253859924011
7.0	0.24362698722465317	0.5613198764557
7.025	0.24400059360340545	0.5642458973284582
7.05	0.2443437499024257	0.5669659978706522
7.075	0.24464807030256755	0.5694418750402135
7.1	0.2449050050534711	0.5716347225845445
7.125	0.24510596565085813	0.5735056640070253
7.15	0.24524247067066454	0.5750162685303047
7.175	0.24530631007086523	0.5761291435103539
7.2	0.24528972468498186	0.576808591840294
7.225	0.24518559700019105	0.5770213194368891
7.25	0.24498764915460966	0.5767371761602019
7.275	0.24469064429302834	0.5759299134822032
7.3	0.24429058774123982	0.5745779432266469
7.325	0.2437849246276438	0.5726650830185317
7.35	0.24317273030082381	0.5701812747359433
7.375	0.24245488900854753	0.5671232614440401
7.4	0.2416342548522556	0.5634952058132968
7.425	0.24071578712293112	0.5593092287507767
7.45	0.2397066501202379	0.5545858416343405
7.475	0.23861626574342884	0.5493542397767051
7.5	0.2374563058994752	0.543652419529353
7.525	0.23624061133310556	0.5375270776919011
7.55	0.23498502406355973	0.5310332503779296
7.575	0.23370712236593416	0.5242336501818826
7.6	0.23242585026998902	0.5171976660888096
7.625	0.2311610379724399	0.5100000009793761
7.65	0.22993281534379895	0.5027189372373928
7.675	0.22876092755845076	0.49543424151621646
7.7	0.22766396882122752	0.4882247428082033
7.725	0.22665855493380715	0.4811656372283777
7.75	0.22575845350805482	0.4743255753753546
7.775	0.22497367430440476	0.4677635511464184
7.8	0.2243094810962107	0.4615255035818802
7.825	0.22376521285975134	0.4556403410831375
7.85	0.22333270745567008	0.45011482880660053
7.875	0.22299406936952168	0.44492662222109813
7.9	0.22271867365474102	0.4400151313209325
7.925	0.22245990490581663	0.4352715881534299
7.95	0.2221533845563457	0.4305332382729209
7.975	0.22172004337929857	0.4255911968455966
8.0	0.22107800975588915	0.42022346600269384
8.025	0.22016462716211715	0.4142573998260758
8.05	0.21896267848195336	0.4076455617859216
8.075	0.21751624731914082	0.4005139799374204
8.1	0.21592032720719959	0.3931368438824845
8.125	0.21428174552474194	0.3858284952261603
8.15	0.21267129838608115	0.3788068754568414
8.175	0.21109786939040845	0.37211556029612164
8.2	0.20952027188685443	0.36565170174979494
8.225	0.20788374496517475	0.35926632113241186
8.25	0.2061533084637965	0.3528595641586748
8.275	0.20432650695042442	0.3464199713221088
8.3	0.20242767127510963	0.3400113693639241
8.325	0.20049548205999876	0.33373937971002515
8.35	0.1985727550459352	0.32772284564806486
8.375	0.19670084605090646	0.3220776308656072
8.4	0.19491740767727284	0.31690975017354656
8.425	0.19325572640472602	0.3123130602848384
8.45	0.19174452921619295	0.30836840847402175
8.475	0.1904077550685227	0.3051427792128202
8.5	0.18926412188612882	0.30268791552308066
8.525	0.18832649983355026	0.30103840728349135
8.55	0.18760122249248312	0.3002095912532044
8.575	0.18708755912676409	0.30019587988840446
8.6	0.18677762314609453	0.30097029933289704
8.625	0.1866569762128188	0.3024859913464009
8.65	0.18670608242009537	0.30468015428713996
8.675	0.1869025794889407	0.307480378237838
8.7	0.1872241037427525	0.31081267593310985
8.725	0.18765118954137222	0.31460988254303407
8.75	0.18816962189469605	0.3188186644634988
8.775	0.18877161892776956	0.32340333045116537
8.8	0.18945542390528025	0.3283451708020317
8.825	0.19022330807825966	0.33363721522492656
8.85	0.19107851719068153	0.3392758096041935
8.875	0.19202210648849743	0.34525162661487296
8.9	0.19305067181304705	0.351542983529878
8.925	0.19415563246383827	0.3581134239892552
8.95	0.19532412088100645	0.364913860714158
8.975	0.1965409918441284	0.3718880229025143
9.0	0.19779126396953245	0.37897931892386
9.025	0.19906260353475252	0.3861379789109381
9.05	0.2003482317995336	0.3933294537872766
9.075	0.20165144627470266	0.4005473389282284
9.1	0.20299234889971482	0.4078325693116458
9.125	0.2044130314517308	0.4152887292372371
9.15	0.20596995654037875	0.4230623013112648
9.175	0.20770214146240176	0.4312553959619486
9.2	0.2095870999235282	0.4398021166461509
9.225	0.21153260339910035	0.448440776478775
9.25	0.2134429414955849	0.4568925364347838
9.275	0.2153138906043616	0.46512590886532246
9.3	0.21725150400582863	0.4734173552351875
9.325	0.21938893813651594	0.48212818037576644
9.35	0.22179495076164477	0.49144970150347705
9.375	0.22445378833005752	0.5013404352989379
9.4	0.22729749610014593	0.5116101440464714
9.425	0.23023944224014473	0.5220114290244695
9.45	0.23319176760350216	0.5322891592511222
9.475	0.2360728171689576	0.5422028508658903
9.5	0.2388100288305235	0.551536918720884
9.525	0.24134105959560373	0.5601070299848527
9.55	0.24361730730320558	0.5677753329877949
9.575	0.2456148626831316	0.5744908753240437
9.6	0.2473563305301867	0.5803681926924228
9.625	0.24894382971922097	0.5858085127901171
9.65	0.25059886085537636	0.591652981720576
9.675	0.2526969732743688	0.5993294582916842
9.7	0.25577366231058396	0.6109109034961127
9.725	0.2604667514074213	0.6289570993395809
9.75	0.26735991955475585	0.6559975173009392
9.775	0.2767152486506578	0.69358047120393
9.8	0.28813666277631644	0.7409949283425418
9.825	0.30027917613515753	0.7940388390556737
9.85	0.3107738829286028	0.8444437170535463
9.875	0.31652456487483493	0.8805879636723334
9.9	0.31441701477132666	0.8897989313014669
9.925	0.3022927427701975	0.8618889440302548
9.95	0.27986518132248284	0.7928616502956584
9.975	0.2492041759271615	0.6873554393801187
10.0	0.21452812807821336	0.5586374969878676
10.025	0.18127980474709457	0.42579957228312304
10.05	0.15473367181775985	0.30891231863682156
10.075	0.13859474019519938	0.22379152895436327
10.1	0.13409822559373794	0.17826204753361596
10.125	0.1399349034349957	0.17117805667362518
10.15	0.15296815957463322	0.19424830412443866
10.175	0.1693753066367941	0.2355785771010749
10.2	0.18572963671008724	0.2833712472265154
10.225	0.19967211366988957	0.32853519608163473
10.25	0.21007732367722493	0.3657202735701737
10.275	0.21683665348326892	0.39301537581251966
10.3	0.22047257747254909	0.41092232829823244
10.325	0.22176816788016332	0.42120721727910976
10.35	0.2215087968962095	0.4260011682115081
10.375	0.2203509001733219	0.4272668174725646
10.4	0.21878586232924582	0.4265770703143242
10.425	0.21715541729867038	0.42508881795998643
10.45	0.21568417034239845	0.42360352590473344
10.475	0.21451030000742455	0.4226459435161101
10.5	0.2137082021957767	0.4225308095473997
10.525	0.21330384173930145	0.42341205023686596
10.55	0.21328578281426022	0.42531931818024293
10.575	0.21361448169548508	0.42818815455228043
10.6	0.21423124244841213	0.43188787743721885
10.625	0.21506714547524788	0.43624855608433744
10.65	0.21605151564453853	0.4410862972893767
10.675	0.21711913681571018	0.44622490046228036
10.7	0.21821544005796825	0.4515118325294951
10.725	0.21929923075125288	0.45682729613987033
10.75	0.22034301561031708	0.46208648312055534
10.775	0.22133143895192586	0.4672363449993353
10.8	0.22225858485255778	0.47224893153941633
10.825	0.223124908386143	0.47711341346179037
10.85	0.22393438672932803	0.48182846843315563
10.875	0.22469223487945125	0.48639605094448884
10.9	0.22540330278575413	0.4908169397463258
10.925	0.22607111073826724	0.4950880042604289
10.95	0.22669739692726848	0.49920088584231603
10.975	0.2272820292105358	0.5031417125348465
11.0	0.2278231481497068	0.5068914936719381
11.025	0.22831743903708804	0.5104269157320998
11.05	0.22876046279029297	0.5137213438538468
11.075	0.22914700215875233	0.5167459038321532
11.1	0.22947139857709126	0.5194705703598205
11.125	0.22972786686842536	0.5218652196253072
11.15	0.22991078160113076	0.5239006223404624
11.175	0.23001493209026325	0.5255493616461423
11.2	0.23003574436102475	0.526786663353935
11.225	0.22996946899674608	0.5275911269410193
11.25	0.22981333445898075	0.5279453471057063
11.275	0.2295656667239412	0.5278364193285755
11.3	0.22922597833943592	0.527256330215094
11.325	0.2287950337368547	0.5262022458350478
11.35	0.22827490358373198	0.5246767307874678
11.375	0.22766903022904098	0.522687959965618
11.4	0.2269823399751676	0.5202500265376979
11.425	0.22622145559082962	0.5173835018392346
11.45	0.22539507895357258	0.5141164509456632
11.475	0.22451461403357448	0.5104861102021171
11.5	0.22359505640488608	0.5065413117086189
11.525	0.2226560510084533	0.5023453941480804
11.55	0.22172279677393536	0.49797871702197766
11.575	0.22082620527919147	0.49353913240950376
11.6	0.2200015720593668	0.4891383358781603
11.625	0.2192852682732311	0.4848926797151775
11.65	0.21870980811848278	0.48090935835394827
11.675	0.21829889168978817	0.477272336020985
11.7	0.2180648475636053	0.4740347429521224
11.725	0.21801024460959548	0.4712227685768641
11.75	0.21813306941528993	0.4688495885768405
11.775	0.2184322149440679	0.46693046998140686
11.8	0.21890945433354286	0.46548841945911823
11.825	0.21956651971731242	0.4645463101048927
11.85	0.22039946855718365	0.4641112597837326
11.875	0.22139413324093174	0.46416168533525215
11.9	0.22252504231065903	0.46464379128719585
11.925	0.22375754261246242	0.46547697656772424
11.95	0.22505129654304645	0.46656325075286503
11.975	0.2263635434238099	0.4677962056431885
12.0	0.2276515517643821	0.46906788186065823
12.025	0.22887446455162563	0.4702740189408024
12.05	0.2299949132199862	0.4713186951826982
12.075	0.23098058308141448	0.47211885796008324
12.1	0.23180567469646765	0.4726085913264366
12.125	0.232452082183056	0.4727426171618276
12.15	0.232910108542177	0.47249851256067477
12.175	0.23317859981831002	0.4718772911861928
12.2	0.23326443714046938	0.47090215498748594
12.225	0.23318132700983113	0.4696152289083749
12.25	0.2329477484817164	0.4680718635957713
12.275	0.23258377421989695	0.46633168697199895
12.3	0.23210642405287768	0.4644454009206988
12.325	0.23152358382661042	0.462437338103075
12.35	0.2308278112926774	0.46028740209283814
12.375	0.22999363165519038	0.4579225044175806
12.4	0.2289838405541917	0.45523326238163747
12.425	0.227768633196035	0.4521273801399112
12.45	0.22635317682604286	0.44860835662011644
12.475	0.2247973739977855	0.4448343116429745
12.5	0.22320750667469055	0.4410987862175942
12.525	0.22169474678216267	0.4377167080365886
12.55	0.22032389591991547	0.43487862882210065
12.575	0.21908950506808234	0.4325779350283404
12.6	0.2179356939789071	0.4306605253939852
12.625	0.21679935783044513	0.42894379174815583
12.65	0.21564306375642128	0.42731093962074407
12.675	0.21446277988759965	0.42573647890872385
12.7	0.21327889519411306	0.42426399438085266
12.725	0.21212445859102172	0.4229744422069549
12.75	0.21103716145280244	0.42196379636936604
12.775	0.2100549215132792	0.4213303373931401
12.8	0.20921333740901996	0.42116707673713555
12.825	0.2085440622665834	0.4215567446665865
12.85	0.20807382474595204	0.4225686056122411
12.875	0.20782396638817752	0.4242567566158382
12.9	0.20781030059536937	0.42665938228658373
12.925	0.2080430779649124	0.429798366804549
12.95	0.2085269071423512	0.4336788292988012
12.975	0.20926057589632602	0.4382884104865793
13.0	0.21023678822868339	0.44359634018274113
