t f
0.0 0.0
0.2 -1.4347560917116198e-9
0.4 -1.2982833696995044e-9
0.6 -1.2666324655796757e-9
0.8 -1.212196010236255e-9
1.0 -1.189259912770524e-9
1.2 -1.2325754861208793e-9
1.4 -1.2426021878120252e-9
1.6 -1.2359060441724523e-9
1.8 -1.2510604774362832e-9
2.0 -1.1342827788141108e-9
2.2 -1.2624029599450637e-9
2.4 -1.1539129096682643e-9
2.6 -1.2727525700029219e-9
2.8 -1.1862397175654849e-9
3.0 -1.2093230306042813e-9
3.2 -1.16275206130112e-9
3.4 -1.23749022140629e-9
3.6 -1.1949030653823911e-9
3.8 -1.2190367049136341e-9
4.0 -1.2506280455681917e-9
4.2 -1.2358588596939057e-9
4.4 -1.3461503023393107e-9
4.6 -1.2790192238654186e-9
4.8 -1.2042970509718032e-9
5.0 -1.194020160522058e-9
5.2 -1.3256268305283925e-9
5.4 -1.3501759155154502e-9
5.6 -1.2244577018982739e-9
5.8 -1.137470562184717e-9
6.0 -1.1515709497089688e-9
6.2 -1.2795122183995034e-9
6.4 -1.084386636041046e-9
6.6 -1.2269043003776403e-9
6.8 -1.1703005231566976e-9
7.0 -1.144753403181653e-9
7.2 -1.2355020895249424e-9
7.4 -1.2318809305966738e-9
7.6 -1.209872202423412e-9
7.8 -1.2934108784001808e-9
8.0 -1.3110572072427829e-9
8.2 -1.1223807994120705e-9
8.4 -1.112819891790906e-9
8.6 -1.320261122650379e-9
8.8 -1.2237810209647648e-9
9.0 -1.1460208892977164e-9
9.2 -1.2649949421295048e-9
9.4 9.088181501248904e-7
9.403125 1.0679915414257835e-6
9.40625 1.2539744169703937e-6
9.409375 1.471053575119452e-6
9.4125 1.7241009230284376e-6
9.415625 2.018782232771077e-6
9.41875 2.362035325220724e-6
9.421875 2.7606964462800754e-6
9.425 3.2236941578389633e-6
9.428125 3.761526966683526e-6
9.43125 4.384553741687558e-6
9.434375 5.106520397313297e-6
9.4375 5.9415973613918815e-6
9.440625 6.907122206634142e-6
9.44375 8.02244093367488e-6
9.446875 9.309374626675915e-6
9.45 1.0792907205126046e-5
9.453125 1.2502038016115602e-5
9.45625 1.4468327940941883e-5
9.459375 1.672879123121307e-5
9.4625 1.932512234836814e-5
9.465625 2.2304219279567494e-5
9.46875 2.571968850473283e-5
9.471875 2.963128263633319e-5
9.475 3.410694170541406e-5
9.478125 3.9223174304159336e-5
9.48125 4.506614562749256e-5
9.484375 5.173292906218707e-5
9.4875 5.9332499044773e-5
9.490625 6.798649730566098e-5
9.49375 7.783263427174614e-5
9.496875 8.90243078796038e-5
9.5 0.00010173302410210194
9.503125 0.00011615081269272798
9.50625 0.0001324921763379283
9.509375 0.00015099523480527344
9.5125 0.00017192666252641153
9.515625 0.00019558229473948252
9.51875 0.0002222908776948751
9.521875 0.0002524176221885832
9.525 0.00028636701589818125
9.528125 0.00032458736578322434
9.53125 0.0003675746503384869
9.534375 0.000415876291614381
9.5375 0.0004700969865119031
9.540625 0.0005309029685123812
9.54375 0.0005990275452629756
9.546875 0.0006752777091957873
9.55 0.0007605393486236345
9.553125 0.000855784142896332
9.55625 0.0009620769750877112
9.559375 0.00108058339220507
9.5625 0.0012125771914981431
9.565625 0.0013594479785304925
9.56875 0.001522712103930346
9.571875 0.0017040197979861782
9.575 0.0019051662264955582
9.578125 0.002128100392972232
9.58125 0.002374936979946618
9.584375 0.0026479660229803414
9.5875 0.0029496664741687773
9.590625 0.0032827141844598007
9.59375 0.0036499976986745786
9.596875 0.00405462953104091
9.6 0.004499957345362737
9.603125 0.004989579219343343
9.60625 0.005527354927173711
9.609375 0.006117420113055161
9.6125 0.006764199329464149
9.615625 0.007472418622411325
9.61875 0.008247119665429903
9.621875 0.009093671687382121
9.625 0.010017784324501733
9.628125 0.011025519715950893
9.63125 0.01212330445969828
9.634375 0.013317938250773653
9.6375 0.01461660694394662
9.640625 0.016026888846531973
9.64375 0.017556763269518882
9.646875 0.019214617553394764
9.65 0.021009250440871485
9.653125 0.02294987648036889
9.65625 0.025046125700910582
9.659375 0.02730804442812329
9.6625 0.029746090659882596
9.665625 0.032371128116255865
9.66875 0.03519441754855096
9.671875 0.038227606571867745
9.675 0.041482712586144055
9.678125 0.04497210538542096
9.68125 0.04870848637702385
9.684375 0.05270486067226443
9.6875 0.056974508556578124
9.690625 0.061530951288107205
9.69375 0.06638791226812182
9.696875 0.07155927522704
9.7 0.07705903390373559
9.703125 0.08290124217184694
9.70625 0.08909995511416563
9.709375 0.09566916756864371
9.7125 0.10262274581503184
9.715625 0.10997435483301382
9.71875 0.11773738206102566
9.721875 0.1259248543378943
9.725 0.1345493500135998
9.728125 0.14362290896224578
9.73125 0.1531569339529297
9.734375 0.16316209178567204
9.7375 0.17364820814751836
9.740625 0.1846241602652794
9.74375 0.19609776467632406
9.746875 0.20807566444594366
9.75 0.22056321263108053
9.753125 0.23356435421758795
9.75625 0.24708150864988626
9.759375 0.26111544907949424
9.7625 0.27566518519873423
9.765625 0.2907278447358339
9.76875 0.3062985583981617
9.771875 0.3223703467148052
9.775 0.33893401072069695
9.778125 0.3559780285983136
9.78125 0.3734884549667128
9.784375 0.39144883018065635
9.7875 0.40984009447145026
9.790625 0.4286405120836033
9.79375 0.44782560436888663
9.796875 0.46736809369831855
9.8 0.4872378588951791
9.803125 0.507401902660243
9.80625 0.5278243335198625
9.809375 0.548466360835457
9.8125 0.5692863060293629
9.815625 0.5902396286359708
9.81875 0.6112789704865103
9.821875 0.6323542155819634
9.825 0.6534125686261582
9.828125 0.6743986523027241
9.83125 0.6952546211408951
9.834375 0.7159202971362095
9.8375 0.7363333216237451
9.840625 0.7564293270190137
9.84375 0.7761421279279389
9.846875 0.7954039297196579
9.85 0.8141455551008147
9.853125 0.8322966881146547
9.85625 0.8497861353502355
9.859375 0.8665421018428799
9.8625 0.8824924829168777
9.865625 0.8975651672519418
9.86875 0.9116883543240748
9.871875 0.9247908825224156
9.875 0.9368025631646466
9.878125 0.9476545262949113
9.88125 0.9572795663123266
9.884375 0.9656125003231654
9.8875 0.9725905153111407
9.890625 0.9781535257133728
9.89375 0.9822445218517537
9.896875 0.9848099175030194
9.9 0.9857998834715893
9.903125 0.9851686800481042
9.90625 0.9828749724540828
9.909375 0.978882128745747
9.9125 0.9731585112116499
9.915625 0.9656777393090842
9.91875 0.9564189371825333
9.921875 0.9453669556795098
9.925 0.932512571879709
9.928125 0.917852662362945
9.93125 0.9013903415841203
9.934375 0.8831350833203057
9.9375 0.8631027991028346
9.940625 0.8413158906290273
9.94375 0.8178032679136059
9.946875 0.7926003339514385
9.95 0.765748934307383
9.953125 0.7372972755260374
9.95625 0.7072998003907474
9.959375 0.6758170429188298
9.9625 0.6429154328280051
9.965625 0.6086670861958655
9.96875 0.5731495420782038
9.971875 0.5364454883821219
9.975 0.4986424432300747
9.978125 0.45983241741082803
9.98125 0.4201115428956628
9.984375 0.3795796887888379
9.9875 0.3383400420025307
9.990625 0.29649867486163195
9.99375 0.25416409674408214
9.996875 0.21144679055492877
10.0 0.1684587331095205
10.003125 0.1253129112011515
10.00625 0.0821228329831304
10.009375 0.039002031799482056
10.0125 -0.003936429402474351
10.015625 -0.0465804419793219
10.01875 -0.08881934385259646
10.021875 -0.130544391486924
10.025 -0.17164922106561945
10.028125 -0.2120303040388831
10.03125 -0.2515873718866648
10.034375 -0.29022383127932727
10.0375 -0.3278471531097637
10.040625 -0.36436923460388804
10.04375 -0.399706743165248
10.046875 -0.43378142216636884
10.05 -0.4665203692484885
10.053125 -0.49785628887630295
10.05625 -0.5277277110235606
10.059375 -0.5560791658390798
10.0625 -0.5828613377317235
10.065625 -0.6080311816144282
10.06875 -0.6315519979296607
10.071875 -0.6533934811344277
10.075 -0.6735317315817639
10.078125 -0.6919492306344361
10.08125 -0.7086347887713638
10.084375 -0.7235834548871787
10.0875 -0.7367964044437654
10.090625 -0.7482807853499789
10.09375 -0.7580495521527841
10.096875 -0.7661212598248084
10.1 -0.7725198426554586
10.103125 -0.7772743676128757
10.10625 -0.7804187694638514
10.109375 -0.7819915648765559
10.1125 -0.7820355548173693
10.115625 -0.7805975118347328
10.11875 -0.7777278576919124
10.121875 -0.7734803284058469
10.125 -0.7679116394313437
10.128125 -0.7610811409809333
10.13125 -0.7530504731156751
10.134375 -0.7438832230510342
10.1375 -0.7336445822329709
10.140625 -0.722401009330405
10.14375 -0.7102198980391772
10.146875 -0.6971692535572466
10.15 -0.6833173778855348
10.153125 -0.668732568240668
10.15625 -0.6534828244969476
10.159375 -0.6376355731491059
10.1625 -0.6212574044146386
10.165625 -0.6044138246570706
10.16875 -0.5871690277593656
10.171875 -0.5695856791777384
10.175 -0.5517247219119298
10.178125 -0.5336451975690625
10.18125 -0.5154040862890537
10.184375 -0.49705616520911733
10.1875 -0.4786538845338898
10.190625 -0.4602472619012703
10.19375 -0.44188379416493273
10.196875 -0.42360838644981735
10.2 -0.40546329840767703
10.203125 -0.38748810607373185
10.20625 -0.3697196802826994
10.209375 -0.3521921786308583
10.2125 -0.3349370529580996
10.215625 -0.31798306865653325
10.21875 -0.30135633775030635
10.221875 -0.28508036299825046
10.225 -0.2691760914322654
10.228125 -0.2536619797484587
10.23125 -0.23855406634523624
10.234375 -0.22386605219696087
10.2375 -0.20960938807917906
10.240625 -0.19579336790508717
10.24375 -0.18242522656493054
10.246875 -0.16951024209202792
10.25 -0.15705184160505103
10.253125 -0.14505170815356294
10.25625 -0.13350989061763158
10.259375 -0.1224249135053535
10.2625 -0.11179388698568515
10.265625 -0.10161261745366895
10.26875 -0.09187571529882199
10.271875 -0.08257670146391344
10.275 -0.07370811435627761
10.278125 -0.06526160849292001
10.28125 -0.05722805726169672
10.284375 -0.049597645663267964
10.2875 -0.04235996392021674
10.290625 -0.035504094788876006
10.29375 -0.029018698606505022
10.296875 -0.02289209032260825
10.3 -0.017112317558524215
10.303125 -0.011667228601465962
10.30625 -0.006544540345876704
10.309375 -0.0017318982327633181
10.3125 0.0027830670868196905
10.315625 0.007012686450086847
10.31875 0.010969205605114718
10.321875 0.01466474157945341
10.325 0.01811124345833315
10.328125 0.02132045831357421
10.33125 0.024303899348169233
10.334375 0.02707281975195963
10.3375 0.02963818798878448
10.340625 0.03201066994848917
10.34375 0.03420061006130337
10.346875 0.0362180196516006
10.35 0.038072564510716
10.353125 0.039773558362962425
10.35625 0.04132995607987516
10.359375 0.042750351782010476
10.3625 0.04404297611605884
10.365625 0.04521569848617352
10.36875 0.04627602823644961
10.371875 0.04723111957882958
10.375 0.048087776046763286
10.378125 0.04885245858653997
10.38125 0.04953129116284083
10.384375 0.05013007093873767
10.3875 0.050654276247132146
10.390625 0.051109077864074426
10.39375 0.05149934846746662
10.396875 0.05182967317903109
10.4 0.05210436206827246
10.403125 0.05232746018658985
10.40625 0.05250275842405794
10.409375 0.05263380799543266
10.4125 0.05272392838017892
10.415625 0.05277622005714566
10.41875 0.052793576825920674
10.421875 0.05277869464128959
10.425 0.05273408470268831
10.428125 0.052662081785183334
10.43125 0.052564855044590186
10.434375 0.05244441972242425
10.4375 0.052302644013011323
10.440625 0.052141259306294485
10.44375 0.05196186933480268
10.446875 0.051765958687533364
10.45 0.05155489929591767
10.453125 0.05132995965165088
10.45625 0.05109231172509554
10.459375 0.050843036897177674
10.4625 0.0505831342173389
10.465625 0.05031352421437585
10.46875 0.05003505614880571
10.471875 0.04974851402503627
10.475 0.04945461970788978
10.478125 0.049154038712993064
10.48125 0.0488473851461706
10.484375 0.048535224776762254
10.4875 0.04821807978460474
10.490625 0.04789643163086155
10.49375 0.0475707251804518
10.496875 0.04724137053353539
10.5 0.04690874714154519
10.503125 0.0465732056453248
10.50625 0.046235070865167927
10.509375 0.045894643031289706
10.5125 0.045552201009623206
10.515625 0.04520800398231378
10.51875 0.044862292113598934
10.521875 0.04451528937555821
10.525 0.04416720447430028
10.528125 0.04381823181646938
10.53125 0.04346855360292112
10.534375 0.04311834019089017
10.5375 0.042767751249314145
10.540625 0.04241693694782578
10.54375 0.04206603857068919
10.546875 0.04171518932247015
10.55 0.041364514471719516
10.553125 0.04101413338412252
10.55625 0.04066415814436708
10.559375 0.040314696273922423
10.5625 0.0399658488290171
10.565625 0.03961771264758013
10.56875 0.03927037964289276
10.571875 0.0389239384886646
10.575 0.03857847271378534
10.578125 0.038234062946053915
10.58125 0.037890786884657635
10.584375 0.037548718038868
10.5875 0.037207928154411596
10.590625 0.03686848497478401
10.59375 0.03653045497441937
10.596875 0.03619390130202049
10.6 0.03585888472191434
10.603125 0.03552546457892691
10.60625 0.03519369759712854
10.609375 0.034863638644499595
10.6125 0.03453534062384361
10.615625 0.034208854545557665
10.61875 0.03388423000162305
10.621875 0.03356151463697027
10.625 0.033240754108015524
10.628125 0.03292199377983046
10.63125 0.0326052758237827
10.634375 0.032290641813714493
10.6375 0.03197813192646004
10.640625 0.031667785022318706
10.64375 0.03135963771057787
10.646875 0.031053726285247274
10.65 0.030750085086516554
10.653125 0.030448747737913173
10.65625 0.030149745885142798
10.659375 0.029853110219665635
10.6625 0.029558870657108438
10.665625 0.029267055141556197
10.66875 0.028977690906056786
10.671875 0.02869080381200695
10.675 0.028406418647535014
10.678125 0.02812455911473072
10.68125 0.02784524722598003
10.684375 0.027568505057805004
10.6875 0.027294352343735118
10.690625 0.027022808569794
10.69375 0.026753891269263474
10.696875 0.026487618109948652
10.7 0.026224004519476762
10.703125 0.02596306549634425
10.70625 0.0257048149625535
10.709375 0.025449265613170735
10.7125 0.025196429278561083
10.715625 0.024946316451261108
10.71875 0.02469893721103733
10.721875 0.024454300098879833
10.725 0.024212412867546662
10.728125 0.02397328239194957
10.73125 0.02373691420780072
10.734375 0.02350331329506572
10.7375 0.023272483616134154
10.740625 0.02304442806454965
10.74375 0.022819148483481044
10.746875 0.02259664576281828
10.75 0.022376920514374288
10.753125 0.02215997134176101
10.75625 0.02194579682342379
10.759375 0.02173439430852342
10.7625 0.021525760320584897
10.765625 0.021319890579840683
10.76875 0.021116779619352544
10.771875 0.02091642102158231
10.775 0.020718808684746792
10.778125 0.020523933964416985
10.78125 0.020331788414443996
10.784375 0.020142362432333027
10.7875 0.01995564570222086
10.790625 0.01977162745170835
10.79375 0.019590295096308885
10.796875 0.019411636087077633
10.8 0.019235637282236817
10.803125 0.019062283880548925
10.80625 0.01889156102822037
10.809375 0.01872345255120772
10.8125 0.01855794231476454
10.815625 0.018395012914901088
10.81875 0.018234646194598247
10.821875 0.018076823100912465
10.825 0.017921524993048443
10.828125 0.017768730755692352
10.83125 0.017618420586777206
10.834375 0.01747057216282688
10.8375 0.01732516386117272
10.840625 0.017182172608395996
10.84375 0.017041575185892666
10.846875 0.01690334763847362
10.85 0.016767465289491135
10.853125 0.016633902799503664
10.85625 0.016502634604220412
10.859375 0.016373634527393044
10.8625 0.016246875096361857
10.865625 0.01612233025081694
10.86875 0.01599997057456709
10.871875 0.01587976856106843
10.875 0.015761695104026974
10.878125 0.015645720983859968
10.88125 0.015531816195994308
10.884375 0.015419951016869826
10.8875 0.015310094314062161
10.890625 0.01520221539931832
10.89375 0.015096282742069644
10.896875 0.014992264819129075
10.9 0.014890129362464533
10.903125 0.01478984379891235
10.90625 0.014691375495802628
10.909375 0.014594691766783019
10.9125 0.014499759133624834
10.915625 0.01440654368915989
10.91875 0.014315012480807576
10.921875 0.014225130958003984
10.925 0.0141368648822085
10.928125 0.014050180292843828
10.93125 0.013965042362110047
10.934375 0.01388141686039529
10.9375 0.013799268811054533
10.940625 0.013718563090779567
10.94375 0.01363926533060078
10.946875 0.013561340500596708
10.95 0.013484753259256299
10.953125 0.013409468756042875
10.95625 0.013335452137565762
10.959375 0.013262668155390345
10.9625 0.013191082107494811
10.965625 0.013120659040702476
10.96875 0.013051363953891781
10.971875 0.0129831624306192
10.975 0.012916019924837707
10.978125 0.012849902000214797
10.98125 0.012784773945427708
10.984375 0.01272060262694219
10.9875 0.012657353013622197
10.990625 0.012594992268038563
10.99375 0.012533486506084934
10.996875 0.012472802906158154
11.0 0.012412908481839624
11.003125 0.012353770142953746
11.00625 0.012295356386787692
11.009375 0.012237634608554426
11.0125 0.01218057334817968
11.015625 0.012124141167588975
11.01875 0.012068307225041597
11.021875 0.012013041027774007
11.025 0.011958312502204638
11.028125 0.011904091645410897
11.03125 0.011850349184084619
11.034375 0.011797056654776983
11.0375 0.011744185059231804
11.040625 0.011691706934256196
11.04375 0.011639594483564109
11.046875 0.01158782086314819
11.05 0.011536359401340013
11.053125 0.011485184820958949
11.05625 0.011434270832710591
11.059375 0.011383593014182958
11.0625 0.011333126543798144
11.065625 0.011282848534156176
11.06875 0.011232734775155573
11.071875 0.01118276306481003
11.075 0.01113291107331349
11.078125 0.011083157303746927
11.08125 0.011033480880493052
11.084375 0.010983861511437654
11.0875 0.010934279381824563
11.090625 0.010884715108964271
11.09375 0.010835150304647378
11.096875 0.010785567049108102
11.1 0.010735948023427255
11.2 0.009057292068422595
11.4 0.0051589095537490914
11.6 0.002206510392882388
11.8 0.0011515636565475607
12.0 0.0011670835846894767
12.2 0.0012929340791528188
12.4 0.001163058734571898
12.6 0.000865004083635712
12.8 0.0005864542983062826
13.0 0.0004062346006891704
