x y
0.44667715203767044 -0.021875000000000002
0.42812500000000003 -0.03125420392764324
0.40937500000000004 -0.040221188540283365
0.3954580721152638 -0.046875
0.37812500000000004 -0.05537754857869201
0.359375 -0.06465595847381517
0.34587797129829523 -0.07187500000000001
0.3286831798237326 -0.084375
0.3257299755946332 -0.10312500000000001
0.340080178114246 -0.115625
0.353125 -0.12266107444234943
0.371875 -0.13060484118058885
0.390625 -0.13698183996771748
0.40937500000000004 -0.142084859189107
0.4336991533706536 -0.146875
0.453125 -0.14927565594964734
0.478125 -0.15003185731177357
0.503125 -0.14759420688467048
0.521875 -0.14305025279976757
0.540625 -0.13455521623183297
0.553125 -0.1247098975906743
0.5627897669648877 -0.109375
0.5633743208734019 -0.084375
0.554649666652086 -0.065625
0.545291065131357 -0.053125000000000006
0.5339551743023068 -0.040625
0.521875 -0.02790844619751006
0.509375 -0.014131519153296992
0.49998778897481116 0.003125
0.5117051110622557 0.015625
0.5221977325956099 0.028125
0.534375 0.041276293600233716
0.546875 0.055560919954379596
0.5583114347064579 0.07187500000000001
0.5646022676606728 0.09062500000000001
0.5599207132791444 0.115625
0.5495207954948618 0.12812500000000002
0.534375 0.13800542360062273
0.515625 0.14490529348328063
0.496875 0.14856824085347167
0.47187500000000004 0.1501040762005584
0.446875 0.1486663228769867
0.42812500000000003 0.14597590068386584
0.40360976908323276 0.140625
0.384375 0.13501018190407546
0.36562500000000003 0.12819596215094908
0.35140623606350496 0.12187500000000001
0.33437500000000003 0.11149613802126149
0.32330279841672493 0.096875
0.33437500000000003 0.07965321426821506
0.34687500000000004 0.07138564645762796
0.36562500000000003 0.06154362847050341
0.3824943794515066 0.053125000000000006
0.39687500000000003 0.04626123619338865
0.415625 0.03725499766744326
0.434375 0.028269575764034324
0.446875 0.021822787954048985
0.46627309558571645 0.015625
0.446875 0.015140797271088708
0.421875 0.015005200895036555
0.39687500000000003 0.014899642974991165
0.371875 0.014875314058060706
0.34687500000000004 0.014864299233639399
0.321875 0.01483922611693503
0.296875 0.014846549783029201
0.27187500000000003 0.014872466572778905
0.246875 0.014856556522017911
0.22187500000000002 0.014849762054414583
0.19687500000000002 0.014877071239977993
0.171875 0.014886944170996775
0.146875 0.014889645750457538
0.12187500000000001 0.014930176323791719
0.096875 0.014959351948087493
0.07187500000000001 0.014950922843824908
0.046875 0.014972805072873838
0.021875000000000002 0.015010913686102523
-0.003125 0.015024971585098131
-0.028125 0.015049230309806778
-0.053125000000000006 0.015105189157822042
-0.078125 0.015129870470231822
-0.10312500000000001 0.015137752520811697
-0.12812500000000002 0.015181167718522248
-0.153125 0.015223732232671192
-0.178125 0.015250602438783286
-0.203125 0.015301945966755411
-0.22812500000000002 0.015367609695877516
-0.253125 0.015402641789122762
-0.278125 0.015450621991111801
-0.30312500000000003 0.01553155542007638
-0.328125 0.015616492919111276
-0.31562500000000004 0.01649147001023678
-0.290625 0.018844414488587
-0.265625 0.02109851401509514
-0.246875 0.024247397781251307
-0.22812500000000002 0.02926707836618228
-0.203125 0.03426769277776352
-0.184375 0.03855040208150395
-0.16562500000000002 0.04338819033488386
-0.146875 0.04912172475329657
-0.12812500000000002 0.05725169710674764
-0.12187500000000001 0.06797884594565685
-0.140625 0.07687098402493212
-0.15937500000000002 0.08066792179816029
-0.184375 0.08413210892374401
-0.203125 0.0860648853475192
-0.22812500000000002 0.0880981242886612
-0.253125 0.08957343758459993
-0.278125 0.09046773097569658
-0.296875 0.09069650551835118
-0.31562500000000004 0.09044697467915695
-0.340625 0.08926493373975762
-0.36562500000000003 0.08686856963906057
-0.384375 0.08395202185051205
-0.40937500000000004 0.07866005406876764
-0.42812500000000003 0.07330401828853256
-0.446875 0.06586467694056516
-0.45984757519624203 0.059375000000000004
-0.478125 0.047878491061908016
-0.49062500000000003 0.03675545465025846
-0.49910707056890313 0.021875000000000002
-0.49996562895918895 -0.003125
-0.496875 -0.027196151780103248
-0.485989966519232 -0.040625
-0.47187500000000004 -0.052366466263294276
-0.45937500000000003 -0.059767576163548476
-0.44062500000000004 -0.06885939198714544
-0.421875 -0.07539009352062313
-0.403125 -0.08033351212894017
-0.3814497001862668 -0.084375
-0.359375 -0.08760669933543955
-0.33437500000000003 -0.08966132163133925
-0.309375 -0.09058438690472054
-0.290625 -0.09066743093864751
-0.27187500000000003 -0.09030356047796602
-0.246875 -0.08925659444666317
-0.22187500000000002 -0.08764340296082664
-0.19687500000000002 -0.08546377974663251
-0.178125 -0.08337393922869472
-0.153125 -0.07960111958665986
-0.134375 -0.07497917008093664
-0.11990002732498738 -0.065625
-0.134375 -0.0537572609154556
-0.15286069535545144 -0.046875
-0.171875 -0.041628415536269385
-0.19062500000000002 -0.03713949512004191
-0.209375 -0.03300523136494231
-0.234375 -0.02816651687785832
-0.253125 -0.022533173874377286
-0.27187500000000003 -0.02029585416291252
-0.296875 -0.01838682129342713
-0.321875 -0.016460221105487994
-0.321875 -0.015585052205833373
-0.296875 -0.015511382630002058
-0.27187500000000003 -0.015462588492279123
-0.246875 -0.01538938571805697
-0.22187500000000002 -0.015327560056216084
-0.19687500000000002 -0.015293567201102547
-0.171875 -0.015248248667531383
-0.146875 -0.015199382977441899
-0.12187500000000001 -0.015184892208023038
-0.096875 -0.015160375826825388
-0.07187500000000001 -0.015102489023380445
-0.046875 -0.015072311982165782
-0.021875000000000002 -0.015056432099163339
0.003125 -0.01501725304730258
0.028125 -0.014989474139872432
0.053125000000000006 -0.014995152280862853
0.078125 -0.01496711331259905
0.10312500000000001 -0.014921313619406594
0.12812500000000002 -0.014913339036952942
0.153125 -0.014902519215882155
0.178125 -0.01487118867968553
0.203125 -0.014869814858913458
0.22812500000000002 -0.014883715102700862
0.253125 -0.014854833167240214
0.278125 -0.01483642353073231
0.30312500000000003 -0.01485165606144011
0.328125 -0.014850974656068387
0.353125 -0.014849180057047362
0.37812500000000004 -0.014895767321672625
0.403125 -0.014947902071406227
0.42812500000000003 -0.015001507528989214
0.453125 -0.01532005917162805
0.465625 -0.01639918137381157
0.44667715203767044 -0.021875000000000002
0.44667715203767044 -0.021875000000000002

-0.22812500000000002 0.006357486771577523
-0.253125 0.006381025716973144
-0.278125 0.006388985710661548
-0.30312500000000003 0.006334332085216956
-0.328125 0.006326673981522722
-0.353125 0.006335906890962857
-0.37812500000000004 0.006268755046913762
-0.403125 0.0062164395699323164
-0.42812500000000003 0.006264139149108136
-0.453125 0.006303878842406994
-0.4761332371621602 0.003125
-0.45937500000000003 -0.0048732938981013415
-0.434375 -0.0062767480697074355
-0.40937500000000004 -0.006263242676966057
-0.384375 -0.006293772586303351
-0.359375 -0.006266765983677465
-0.33437500000000003 -0.006312088233838982
-0.309375 -0.0063701053335235925
-0.284375 -0.006354493626568062
-0.259375 -0.006366785820483192
-0.234375 -0.0064184292801786275
-0.209375 -0.00640220593161717
-0.184375 -0.006383481211257726
-0.15937500000000002 -0.006445401510004493
-0.134375 -0.006469815655715626
-0.109375 -0.006444299244015482
-0.084375 -0.006477894350597599
-0.059375000000000004 -0.006511180961970441
-0.034375 -0.006469701355708202
-0.009375000000000001 -0.006475724332756377
0.015625 -0.006540106742428184
0.040625 -0.006532993282263948
0.065625 -0.006513786319497889
0.09062500000000001 -0.006557958114898569
0.115625 -0.006560921860417926
0.140625 -0.006514097888543959
0.16562500000000002 -0.006544514765551969
0.19062500000000002 -0.006586285789105257
0.215625 -0.006554493075043606
0.240625 -0.006551641888424612
0.265625 -0.00658667151413383
0.290625 -0.006551094546509711
0.31562500000000004 -0.006512593934864738
0.340625 -0.006553340075972042
0.36562500000000003 -0.00655168532855074
0.390625 -0.00649513309599904
0.415625 -0.00649698873303208
0.44062500000000004 -0.006405994852002861
0.465625 -0.006995358984606893
0.484375 -0.012023109564318098
0.48473598967713294 0.009375000000000001
0.47187500000000004 0.006014388458704389
0.446875 0.006473854110668998
0.421875 0.00644662769243811
0.39687500000000003 0.006536342707175442
0.371875 0.0065282529738565735
0.34687500000000004 0.00652493339443583
0.321875 0.006572918598384246
0.296875 0.0065611991532853525
0.27187500000000003 0.006520362461696477
0.246875 0.006561032231929021
0.22187500000000002 0.006586459305119545
0.19687500000000002 0.006547086392351981
0.171875 0.006553889864156029
0.146875 0.006580229586751444
0.12187500000000001 0.006530887819873963
0.096875 0.006505795500944893
0.07187500000000001 0.00655322688101245
0.046875 0.006541832544854988
0.021875000000000002 0.006498437785688038
-0.003125 0.006520531111759294
-0.028125 0.006520385897173302
-0.053125000000000006 0.006454387170584203
-0.078125 0.006454872403388807
-0.10312500000000001 0.006491583397775769
-0.12812500000000002 0.006452642121187408
-0.153125 0.006423832097756135
-0.178125 0.006448469393786053
-0.203125 0.00641584118202898
-0.22812500000000002 0.006357486771577523
-0.22812500000000002 0.006357486771577523

-0.48965565682321116 0.003125
-0.484375 -0.01762266281603491
-0.47843254097552207 0.003125
-0.48486408530140224 0.015625
-0.48965565682321116 0.003125

0.4082445624744528 0.046875
0.390625 0.05811257977386628
0.37812500000000004 0.06687654307454817
0.3651898912463744 0.078125
0.3583418273674462 0.096875
0.3667311204952922 0.109375
0.384375 0.12088952263239952
0.40083061205092385 0.12812500000000002
0.42045567554665814 0.134375
0.44062500000000004 0.13882528074599676
0.45937500000000003 0.1411773644063149
0.484375 0.14156333060570164
0.503125 0.13935163808849652
0.521875 0.13415610696009764
0.540625 0.12414036292874883
0.553125 0.11058382566653593
0.5588276243745356 0.09062500000000001
0.553125 0.06867934839214587
0.5436597290170477 0.053125000000000006
0.5331919787422286 0.040625
0.5217892613050014 0.028125
0.509375 0.014212227723539764
0.4999744985269497 -0.003125
0.5115841717330174 -0.015625
0.521875 -0.028282912879666115
0.534375 -0.04245633021831714
0.546875 -0.058067557425162335
0.5549066224089171 -0.07187500000000001
0.5583007305669774 -0.096875
0.5495757595522024 -0.115625
0.5345844559426594 -0.12812500000000002
0.5212350522776746 -0.134375
0.496875 -0.1403320385085933
0.478125 -0.14180719415087392
0.45381183289403093 -0.140625
0.434375 -0.1376691752121527
0.415625 -0.13303515565937815
0.39687500000000003 -0.126556419806823
0.37812500000000004 -0.11743102942826764
0.36562500000000003 -0.10815192808022929
0.3581605359739351 -0.09062500000000001
0.36562500000000003 -0.07773662778257033
0.3795572162911567 -0.065625
0.39687500000000003 -0.05404249814724297
0.40937500000000004 -0.04626555656736153
0.42812500000000003 -0.035240498990555785
0.4406979964797323 -0.028125
0.45937500000000003 -0.017320756632570537
0.45937500000000003 -0.015470307711919033
0.434375 -0.014901169004788746
0.40937500000000004 -0.014774435773566354
0.384375 -0.014724472531913889
0.359375 -0.014726692475846462
0.33437500000000003 -0.014697444393626224
0.309375 -0.014667741733182534
0.284375 -0.014683737628875263
0.259375 -0.014690587033756971
0.234375 -0.01468216016028404
0.209375 -0.014712563751611405
0.184375 -0.014746244400453398
0.15937500000000002 -0.014734892863846338
0.134375 -0.014746475928439452
0.109375 -0.014785836621525633
0.084375 -0.014800516490959034
0.059375000000000004 -0.014817091497683349
0.034375 -0.014873436009284195
0.009375000000000001 -0.014904910237927458
-0.015625 -0.014905872453582998
-0.040625 -0.01494474921273246
-0.065625 -0.014990916873900034
-0.09062500000000001 -0.015013726377756617
-0.115625 -0.015055922717441585
-0.140625 -0.015122720727366541
-0.16562500000000002 -0.015153532916235286
-0.19062500000000002 -0.01518131793323851
-0.215625 -0.015243784935976135
-0.240625 -0.015300907539506234
-0.265625 -0.015351935480392907
-0.290625 -0.015436666111449901
-0.31562500000000004 -0.015533595118121427
-0.340625 -0.01561938829587216
-0.328125 -0.016869978689886607
-0.30312500000000003 -0.019242009538669468
-0.278125 -0.02174507361476706
-0.259375 -0.026831769670217904
-0.240625 -0.031350919284421776
-0.22187500000000002 -0.03577742461505519
-0.203125 -0.040840944945208596
-0.184375 -0.047451184363471365
-0.16689368225797907 -0.059375000000000004
-0.18342473387002212 -0.07187500000000001
-0.203125 -0.07619834373505595
-0.22187500000000002 -0.07912559885238415
-0.246875 -0.08195453035728009
-0.27187500000000003 -0.0839732460591116
-0.290625 -0.08506753068357686
-0.31562500000000004 -0.08581688167357371
-0.340625 -0.08548679061859804
-0.359375 -0.08433595086936266
-0.384375 -0.08170718539611742
-0.4036718611445081 -0.078125
-0.4280487829563422 -0.07187500000000001
-0.44531684534406185 -0.065625
-0.45937500000000003 -0.05920185776971153
-0.478125 -0.047589464013864574
-0.49062500000000003 -0.03666939522844846
-0.49910116619206785 -0.021875000000000002
-0.4999656551694997 0.003125
-0.496875 0.0271824318742728
-0.4858872092433789 0.040625
-0.47187500000000004 0.05213633615141752
-0.4588755624401626 0.059375000000000004
-0.44062500000000004 0.067887825836198
-0.421875 0.07397015308816858
-0.403125 0.07827175774705253
-0.37812500000000004 0.08252327243226285
-0.35876737946141596 0.084375
-0.33437500000000003 0.08568605702708716
-0.309375 0.08572063219049617
-0.284375 0.08473988412867829
-0.265625 0.08353785015470605
-0.240625 0.08132930272445897
-0.215625 0.07826909461183512
-0.19687500000000002 0.07498023580412361
-0.178125 0.06979225147427878
-0.171875 0.05425104365407892
-0.18543202822292862 0.046875
-0.2037090506921059 0.040625
-0.22695489675661032 0.034375
-0.246875 0.029954268202717856
-0.265625 0.024921012524001075
-0.284375 0.021082257322055407
-0.309375 0.01874109205598392
-0.33437500000000003 0.016152969719880752
-0.33437500000000003 0.015599015166998733
-0.309375 0.015485118850992071
-0.284375 0.015413835145196763
-0.259375 0.015345831639944341
-0.234375 0.01527383956928742
-0.209375 0.015235189566474471
-0.184375 0.015201232921607992
-0.15937500000000002 0.015132167314985873
-0.134375 0.015082662365062526
-0.109375 0.01505595406011817
-0.084375 0.015008680514273582
-0.059375000000000004 0.014964223135612983
-0.034375 0.014958205587353878
-0.009375000000000001 0.01492779993392182
0.015625 0.01486772504956909
0.040625 0.014845078930107013
0.065625 0.014829019973380042
0.09062500000000001 0.01478703048049613
0.115625 0.014767801624550209
0.140625 0.014776885313812032
0.16562500000000002 0.014742878908071116
0.19062500000000002 0.014704277511373685
0.215625 0.014706014311715657
0.240625 0.014695887843764664
0.265625 0.014671079697142209
0.290625 0.014687648701115903
0.31562500000000004 0.014708106375442339
0.340625 0.014687418436861072
0.36562500000000003 0.014697778125068235
0.390625 0.014747361955389929
0.415625 0.014797408501113034
0.44062500000000004 0.014981242829514244
0.465625 0.015260558492999884
0.453125 0.0207294432325981
0.44062500000000004 0.02817651528320662
0.421875 0.038864063788978144
0.4082445624744528 0.046875
0.4082445624744528 0.046875

-0.22812500000000002 0.00639631823125199
-0.253125 0.006416520619175288
-0.278125 0.006421094401245785
-0.30312500000000003 0.006363010719149709
-0.328125 0.006351841919333802
-0.353125 0.006357514569648089
-0.37812500000000004 0.006286769247143635
-0.403125 0.006230797281840467
-0.42812500000000003 0.006274813046954795
-0.453125 0.0063105158221252455
-0.47613992538294614 0.003125
-0.45937500000000003 -0.0048793376745479376
-0.434375 -0.006286408291164979
-0.40937500000000004 -0.0062766908950375976
-0.384375 -0.006310873768763136
-0.359375 -0.006287485127897561
-0.33437500000000003 -0.006336370233694344
-0.309375 -0.006397890486480065
-0.284375 -0.006385752544248053
-0.259375 -0.0064014586437949
-0.234375 -0.006456428024203808
-0.209375 -0.006443486202152041
-0.184375 -0.0064279866294648
-0.15937500000000002 -0.006493045176091909
-0.134375 -0.006520528958806965
-0.109375 -0.00649804423575394
-0.084375 -0.006534541928709206
-0.059375000000000004 -0.006570626353225306
-0.034375 -0.00653188629958824
-0.009375000000000001 -0.0065405445033337745
0.015625 -0.006607427075145228
0.040625 -0.006602737722559289
0.065625 -0.006585857853125847
0.09062500000000001 -0.006632146108211124
0.115625 -0.0066371043105152155
0.140625 -0.006592156869980005
0.16562500000000002 -0.006624260433035668
0.19062500000000002 -0.006667518931704876
0.215625 -0.006637083517881262
0.240625 -0.006635342151141669
0.265625 -0.00667116998255516
0.290625 -0.006636167435692573
0.31562500000000004 -0.0065979344721947665
0.340625 -0.006638526434915553
0.36562500000000003 -0.006636268920545621
0.390625 -0.006578572716052894
0.415625 -0.0065783251787060164
0.44062500000000004 -0.0064837775313397565
0.465625 -0.007066161631773503
0.484375 -0.012248770418308769
0.4847667539461644 0.009375000000000001
0.47187500000000004 0.006079973758748334
0.446875 0.006550496806899829
0.421875 0.006527232002411506
0.39687500000000003 0.006619289851077337
0.371875 0.006612636645353208
0.34687500000000004 0.006610067566086162
0.321875 0.006658230577215426
0.296875 0.00664636026506373
0.27187500000000003 0.006605049508620689
0.246875 0.00664491990954073
0.22187500000000002 0.006669312361258218
0.19687500000000002 0.006628728321425014
0.171875 0.00663404562336386
0.146875 0.006658698445460043
0.12187500000000001 0.006607562386927814
0.096875 0.006580499250450656
0.07187500000000001 0.006625795120572491
0.046875 0.006612167168387685
0.021875000000000002 0.00656642681557846
-0.003125 0.006585983864482206
-0.028125 0.006583224132106578
-0.053125000000000006 0.006514539372600507
-0.078125 0.00651221769893308
-0.10312500000000001 0.006546030278285403
-0.12812500000000002 0.006504138821542542
-0.153125 0.006472278435555532
-0.178125 0.006493754977447029
-0.203125 0.00645793264929479
-0.22812500000000002 0.00639631823125199
-0.22812500000000002 0.00639631823125199

-0.4896565745168317 0.003125
-0.484375 -0.017634167885440137
-0.47843150827127334 0.003125
-0.4848669021555488 0.015625
-0.4896565745168317 0.003125

0.4093562177215541 0.053125000000000006
0.421875 0.04388192166197738
0.4354405425114845 0.034375
0.453125 0.022594134833406342
0.4675449092066138 0.015625
0.446875 0.014836154715606256
0.421875 0.01469525502033741
0.39687500000000003 0.014576776698028787
0.371875 0.014549231908616962
0.34687500000000004 0.014536358165676753
0.321875 0.014506499207182912
0.296875 0.014515351316572299
0.27187500000000003 0.014546285610491209
0.246875 0.01452973327155501
0.22187500000000002 0.014524430049274355
0.19687500000000002 0.014559381400575395
0.171875 0.014573724162941153
0.146875 0.014579975978536892
0.12187500000000001 0.01463065175333989
0.096875 0.014668559131319411
0.07187500000000001 0.014664128060802684
0.046875 0.014694869145228606
0.021875000000000002 0.014744498239109723
-0.003125 0.014765864754700108
-0.028125 0.014799418177988275
-0.053125000000000006 0.014869154109053258
-0.078125 0.014903842848481709
-0.10312500000000001 0.0149201191079603
-0.12812500000000002 0.01497653947543117
-0.153125 0.01503170679269079
-0.178125 0.015068762491348477
-0.203125 0.015133334636649808
-0.22812500000000002 0.015213375553963286
-0.253125 0.015259721018542078
-0.278125 0.015319959343370344
-0.30312500000000003 0.015415421988786052
-0.328125 0.015513429464163
-0.3510190051784169 0.015625
-0.328125 0.0179390206760588
-0.30312500000000003 0.02062910193070951
-0.284375 0.024024958567514465
-0.265625 0.029547573598003512
-0.24594416448939163 0.034375
-0.22544488027220969 0.040625
-0.209375 0.047664588205223554
-0.203125 0.062465791303124206
-0.22187500000000002 0.0702039566141893
-0.240625 0.07404672930132507
-0.265625 0.0774697861318572
-0.284375 0.07937739342548854
-0.309375 0.08118893707940926
-0.33437500000000003 0.08199275386131338
-0.359375 0.08153648773195885
-0.384375 0.07946254676538585
-0.403125 0.0766945970557559
-0.4238644431709054 0.07187500000000001
-0.44330227797759847 0.065625
-0.45937500000000003 0.058821898405971046
-0.478125 0.047300826625434736
-0.49062500000000003 0.036583669066484824
-0.4990954731405654 0.021875000000000002
-0.499965250859352 -0.003125
-0.496875 -0.027168502486371333
-0.4857842010503391 -0.040625
-0.47187500000000004 -0.051905992583827006
-0.45777835252202737 -0.059375000000000004
-0.44062500000000004 -0.06691599127521719
-0.421875 -0.07254996584666004
-0.39687500000000003 -0.07766574187519651
-0.37812500000000004 -0.08016655799613437
-0.353125 -0.08178460270992637
-0.328125 -0.0818987753896357
-0.30312500000000003 -0.08082285224638573
-0.278125 -0.07878480438192104
-0.259375 -0.0767339488984979
-0.234375 -0.07296530120044283
-0.215625 -0.06841268269789305
-0.19960325783949434 -0.059375000000000004
-0.21039974165385253 -0.046875
-0.22812500000000002 -0.039829717057173475
-0.246875 -0.03414790756093841
-0.2712238258438058 -0.028125
-0.290625 -0.022104468233489837
-0.309375 -0.020011135777748663
-0.33437500000000003 -0.017163034024162784
-0.34687500000000004 -0.015607487553080744
-0.321875 -0.015477901273552953
-0.296875 -0.015391296898052966
-0.27187500000000003 -0.01533078187594191
-0.246875 -0.015243256509180644
-0.22187500000000002 -0.01516757902631827
-0.19687500000000002 -0.015122674192640085
-0.171875 -0.015064638982779403
-0.146875 -0.015002169518984806
-0.12187500000000001 -0.014978197575633748
-0.096875 -0.014943396911163675
-0.07187500000000001 -0.014871396039079159
-0.046875 -0.014830742512670955
-0.021875000000000002 -0.014806866482650408
0.003125 -0.014755733583808725
0.028125 -0.014717769936306397
0.053125000000000006 -0.014718381019841721
0.078125 -0.014681207299003837
0.10312500000000001 -0.014623956253731293
0.12812500000000002 -0.014610838324878413
0.153125 -0.014594759169836307
0.178125 -0.01455441705502502
0.203125 -0.014549365493920068
0.22812500000000002 -0.014562586612546495
0.253125 -0.014527264192268036
0.278125 -0.014504528044196115
0.30312500000000003 -0.014521968111879585
0.328125 -0.014520702227237853
0.353125 -0.014518169171476126
0.37812500000000004 -0.01457219950961072
0.403125 -0.014632005155001945
0.42812500000000003 -0.014689861555363287
0.453125 -0.015014283036780963
0.465625 -0.01791873369760556
0.446875 -0.027086769351553065
0.434375 -0.03521318149424944
0.41744556907426833 -0.046875
0.403125 -0.05828711587162691
0.390625 -0.07029371868712342
0.3816558487492271 -0.084375
0.38564190427542033 -0.10312500000000001
0.40089216272907413 -0.115625
0.415625 -0.12275441062425033
0.434375 -0.12895073245214325
0.45937500000000003 -0.13359641750644322
0.478125 -0.1345596573015584
0.496875 -0.1332169945202403
0.5173788677818156 -0.12812500000000002
0.534375 -0.11960977213982217
0.546875 -0.10729648667685225
0.5535040372293937 -0.09062500000000001
0.5517191852783532 -0.07187500000000001
0.5420296299129049 -0.053125000000000006
0.5324302944568184 -0.040625
0.5215118321058683 -0.028125
0.509375 -0.014289140763501285
0.49995817997130576 0.003125
0.5114589121556422 0.015625
0.521875 0.028803630290750483
0.534375 0.04363840332903192
0.5459910765994568 0.059375000000000004
0.553125 0.07783866068908463
0.553125 0.09242557413732648
0.5453493768990201 0.109375
0.5307392466164584 0.12187500000000001
0.515625 0.1287922477685672
0.49062500000000003 0.1339372498963867
0.47187500000000004 0.13447060172821246
0.453125 0.13280160721157108
0.4314229481720096 0.12812500000000002
0.4134748405469767 0.12187500000000001
0.39687500000000003 0.11296366725609176
0.384375 0.10095124133332427
0.384375 0.07864893228441144
0.39481141099487466 0.065625
0.4093562177215541 0.053125000000000006
0.4093562177215541 0.053125000000000006

-0.22812500000000002 0.006435149690926456
-0.253125 0.006452015521377433
-0.278125 0.006453203091830022
-0.30312500000000003 0.006391689353082464
-0.328125 0.006377009857144885
-0.353125 0.006379122248333324
-0.37812500000000004 0.006304783447373508
-0.403125 0.006245154993748617
-0.42812500000000003 0.006285486944801453
-0.453125 0.006317152801843497
-0.47614661360373206 0.003125
-0.45937500000000003 -0.004885381450994533
-0.434375 -0.006296068512622522
-0.40937500000000004 -0.0062901391131091385
-0.384375 -0.006327974951222922
-0.359375 -0.006308204272117659
-0.33437500000000003 -0.006360652233549707
-0.309375 -0.006425675639436539
-0.284375 -0.006417011461928043
-0.259375 -0.006436131467106608
-0.234375 -0.006494426768228989
-0.209375 -0.006484766472686912
-0.184375 -0.006472492047671875
-0.15937500000000002 -0.006540688842179324
-0.134375 -0.006571242261898303
-0.109375 -0.0065517892274924
-0.084375 -0.0065911895068208135
-0.059375000000000004 -0.0066300717444801715
-0.034375 -0.0065940712434682785
-0.009375000000000001 -0.0066053646739111715
0.015625 -0.00667474740786227
0.040625 -0.0066724821628546295
0.065625 -0.006657929386753806
0.09062500000000001 -0.006706334101523681
0.115625 -0.006713286760612504
0.140625 -0.006670215851416051
0.16562500000000002 -0.0067040061005193665
0.19062500000000002 -0.006748752074304495
0.215625 -0.006719673960718922
0.240625 -0.0067190424138587265
0.265625 -0.006755668450976491
0.290625 -0.0067212403248754354
0.31562500000000004 -0.006683275009524796
0.340625 -0.006723712793859063
0.36562500000000003 -0.006720852512540504
0.390625 -0.006662012336106747
0.415625 -0.006659661624379952
0.44062500000000004 -0.006561560210676651
0.465625 -0.007136964278940113
0.484375 -0.012474431272299438
0.48479751821519584 0.009375000000000001
0.47187500000000004 0.0061455590587922776
0.446875 0.00662713950313066
0.421875 0.0066078363123849015
0.39687500000000003 0.006702236994979231
0.371875 0.006697020316849844
0.34687500000000004 0.006695201737736495
0.321875 0.006743542556046607
0.296875 0.0067315213768421095
0.27187500000000003 0.0066897365555449
0.246875 0.006728807587152439
0.22187500000000002 0.006752165417396892
0.19687500000000002 0.006710370250498048
0.171875 0.00671420138257169
0.146875 0.006737167304168642
0.12187500000000001 0.006684236953981664
0.096875 0.006655202999956419
0.07187500000000001 0.00669836336013253
0.046875 0.006682501791920382
0.021875000000000002 0.006634415845468882
-0.003125 0.006651436617205119
-0.028125 0.006646062367039852
-0.053125000000000006 0.006574691574616811
-0.078125 0.006569562994477352
-0.10312500000000001 0.006600477158795035
-0.12812500000000002 0.006555635521897677
-0.153125 0.006520724773354929
-0.178125 0.006539040561108003
-0.203125 0.0065000241165606
-0.22812500000000002 0.006435149690926456
-0.22812500000000002 0.006435149690926456

-0.48965749221045224 0.003125
-0.484375 -0.017645672954845367
-0.47843047556702467 0.003125
-0.48486971900969533 0.015625
-0.48965749221045224 0.003125

0.5287957877439299 0.115625
0.5424375346147621 0.10312500000000001
0.549657471706747 0.084375
0.5467901776249314 0.065625
0.5363577343888838 0.046875
0.5265605714500461 0.034375
0.515625 0.021657758323706817
0.503125 0.007236224874234665
0.5071151979680001 -0.009375000000000001
0.5159588270144985 -0.021875000000000002
0.5281250000000001 -0.03694702886715985
0.5404446617254232 -0.053125000000000006
0.546875 -0.06597857699562223
0.5485143806902029 -0.09062500000000001
0.540625 -0.10545713351223873
0.5281250000000001 -0.11607700834545327
0.509375 -0.12419564329991475
0.484375 -0.12798012688276456
0.45937500000000003 -0.12666298045487964
0.43835897103165006 -0.12187500000000001
0.421875 -0.11533996316978713
0.4044661067536835 -0.10312500000000001
0.39736511181299666 -0.084375
0.40620769648681604 -0.065625
0.4177212618424692 -0.053125000000000006
0.43203443180963536 -0.040625
0.446875 -0.029669708131752993
0.45937500000000003 -0.02030588185661961
0.45937500000000003 -0.015197995139320472
0.434375 -0.014593835109182465
0.40937500000000004 -0.01445625748909823
0.384375 -0.014399607288037868
0.359375 -0.014401758610382415
0.33437500000000003 -0.014368090793632814
0.309375 -0.014334510731104956
0.284375 -0.014354174190435137
0.259375 -0.014363290086013046
0.234375 -0.014354804799950915
0.209375 -0.014391838589463305
0.184375 -0.014432975348842438
0.15937500000000002 -0.014423469286488967
0.134375 -0.014440670292323283
0.109375 -0.014490113040158894
0.084375 -0.014510759160678108
0.059375000000000004 -0.01453396144105228
0.034375 -0.01460278504493067
0.009375000000000001 -0.014643717044570629
-0.015625 -0.014650839968544273
-0.040625 -0.01470102668371576
-0.065625 -0.014759446676787852
-0.09062500000000001 -0.014790969431804192
-0.115625 -0.014844698687266083
-0.140625 -0.014925797638528042
-0.16562500000000002 -0.01496720044647881
-0.19062500000000002 -0.015005489784882439
-0.215625 -0.015082006810911572
-0.240625 -0.015151958847113425
-0.265625 -0.015214595327137481
-0.290625 -0.01531363206753221
-0.31562500000000004 -0.015424789847123367
-0.340625 -0.015522712424645707
-0.353125 -0.01625210578962441
-0.328125 -0.019007582135663253
-0.30423680064801417 -0.021875000000000002
-0.28458853794288663 -0.028125
-0.265625 -0.03317352926634584
-0.246875 -0.03933345894261829
-0.23042794905280445 -0.046875
-0.22812500000000002 -0.060598206023191006
-0.246875 -0.06786050617204645
-0.2667994434789471 -0.07187500000000001
-0.290625 -0.07509958712911045
-0.31562500000000004 -0.07738704185756459
-0.33437500000000003 -0.07843817496807849
-0.359375 -0.07873685386506676
-0.37812500000000004 -0.07785687508924351
-0.403125 -0.0751544768080312
-0.421875 -0.07134623174116149
-0.4412870714870089 -0.065625
-0.45937500000000003 -0.05844173222652813
-0.478125 -0.047011788281034375
-0.49062500000000003 -0.03649760517695713
-0.4990895686550411 -0.021875000000000002
-0.49996527707983873 0.003125
-0.496875 0.027154783606300442
-0.48568144590647877 0.040625
-0.47187500000000004 0.0516758693778752
-0.45668170603310204 0.059375000000000004
-0.44062500000000004 0.06594444061133847
-0.4190513178219082 0.07187500000000001
-0.39687500000000003 0.07603499308858458
-0.37357011350842334 0.078125
-0.353125 0.07880987101815887
-0.328125 0.07813833857577174
-0.309375 0.07691254832976989
-0.284375 0.07436036364739564
-0.265625 0.07167866454273927
-0.240625 0.06623245290765754
-0.22604490892526236 0.059375000000000004
-0.234375 0.0450248393242274
-0.253125 0.03719879216459954
-0.27187500000000003 0.031452930428894146
-0.290625 0.026004289389624742
-0.309375 0.021281738604588298
-0.33437500000000003 0.018174109320370505
-0.35662447591544866 0.015625
-0.33437500000000003 0.015499541706659311
-0.309375 0.015371069409558099
-0.284375 0.015287539307667276
-0.259375 0.015206585354963163
-0.234375 0.015120236986816837
-0.209375 0.015070149612030419
-0.184375 0.015025258931540936
-0.15937500000000002 0.01494181522732994
-0.134375 0.014879858461021559
-0.109375 0.014843701922359578
-0.084375 0.01478396984069727
-0.059375000000000004 0.014727268262788296
-0.034375 0.01471397391352749
-0.009375000000000001 0.014673828250465811
0.015625 0.014600508136241648
0.040625 0.014569853229039236
0.065625 0.014547153752950022
0.09062500000000001 0.014494256989512223
0.115625 0.014467690478020063
0.140625 0.014473838599748053
0.16562500000000002 0.014431639018399587
0.19062500000000002 0.014384489628919327
0.215625 0.014384394694255393
0.240625 0.014370759606461028
0.265625 0.014340052925067473
0.290625 0.014357608337282137
0.31562500000000004 0.01438032539190041
0.340625 0.014356663188373184
0.36562500000000003 0.014369000096298545
0.390625 0.01442675997445109
0.415625 0.014481996831776752
0.44062500000000004 0.01467958612820211
0.465625 0.014899576555577151
0.4566150636966861 0.021875000000000002
0.44062500000000004 0.03413041910202981
0.42812500000000003 0.04412386260097346
0.415625 0.05548290535499621
0.403125 0.07033802520269182
0.39760811461205925 0.09062500000000001
0.40937500000000004 0.10745108692232574
0.42244143583967053 0.115625
0.44062500000000004 0.12256958413333241
0.465625 0.12741592800312349
0.49062500000000003 0.12757839138079327
0.515625 0.12208800369029377
0.5287957877439299 0.115625
0.5287957877439299 0.115625

-0.22812500000000002 0.0064739811506009225
-0.253125 0.006487510423579578
-0.278125 0.00648531178241426
-0.30312500000000003 0.006420367987015218
-0.328125 0.006402177794955966
-0.353125 0.0064007299270185565
-0.37812500000000004 0.006322797647603379
-0.403125 0.006259512705656768
-0.42812500000000003 0.006296160842648111
-0.453125 0.006323789781561749
-0.47615330182451804 0.003125
-0.45937500000000003 -0.004891425227441129
-0.434375 -0.006305728734080066
-0.40937500000000004 -0.006303587331180678
-0.384375 -0.006345076133682707
-0.359375 -0.006328923416337756
-0.33437500000000003 -0.0063849342334050705
-0.309375 -0.006453460792393012
-0.284375 -0.006448270379608034
-0.259375 -0.006470804290418316
-0.234375 -0.00653242551225417
-0.209375 -0.006526046743221783
-0.184375 -0.006516997465878948
-0.15937500000000002 -0.006588332508266738
-0.134375 -0.006621955564989642
-0.109375 -0.006605534219230859
-0.084375 -0.0066478370849324215
-0.059375000000000004 -0.006689517135735037
-0.034375 -0.006656256187348317
-0.009375000000000001 -0.006670184844488569
0.015625 -0.006742067740579313
0.040625 -0.00674222660314997
0.065625 -0.0067300009203817655
0.09062500000000001 -0.0067805220948362385
0.115625 -0.006789469210709793
0.140625 -0.006748274832852097
0.16562500000000002 -0.006783751768003066
0.19062500000000002 -0.006829985216904115
0.215625 -0.006802264403556579
0.240625 -0.0068027426765757855
0.265625 -0.006840166919397822
0.290625 -0.0068063132140582985
0.31562500000000004 -0.006768615546854824
0.340625 -0.006808899152802574
0.36562500000000003 -0.006805436104535387
0.390625 -0.006745451956160602
0.415625 -0.006740998070053888
0.44062500000000004 -0.006639342890013545
0.465625 -0.007207766926106723
0.484375 -0.012700092126290106
0.48482828248422727 0.009375000000000001
0.47187500000000004 0.006211144358836221
0.446875 0.006703782199361491
0.421875 0.006688440622358297
0.39687500000000003 0.006785184138881125
0.371875 0.0067814039883464785
0.34687500000000004 0.006780335909386827
0.321875 0.0068288545348777875
0.296875 0.006816682488620488
0.27187500000000003 0.006774423602469111
0.246875 0.006812695264764147
0.22187500000000002 0.006835018473535565
0.19687500000000002 0.006792012179571081
0.171875 0.006794357141779521
0.146875 0.00681563616287724
0.12187500000000001 0.006760911521035516
0.096875 0.006729906749462181
0.07187500000000001 0.006770931599692571
0.046875 0.00675283641545308
0.021875000000000002 0.006702404875359303
-0.003125 0.006716889369928031
-0.028125 0.006708900601973127
-0.053125000000000006 0.006634843776633115
-0.078125 0.006626908290021624
-0.10312500000000001 0.006654924039304668
-0.12812500000000002 0.006607132222252812
-0.153125 0.006569171111154326
-0.178125 0.0065843261447689795
-0.203125 0.00654211558382641
-0.22812500000000002 0.0064739811506009225
-0.22812500000000002 0.0064739811506009225

-0.48965840990407283 0.003125
-0.484375 -0.017657178024250594
-0.478429442862776 0.003125
-0.4848725358638419 0.015625
-0.48965840990407283 0.003125

-0.240625 0.015077488535306034
-0.265625 0.015145922351643361
-0.290625 0.015252090805476945
-0.31562500000000004 0.01537036159002629
-0.340625 0.015474345032441694
-0.3639900097181685 0.015625
-0.340625 0.018495510021456153
-0.31562500000000004 0.021583369221337193
-0.296875 0.027594655111013982
-0.278125 0.03313104054183829
-0.259375 0.03996495695914787
-0.246875 0.04738703689782233
-0.253125 0.06148407209522671
-0.27187500000000003 0.06714390332577386
-0.296875 0.07137074645056883
-0.31562500000000004 0.0736113779824143
-0.340625 0.07559011087203138
-0.36562500000000003 0.0761858578964803
-0.390625 0.07502661593415803
-0.4130132159775684 0.07187500000000001
-0.434375 0.06725327101316661
-0.453125 0.06079740284454079
-0.4680246877619116 0.053125000000000006
-0.484375 0.042437038593988896
-0.4954658736247189 0.028125
-0.5022677992249439 0.009375000000000001
-0.5010266517213572 -0.015625
-0.4915557418315755 -0.034375
-0.478125 -0.04680951838508557
-0.465625 -0.0549934770765088
-0.446875 -0.06331554749477503
-0.42812500000000003 -0.06896605259975688
-0.40937500000000004 -0.07261977688919555
-0.384375 -0.07550439415918997
-0.359375 -0.07618589359768957
-0.33437500000000003 -0.07521270976052365
-0.309375 -0.07292931346765788
-0.290625 -0.07048992445006244
-0.265625 -0.06574466073313703
-0.2482846009398632 -0.059375000000000004
-0.24713673650909854 -0.046875
-0.265625 -0.03758987263903119
-0.284375 -0.031317124564308026
-0.30312500000000003 -0.025455500286467765
-0.321875 -0.020940804926463507
-0.34687500000000004 -0.01767544707832113
-0.359375 -0.01560942714430901
-0.33437500000000003 -0.01544983294534943
-0.309375 -0.01531405701290916
-0.284375 -0.015224393222809336
-0.259375 -0.015137003471368607
-0.234375 -0.015043472831746098
-0.209375 -0.014987643904592366
-0.184375 -0.014937287622589236
-0.15937500000000002 -0.014846651797103493
-0.134375 -0.014778431093760222
-0.109375 -0.014737566609411754
-0.084375 -0.014671662530910077
-0.059375000000000004 -0.01460880768301394
-0.034375 -0.014591855341709379
-0.009375000000000001 -0.014546848815528778
0.015625 -0.014466887123772103
0.040625 -0.014432184724358572
0.065625 -0.014406227692552339
0.09062500000000001 -0.014347910945394303
0.115625 -0.014317624646528781
0.140625 -0.014322300959554038
0.16562500000000002 -0.01427601392704041
0.19062500000000002 -0.014224547840327216
0.215625 -0.014223519624579479
0.240625 -0.01420821517544972
0.265625 -0.014174550097965165
0.290625 -0.01419255618651947
0.31562500000000004 -0.014216410178903686
0.340625 -0.014191258387617093
0.36562500000000003 -0.014204543050493578
0.390625 -0.014266409208411372
0.415625 -0.014324290192867285
0.44062500000000004 -0.014528750299002979
0.465625 -0.01471914088638797
0.4592402243504639 -0.021875000000000002
0.44386977630531377 -0.034375
0.43031963359203773 -0.046875
0.4194555671919287 -0.059375000000000004
0.41019733164061084 -0.078125
0.415625 -0.09837963401699305
0.42896258475573473 -0.109375
0.446875 -0.11706561597870481
0.47187500000000004 -0.12184198511298915
0.48937236339051765 -0.12187500000000001
0.509375 -0.11833306712476158
0.5281162975041412 -0.109375
0.5404178876298869 -0.096875
0.546291029266566 -0.078125
0.540625 -0.05660270023900111
0.5309054146113302 -0.040625
0.5209549673327629 -0.028125
0.509375 -0.014446762373705579
0.49992857096780036 0.003125
0.5112127132490288 0.015625
0.521875 0.029841376198886632
0.534375 0.04600051305783012
0.5422992950381806 0.059375000000000004
0.5455903616197495 0.084375
0.5354451241918389 0.10312500000000001
0.521875 0.11323521686814783
0.503125 0.119960950510428
0.484375 0.12217767693606042
0.465625 0.1211871416971969
0.4426605171910983 0.115625
0.42812500000000003 0.10885234153036878
0.41433422203771836 0.096875
0.41208739329856636 0.07187500000000001
0.421875 0.05667161081056717
0.434375 0.04322850402345599
0.446875 0.03221753881169289
0.45937500000000003 0.02180007798430139
0.45937500000000003 0.0150617934873266
0.434375 0.014440199479773009
0.40937500000000004 0.014297230499069839
0.384375 0.014237207187464082
0.359375 0.014239319774394445
0.33437500000000003 0.014203450026093883
0.309375 0.014167895654159181
0.284375 0.014189375391282864
0.259375 0.014199705116084402
0.234375 0.01419118284217801
0.209375 0.014231485446913598
0.184375 0.014276357371382246
0.15937500000000002 0.014267773939852558
0.134375 0.01428773199556278
0.109375 0.014342238955172663
0.084375 0.014365940921530254
0.059375000000000004 0.014392417406969268
0.034375 0.014467455506818445
0.009375000000000001 0.014513126607925439
-0.015625 0.014523313602687743
-0.040625 0.014579117441086373
-0.065625 0.014643718590116196
-0.09062500000000001 0.014679625173505101
-0.115625 0.014739079012991057
-0.140625 0.014827322934838147
-0.16562500000000002 0.014874024592695816
-0.19062500000000002 0.014917542249514595
-0.215625 0.0150010742383874
-0.240625 0.015077488535306034
-0.240625 0.015077488535306034

-0.22812500000000002 0.006512812610275389
-0.253125 0.006523005325781723
-0.278125 0.0065174204729984975
-0.30312500000000003 0.006449046620947972
-0.328125 0.0064273457327670485
-0.353125 0.006422337605703789
-0.37812500000000004 0.0063408118478332515
-0.403125 0.006273870417564919
-0.42812500000000003 0.00630683474049477
-0.453125 0.006330426761280001
-0.47615999004530396 0.003125
-0.45937500000000003 -0.004897469003887725
-0.434375 -0.006315388955537609
-0.40937500000000004 -0.006317035549252219
-0.384375 -0.006362177316142493
-0.359375 -0.006349642560557853
-0.33437500000000003 -0.006409216233260434
-0.309375 -0.0064812459453494845
-0.284375 -0.006479529297288025
-0.259375 -0.006505477113730025
-0.234375 -0.00657042425627935
-0.209375 -0.006567327013756655
-0.184375 -0.0065615028840860234
-0.15937500000000002 -0.006635976174354153
-0.134375 -0.006672668868080981
-0.109375 -0.006659279210969317
-0.084375 -0.006704484663044029
-0.059375000000000004 -0.006748962526989902
-0.034375 -0.006718441131228356
-0.009375000000000001 -0.006735005015065966
0.015625 -0.006809388073296356
0.040625 -0.006811971043445311
0.065625 -0.006802072454009724
0.09062500000000001 -0.006854710088148794
0.115625 -0.006865651660807083
0.140625 -0.006826333814288143
0.16562500000000002 -0.006863497435486765
0.19062500000000002 -0.006911218359503734
0.215625 -0.006884854846394237
0.240625 -0.006886442939292843
0.265625 -0.006924665387819152
0.290625 -0.0068913861032411615
0.31562500000000004 -0.006853956084184853
0.340625 -0.006894085511746084
0.36562500000000003 -0.00689001969653027
0.390625 -0.006828891576214455
0.415625 -0.0068223345157278235
0.44062500000000004 -0.006717125569350439
0.465625 -0.007278569573273334
0.484375 -0.012925752980280777
0.4848590467532587 0.009375000000000001
0.47187500000000004 0.006276729658880166
0.446875 0.006780424895592323
0.421875 0.006769044932331692
0.39687500000000003 0.00686813128278302
0.371875 0.006865787659843114
0.34687500000000004 0.00686547008103716
0.321875 0.006914166513708968
0.296875 0.006901843600398866
0.27187500000000003 0.006859110649393322
0.246875 0.006896582942375856
0.22187500000000002 0.006917871529674238
0.19687500000000002 0.006873654108644114
0.171875 0.006874512900987352
0.146875 0.006894105021585838
0.12187500000000001 0.006837586088089367
0.096875 0.006804610498967943
0.07187500000000001 0.006843499839252611
0.046875 0.0068231710389857776
0.021875000000000002 0.006770393905249724
-0.003125 0.0067823421226509435
-0.028125 0.006771738836906403
-0.053125000000000006 0.006694995978649419
-0.078125 0.006684253585565897
-0.10312500000000001 0.0067093709198143
-0.12812500000000002 0.0066586289226079455
-0.153125 0.006617617448953722
-0.178125 0.006629611728429954
-0.203125 0.006584207051092221
-0.22812500000000002 0.006512812610275389
-0.22812500000000002 0.006512812610275389

-0.4896593275976934 0.003125
-0.484375 -0.017668683093655824
-0.47842841015852733 0.003125
-0.48487535271798843 0.015625
-0.4896593275976934 0.003125

-0.240625 0.01500301525027272
-0.265625 0.015077253200261098
-0.290625 0.015190573989082738
-0.31562500000000004 0.015315959409215731
-0.340625 0.015426007610019063
-0.36562500000000003 0.015588758767647167
-0.353125 0.017806927783456418
-0.328125 0.021145390940939417
-0.309375 0.026415210535553672
-0.290625 0.032480604658545256
-0.27187500000000003 0.03983310385147808
-0.2598074383552619 0.053125000000000006
-0.278125 0.0629219677442232
-0.296875 0.0671786468167017
-0.321875 0.07075872875461645
-0.340625 0.0725805293976083
-0.36562500000000003 0.07387068862251066
-0.390625 0.07328609186450638
-0.40937500000000004 0.07130249964129354
-0.434375 0.06630504274436748
-0.453125 0.0601630879165011
-0.4674968269634154 0.053125000000000006
-0.484375 0.042282144033353876
-0.49544607774104615 0.028125
-0.5022675165366698 0.009375000000000001
-0.5010250040796681 -0.015625
-0.4915164892685448 -0.034375
-0.478125 -0.046685127582611875
-0.465625 -0.05458242718649177
-0.446875 -0.06270349979999346
-0.42812500000000003 -0.06800225470447466
-0.40442351897805745 -0.07187500000000001
-0.384375 -0.07363811765267597
-0.359375 -0.07370445842292654
-0.33437500000000003 -0.07201903710007741
-0.31562500000000004 -0.07000933463540725
-0.290625 -0.06600834718088296
-0.27187500000000003 -0.06094327189508531
-0.2612964962629019 -0.046875
-0.278125 -0.037213397731858784
-0.296875 -0.03054140301433329
-0.31562500000000004 -0.024052753507320918
-0.33437500000000003 -0.020194900759953643
-0.359375 -0.016648708835180784
-0.359375 -0.015566730703403024
-0.33437500000000003 -0.015400095977214867
-0.309375 -0.015257031569694421
-0.284375 -0.015161244353418797
-0.259375 -0.015067380423843828
-0.234375 -0.014966671608377655
-0.209375 -0.014905123091117052
-0.184375 -0.01484930035029699
-0.15937500000000002 -0.014751475716951531
-0.134375 -0.014677027592333499
-0.109375 -0.014631439683814723
-0.084375 -0.014559308521817374
-0.059375000000000004 -0.014490330415013322
-0.034375 -0.014469738771861078
-0.009375000000000001 -0.014419863679444716
0.015625 -0.014333278633820007
0.040625 -0.01429457000207129
0.065625 -0.014265295509522623
0.09062500000000001 -0.0142015268797255
0.115625 -0.01416756925182622
0.140625 -0.014170778066550104
0.16562500000000002 -0.01412039607799613
0.19062500000000002 -0.014064653795829983
0.215625 -0.014062709166473755
0.240625 -0.014045654554943693
0.265625 -0.014009040199695167
0.290625 -0.014027537209889149
0.31562500000000004 -0.014052522297573733
0.340625 -0.014025884079991923
0.36562500000000003 -0.014040155389821061
0.390625 -0.014106110722272691
0.415625 -0.014166589281652327
0.44062500000000004 -0.014377925827287133
0.465625 -0.014538653465120012
0.45937500000000003 -0.02352659476427271
0.446875 -0.03484558465697992
0.434375 -0.04806831108741951
0.42275161940274425 -0.065625
0.4199916241647719 -0.084375
0.42812500000000003 -0.09824944599771515
0.44528244243824333 -0.109375
0.465625 -0.11536118065177048
0.484375 -0.11689981181116081
0.503125 -0.11468979508876052
0.521875 -0.10750233009968817
0.5346889161212153 -0.096875
0.5430981305773971 -0.078125
0.5404805860167907 -0.059375000000000004
0.5301429746885861 -0.040625
0.5206765349462101 -0.028125
0.509375 -0.014525573178807726
0.4999137664660476 0.003125
0.511089613795722 0.015625
0.521875 0.030360249152954707
0.5341458354534673 0.046875
0.540625 0.06000295148358406
0.5416963731260501 0.084375
0.534375 0.09725060219334097
0.5181169013221412 0.109375
0.497959132748491 0.115625
0.478125 0.11678184294745747
0.45937500000000003 0.11407399136554197
0.44062500000000004 0.10714002123846603
0.4267021289335547 0.096875
0.4194934046662687 0.078125
0.4259920940237241 0.059375000000000004
0.43518263598458723 0.046875
0.44725969257482967 0.034375
0.4612562710314357 0.021875000000000002
0.45937500000000003 0.014925632887859627
0.434375 0.014286529342473027
0.40937500000000004 0.014138139284224114
0.384375 0.014074770962864084
0.359375 0.014076849660318063
0.33437500000000003 0.014038771495293265
0.309375 0.014001276540960998
0.284375 0.014024589649052366
0.259375 0.014036056650077336
0.234375 0.014027505121256828
0.209375 0.014071120437591029
0.184375 0.014119721906197001
0.15937500000000002 0.014112061860576751
0.134375 0.014134826233122514
0.109375 0.014194375593928648
0.084375 0.014221064005872225
0.059375000000000004 0.014250852462737667
0.034375 0.014332128982900854
0.009375000000000001 0.01438253055789037
-0.015625 0.014395797213549518
-0.040625 0.014457254487785854
-0.065625 0.014527984058681803
-0.09062500000000001 0.014568248417752831
-0.115625 0.014633466995644561
-0.140625 0.01472886149402143
-0.16562500000000002 0.014780859247480193
-0.19062500000000002 0.014829628046410796
-0.215625 0.014920184833041061
-0.240625 0.01500301525027272
-0.240625 0.01500301525027272

-0.22812500000000002 0.0065516440699498555
-0.253125 0.006558500227983868
-0.278125 0.006549529163582736
-0.30312500000000003 0.006477725254880727
-0.328125 0.0064525136705781295
-0.353125 0.006443945284389023
-0.37812500000000004 0.0063588260480631235
-0.403125 0.006288228129473069
-0.42812500000000003 0.006317508638341429
-0.453125 0.006337063740998253
-0.4761666782660899 0.003125
-0.45937500000000003 -0.004903512780334321
-0.434375 -0.006325049176995152
-0.40937500000000004 -0.006330483767323759
-0.384375 -0.006379278498602279
-0.359375 -0.006370361704777951
-0.33437500000000003 -0.006433498233115797
-0.309375 -0.006509031098305958
-0.284375 -0.006510788214968016
-0.259375 -0.0065401499370417344
-0.234375 -0.006608423000304531
-0.209375 -0.006608607284291526
-0.184375 -0.0066060083022930986
-0.15937500000000002 -0.006683619840441567
-0.134375 -0.006723382171172319
-0.109375 -0.006713024202707776
-0.084375 -0.006761132241155636
-0.059375000000000004 -0.006808407918244768
-0.034375 -0.006780626075108395
-0.009375000000000001 -0.006799825185643364
0.015625 -0.006876708406013399
0.040625 -0.006881715483740651
0.065625 -0.006874143987637683
0.09062500000000001 -0.006928898081461351
0.115625 -0.006941834110904372
0.140625 -0.006904392795724189
0.16562500000000002 -0.006943243102970464
0.19062500000000002 -0.006992451502103354
0.215625 -0.006967445289231895
0.240625 -0.0069701432020099
0.265625 -0.007009163856240482
0.290625 -0.006976458992424024
0.31562500000000004 -0.006939296621514882
0.340625 -0.006979271870689595
0.36562500000000003 -0.006974603288525152
0.390625 -0.006912331196268308
0.415625 -0.006903670961401759
0.44062500000000004 -0.006794908248687333
0.465625 -0.007349372220439944
0.484375 -0.013151413834271446
0.4848898110222901 0.009375000000000001
0.47187500000000004 0.00634231495892411
0.446875 0.006857067591823154
0.421875 0.006849649242305087
0.39687500000000003 0.006951078426684914
0.371875 0.006950171331339749
0.34687500000000004 0.006950604252687492
0.321875 0.006999478492540148
0.296875 0.006987004712177245
0.27187500000000003 0.006943797696317534
0.246875 0.0069804706199875655
0.22187500000000002 0.007000724585812912
0.19687500000000002 0.0069552960377171485
0.171875 0.006954668660195182
0.146875 0.006972573880294437
0.12187500000000001 0.006914260655143217
0.096875 0.006879314248473706
0.07187500000000001 0.006916068078812652
0.046875 0.006893505662518474
0.021875000000000002 0.006838382935140145
-0.003125 0.006847794875373856
-0.028125 0.006834577071839678
-0.053125000000000006 0.006755148180665723
-0.078125 0.006741598881110169
-0.10312500000000001 0.006763817800323934
-0.12812500000000002 0.0067101256229630795
-0.153125 0.006666063786753119
-0.178125 0.00667489731209093
-0.203125 0.00662629851835803
-0.22812500000000002 0.0065516440699498555
-0.22812500000000002 0.0065516440699498555

-0.4896602452913139 0.003125
-0.484375 -0.01768018816306105
-0.4784273774542786 0.003125
-0.48487816957213503 0.015625
-0.4896602452913139 0.003125

-0.240625 0.01492854196523941
-0.265625 0.015008584048878833
-0.290625 0.015129057172688533
-0.31562500000000004 0.015261557228405173
-0.340625 0.015377670187596433
-0.36562500000000003 0.01554712750693106
-0.36562500000000003 0.016851687393472405
-0.340625 0.020337507769347493
-0.321875 0.02477639626951338
-0.30312500000000003 0.03130762438860226
-0.284375 0.03895258617979653
-0.2740958372598201 0.053125000000000006
-0.290625 0.06120851557492822
-0.3101360680930433 0.065625
-0.33437500000000003 0.0691411892549714
-0.359375 0.07129478618045651
-0.384375 0.0717849380729685
-0.40937500000000004 0.07014294979377343
-0.4333646179228824 0.065625
-0.453125 0.05952877298846141
-0.46696896616491923 0.053125000000000006
-0.484375 0.042127249472718856
-0.49542628185737336 0.028125
-0.5022672338483957 0.009375000000000001
-0.501023356437979 -0.015625
-0.4914772367055141 -0.034375
-0.478125 -0.04656073678013819
-0.465625 -0.05417137729647474
-0.446875 -0.0620914521052119
-0.42812500000000003 -0.06703845680919242
-0.403125 -0.07077772582070666
-0.37812500000000004 -0.07184436424948935
-0.353125 -0.07089638857966542
-0.328125 -0.06837506363556152
-0.309375 -0.06548725024404202
-0.284605656454724 -0.059375000000000004
-0.2736313735764577 -0.046875
-0.290625 -0.0359869171601359
-0.309375 -0.029211741370969758
-0.328125 -0.022604877994826404
-0.34687500000000004 -0.019399760242069096
-0.371875 -0.015909727093041257
-0.359375 -0.015524034262497039
-0.33437500000000003 -0.015350359009080303
-0.309375 -0.015200006126479681
-0.284375 -0.015098095484028257
-0.259375 -0.01499775737631905
-0.234375 -0.01488987038500921
-0.209375 -0.014822602277641737
-0.184375 -0.014761313078004747
-0.15937500000000002 -0.014656299636799569
-0.134375 -0.014575624090906777
-0.109375 -0.014525312758217692
-0.084375 -0.014446954512724673
-0.059375000000000004 -0.014371853147012703
-0.034375 -0.014347622202012775
-0.009375000000000001 -0.014292878543360654
0.015625 -0.014199670143867908
0.040625 -0.014156955279784009
0.065625 -0.014124363326492905
0.09062500000000001 -0.014055142814056697
0.115625 -0.014017513857123659
0.140625 -0.01401925517354617
0.16562500000000002 -0.013964778228951851
0.19062500000000002 -0.013904759751332749
0.215625 -0.01390189870836803
0.240625 -0.013883093934437665
0.265625 -0.013843530301425171
0.290625 -0.01386251823325883
0.31562500000000004 -0.013888634416243781
0.340625 -0.013860509772366754
0.36562500000000003 -0.013875767729148544
0.390625 -0.01394581223613401
0.415625 -0.01400888837043737
0.44062500000000004 -0.014227101355571288
0.465625 -0.014358166043852053
0.45937500000000003 -0.0252674819596989
0.446875 -0.03796319649776213
0.4350167186024133 -0.053125000000000006
0.42812500000000003 -0.07012626109688887
0.4288761845478882 -0.084375
0.44062500000000004 -0.09906319561889122
0.45937500000000003 -0.10823382621724562
0.478125 -0.111774156706276
0.503125 -0.10987678632261637
0.5202366829652434 -0.10312500000000001
0.534324953278479 -0.09062500000000001
0.540625 -0.07250171077920514
0.538916207645485 -0.059375000000000004
0.5293805347658419 -0.040625
0.5203981025596575 -0.028125
0.509375 -0.014604383983909872
0.49989896196429495 0.003125
0.5109665143424154 0.015625
0.521875 0.03087912210702278
0.5332629775847698 0.046875
0.540300597690125 0.065625
0.5399409283356836 0.078125
0.5287951473383286 0.096875
0.515625 0.10565381749232831
0.496875 0.11111912568397408
0.47187500000000004 0.11106189881248628
0.453125 0.10599554017470288
0.4378109522878343 0.096875
0.42812500000000003 0.08097416864224218
0.4290716817742901 0.065625
0.43921676651812 0.046875
0.4497860101749888 0.034375
0.46323694427626605 0.021875000000000002
0.45937500000000003 0.014789472288392655
0.434375 0.014132859205173043
0.40937500000000004 0.013979048069378386
0.384375 0.013912334738264085
0.359375 0.013914379546241683
0.33437500000000003 0.013874092964492647
0.309375 0.013834657427762818
0.284375 0.013859803906821868
0.259375 0.013872408184070269
0.234375 0.013863827400335647
0.209375 0.01391075542826846
0.184375 0.013963086441011758
0.15937500000000002 0.01395634978130094
0.134375 0.013981920470682248
0.109375 0.014046512232684634
0.084375 0.014076187090214196
0.059375000000000004 0.014109287518506063
0.034375 0.014196802458983264
0.009375000000000001 0.0142519345078553
-0.015625 0.014268280824411292
-0.040625 0.014335391534485334
-0.065625 0.014412249527247413
-0.09062500000000001 0.01445687166200056
-0.115625 0.014527854978298064
-0.140625 0.014630400053204715
-0.16562500000000002 0.01468769390226457
-0.19062500000000002 0.014741713843306997
-0.215625 0.014839295427694722
-0.240625 0.01492854196523941
-0.240625 0.01492854196523941

-0.22812500000000002 0.006590475529624323
-0.253125 0.006593995130186011
-0.278125 0.006581637854166973
-0.30312500000000003 0.006506403888813481
-0.328125 0.006477681608389211
-0.353125 0.006465552963074257
-0.37812500000000004 0.006376840248292996
-0.403125 0.006302585841381219
-0.42812500000000003 0.006328182536188088
-0.453125 0.0063437007207165046
-0.47617336648687586 0.003125
-0.45937500000000003 -0.004909556556780916
-0.434375 -0.006334709398452695
-0.40937500000000004 -0.0063439319853953
-0.384375 -0.006396379681062065
-0.359375 -0.006391080848998048
-0.33437500000000003 -0.006457780232971161
-0.309375 -0.006536816251262432
-0.284375 -0.006542047132648006
-0.259375 -0.006574822760353443
-0.234375 -0.006646421744329712
-0.209375 -0.006649887554826397
-0.184375 -0.006650513720500172
-0.15937500000000002 -0.0067312635065289814
-0.134375 -0.006774095474263659
-0.109375 -0.006766769194446234
-0.084375 -0.006817779819267244
-0.059375000000000004 -0.0068678533094996335
-0.034375 -0.006842811018988433
-0.009375000000000001 -0.006864645356220763
0.015625 -0.006944028738730443
0.040625 -0.006951459924035992
0.065625 -0.006946215521265642
0.09062500000000001 -0.007003086074773907
0.115625 -0.00701801656100166
0.140625 -0.006982451777160236
0.16562500000000002 -0.007022988770454163
0.19062500000000002 -0.007073684644702972
0.215625 -0.007050035732069552
0.240625 -0.007053843464726958
0.265625 -0.007093662324661813
0.290625 -0.007061531881606886
0.31562500000000004 -0.0070246371588449106
0.340625 -0.007064458229633105
0.36562500000000003 -0.007059186880520035
0.390625 -0.006995770816322163
0.415625 -0.006985007407075694
0.44062500000000004 -0.006872690928024228
0.465625 -0.007420174867606555
0.484375 -0.013377074688262117
0.48492057529132154 0.009375000000000001
0.47187500000000004 0.006407900258968054
0.446875 0.006933710288053985
0.421875 0.006930253552278482
0.39687500000000003 0.007034025570586809
0.371875 0.0070345550028363835
0.34687500000000004 0.007035738424337824
0.321875 0.007084790471371329
0.296875 0.007072165823955623
0.27187500000000003 0.007028484743241746
0.246875 0.007064358297599274
0.22187500000000002 0.007083577641951585
0.19687500000000002 0.007036937966790182
0.171875 0.007034824419403013
0.146875 0.007051042739003035
0.12187500000000001 0.006990935222197068
0.096875 0.006954017997979468
0.07187500000000001 0.006988636318372692
0.046875 0.006963840286051171
0.021875000000000002 0.006906371965030567
-0.003125 0.006913247628096768
-0.028125 0.006897415306772953
-0.053125000000000006 0.0068153003826820265
-0.078125 0.006798944176654442
-0.10312500000000001 0.006818264680833566
-0.12812500000000002 0.0067616223233182135
-0.153125 0.006714510124552516
-0.178125 0.006720182895751905
-0.203125 0.00666838998562384
-0.22812500000000002 0.006590475529624323
-0.22812500000000002 0.006590475529624323

-0.4896611629849345 0.003125
-0.484375 -0.017691693232466277
-0.47842634475002993 0.003125
-0.4848809864262816 0.015625
-0.4896611629849345 0.003125

-0.240625 0.014854068680206098
-0.265625 0.01493991489749657
-0.290625 0.015067540356294328
-0.31562500000000004 0.015207155047594616
-0.340625 0.0153293327651738
-0.36562500000000003 0.015505496246214952
-0.36562500000000003 0.01750748433385803
-0.340625 0.021258506643293165
-0.321875 0.02726404320766666
-0.30312500000000003 0.034006595294341156
-0.2901211350342201 0.040625
-0.296875 0.058153958643834644
-0.31562500000000004 0.06314923077763009
-0.33437500000000003 0.06627821659351776
-0.359375 0.06908621985494409
-0.384375 0.07015401851012439
-0.40937500000000004 0.06898339994625333
-0.4297921922677645 0.065625
-0.4519966120385315 0.059375000000000004
-0.466441105366423 0.053125000000000006
-0.484375 0.041972354912083835
-0.4954064859737006 0.028125
-0.5022669511601214 0.009375000000000001
-0.5010217087962898 -0.015625
-0.49143798414248335 -0.034375
-0.478125 -0.0464363459776645
-0.465625 -0.05376032740645771
-0.446875 -0.06147940441043034
-0.42812500000000003 -0.06607465891391019
-0.403125 -0.06951721498279703
-0.37812500000000004 -0.07007524047823473
-0.353125 -0.06853345541886258
-0.3299969818478328 -0.065625
-0.309375 -0.061797486925922684
-0.290625 -0.05523902856165598
-0.290625 -0.040383475477963456
-0.309375 -0.0317834280659536
-0.328125 -0.024906128951450477
-0.34687500000000004 -0.02026191682394308
-0.371875 -0.016515600163640787
-0.359375 -0.015481337821591052
-0.33437500000000003 -0.015300622040945741
-0.309375 -0.015142980683264941
-0.284375 -0.01503494661463772
-0.259375 -0.01492813432879427
-0.234375 -0.014813069161640765
-0.209375 -0.014740081464166421
-0.184375 -0.014673325805712501
-0.15937500000000002 -0.014561123556647609
-0.134375 -0.014474220589480056
-0.109375 -0.014419185832620661
-0.084375 -0.01433460050363197
-0.059375000000000004 -0.014253375879012084
-0.034375 -0.014225505632164475
-0.009375000000000001 -0.014165893407276593
0.015625 -0.014066061653915812
0.040625 -0.014019340557496728
0.065625 -0.013983431143463187
0.09062500000000001 -0.013908758748387892
0.115625 -0.013867458462421097
0.140625 -0.013867732280542238
0.16562500000000002 -0.013809160379907572
0.19062500000000002 -0.013744865706835517
0.215625 -0.013741088250262306
0.240625 -0.013720533313931638
0.265625 -0.013678020403155175
0.290625 -0.01369749925662851
0.31562500000000004 -0.01372474653491383
0.340625 -0.013695135464741586
0.36562500000000003 -0.013711380068476029
0.390625 -0.013785513749995329
0.415625 -0.013851187459222413
0.44062500000000004 -0.014076276883855444
0.465625 -0.014177678622584093
0.45937500000000003 -0.02700836915512509
0.4472279021192535 -0.040625
0.4391147118585045 -0.053125000000000006
0.43387200223437405 -0.07187500000000001
0.44062500000000004 -0.09005474045103022
0.453125 -0.09974573906100688
0.47187500000000004 -0.10616698802127286
0.496875 -0.10675199491956293
0.515625 -0.10107159537172693
0.5295700601874966 -0.09062500000000001
0.5382678897293098 -0.07187500000000001
0.534375 -0.051701195608285774
0.5246370379709483 -0.034375
0.5152400879526745 -0.021875000000000002
0.503125 -0.0073114154778063595
0.5069709269021742 0.009375000000000001
0.515625 0.022783719566754308
0.5281250000000001 0.040114472019298734
0.5352404501472835 0.053125000000000006
0.5369151792370002 0.078125
0.5281250000000001 0.09221748762339962
0.5105756240377096 0.10312500000000001
0.49062500000000003 0.1073705352362764
0.465625 0.1046840655527595
0.448335583925895 0.096875
0.43671378124173343 0.084375
0.434375 0.0679326819125593
0.44062500000000004 0.05087097926776127
0.45231232777514796 0.034375
0.46521761752109647 0.021875000000000002
0.45937500000000003 0.01465331168892568
0.434375 0.01397918906787306
0.40937500000000004 0.013819956854532661
0.384375 0.013749898513664087
0.359375 0.013751909432165301
0.33437500000000003 0.013709414433692028
0.309375 0.013668038314564639
0.284375 0.013695018164591368
0.259375 0.013708759718063204
0.234375 0.013700149679414464
0.209375 0.01375039041894589
0.184375 0.013806450975826513
0.15937500000000002 0.013800637702025133
0.134375 0.013829014708241983
0.109375 0.01389864887144062
0.084375 0.013931310174556167
0.059375000000000004 0.01396772257427446
0.034375 0.014061475935065673
0.009375000000000001 0.014121338457820234
-0.015625 0.014140764435273068
-0.040625 0.014213528581184815
-0.065625 0.01429651499581302
-0.09062500000000001 0.014345494906248289
-0.115625 0.01442224296095157
-0.140625 0.014531938612388
-0.16562500000000002 0.014594528557048946
-0.19062500000000002 0.014653799640203198
-0.215625 0.014758406022348384
-0.240625 0.014854068680206098
-0.240625 0.014854068680206098

-0.22812500000000002 0.00662930698929879
-0.253125 0.006629490032388156
-0.278125 0.006613746544751211
-0.30312500000000003 0.006535082522746236
-0.328125 0.006502849546200293
-0.353125 0.00648716064175949
-0.37812500000000004 0.006394854448522868
-0.403125 0.00631694355328937
-0.42812500000000003 0.006338856434034746
-0.453125 0.006350337700434755
-0.4761800547076618 0.003125
-0.45937500000000003 -0.004915600333227512
-0.434375 -0.0063443696199102385
-0.40937500000000004 -0.00635738020346684
-0.384375 -0.00641348086352185
-0.359375 -0.006411799993218144
-0.33437500000000003 -0.006482062232826524
-0.309375 -0.006564601404218905
-0.284375 -0.006573306050327996
-0.259375 -0.006609495583665151
-0.234375 -0.006684420488354893
-0.209375 -0.006691167825361268
-0.184375 -0.006695019138707247
-0.15937500000000002 -0.006778907172616397
-0.134375 -0.006824808777354996
-0.109375 -0.006820514186184693
-0.084375 -0.006874427397378851
-0.059375000000000004 -0.006927298700754499
-0.034375 -0.006904995962868471
-0.009375000000000001 -0.00692946552679816
0.015625 -0.007011349071447485
0.040625 -0.007021204364331332
0.065625 -0.007018287054893602
0.09062500000000001 -0.007077274068086463
0.115625 -0.007094199011098951
0.140625 -0.007060510758596282
0.16562500000000002 -0.0071027344379378625
0.19062500000000002 -0.007154917787302591
0.215625 -0.007132626174907211
0.240625 -0.007137543727444016
0.265625 -0.007178160793083144
0.290625 -0.007146604770789749
0.31562500000000004 -0.007109977696174939
0.340625 -0.0071496445885766155
0.36562500000000003 -0.007143770472514917
0.390625 -0.007079210436376016
0.415625 -0.0070663438527496306
0.44062500000000004 -0.006950473607361123
0.465625 -0.007490977514773165
0.484375 -0.013602735542252786
0.48495133956035297 0.009375000000000001
0.47187500000000004 0.006473485559011998
0.446875 0.007010352984284816
0.421875 0.007010857862251878
0.39687500000000003 0.0071169727144887035
0.371875 0.007118938674333019
0.34687500000000004 0.007120872595988157
0.321875 0.007170102450202509
0.296875 0.007157326935734002
0.27187500000000003 0.007113171790165957
0.246875 0.007148245975210983
0.22187500000000002 0.007166430698090259
0.19687500000000002 0.007118579895863215
0.171875 0.007114980178610843
0.146875 0.0071295115977116335
0.12187500000000001 0.007067609789250918
0.096875 0.007028721747485231
0.07187500000000001 0.007061204557932733
0.046875 0.007034174909583869
0.021875000000000002 0.006974360994920988
-0.003125 0.0069787003808196805
-0.028125 0.006960253541706228
-0.053125000000000006 0.00687545258469833
-0.078125 0.006856289472198715
-0.10312500000000001 0.0068727115613431995
-0.12812500000000002 0.006813119023673347
-0.153125 0.0067629564623519125
-0.178125 0.006765468479412879
-0.203125 0.00671048145288965
-0.22812500000000002 0.00662930698929879
-0.22812500000000002 0.00662930698929879

-0.48966208067855505 0.003125
-0.484375 -0.017703198301871507
-0.47842531204578126 0.003125
-0.4848838032804281 0.015625
-0.48966208067855505 0.003125

-0.240625 0.014779595395172785
-0.265625 0.014871245746114307
-0.290625 0.015006023539900121
-0.31562500000000004 0.015152752866784056
-0.340625 0.01528099534275117
-0.36562500000000003 0.015463864985498845
-0.37812500000000004 0.016033653245086515
-0.353125 0.020138600843000037
-0.33437500000000003 0.02472884195557777
-0.31562500000000004 0.03197576513011094
-0.29848977719166875 0.040625
-0.29830616261293497 0.053125000000000006
-0.31562500000000004 0.059761078984000834
-0.340625 0.06454138385159608
-0.359375 0.06687765352943169
-0.384375 0.06852309894728027
-0.40937500000000004 0.06782385009873322
-0.42812500000000003 0.06523866958095553
-0.45050714094427513 0.059375000000000004
-0.4659132445679269 0.053125000000000006
-0.484375 0.041817460351448815
-0.49538669009002784 0.028125
-0.5022666684718473 0.009375000000000001
-0.5010200611546007 -0.015625
-0.49139873157945263 -0.034375
-0.478125 -0.04631195517519081
-0.465625 -0.05334927751644068
-0.446875 -0.060867356715648774
-0.4253709188083534 -0.065625
-0.403125 -0.06825670414488741
-0.37812500000000004 -0.06830611670698009
-0.353125 -0.06617052225805974
-0.33437500000000003 -0.06357524648733871
-0.3140678982435657 -0.059375000000000004
-0.296875 -0.05112903772917578
-0.30312500000000003 -0.03807563361216873
-0.321875 -0.029651601668727996
-0.340625 -0.022512086682364728
-0.359375 -0.018899056428453465
-0.38120704695896995 -0.015625
-0.359375 -0.015438641380685066
-0.33437500000000003 -0.015250885072811178
-0.309375 -0.015085955240050202
-0.284375 -0.014971797745247178
-0.259375 -0.014858511281269492
-0.234375 -0.01473626793827232
-0.209375 -0.014657560650691107
-0.184375 -0.014585338533420257
-0.15937500000000002 -0.014465947476495647
-0.134375 -0.014372817088053333
-0.109375 -0.01431305890702363
-0.084375 -0.014222246494539268
-0.059375000000000004 -0.014134898611011467
-0.034375 -0.014103389062316174
-0.009375000000000001 -0.014038908271192531
0.015625 -0.013932453163963715
0.040625 -0.013881725835209446
0.065625 -0.013842498960433469
0.09062500000000001 -0.013762374682719089
0.115625 -0.013717403067718537
0.140625 -0.013716209387538304
0.16562500000000002 -0.01365354253086329
0.19062500000000002 -0.013584971662338284
0.215625 -0.01358027779215658
0.240625 -0.01355797269342561
0.265625 -0.013512510504885179
0.290625 -0.01353248027999819
0.31562500000000004 -0.013560858653583877
0.340625 -0.013529761157116417
0.36562500000000003 -0.013546992407803514
0.390625 -0.013625215263856648
0.415625 -0.013693486548007457
0.44062500000000004 -0.013925452412139598
0.465625 -0.013997191201316133
0.45984749135807096 -0.028125
0.4496416618787512 -0.040625
0.4406700058056724 -0.059375000000000004
0.44062500000000004 -0.07746982703166659
0.4494700348616829 -0.09062500000000001
0.465625 -0.09971156375733971
0.484375 -0.10318967417728336
0.503125 -0.1014987882828735
0.521875 -0.09295787553686212
0.5338974758155304 -0.078125
0.5357874509028735 -0.059375000000000004
0.5281250000000001 -0.041153883700911165
0.5198412377865521 -0.028125
0.509375 -0.014762005594114166
0.49986935296078955 0.003125
0.5107203154358019 0.015625
0.521875 0.03191686801515893
0.531497261847375 0.046875
0.5364322381434107 0.065625
0.5303288634652555 0.084375
0.515625 0.09677501609849089
0.496875 0.10263680399772261
0.4837124542595465 0.10312500000000001
0.45937500000000003 0.09709131338986958
0.446875 0.08798449384108173
0.43936936516137237 0.07187500000000001
0.44274038054679415 0.053125000000000006
0.453125 0.03637507731934337
0.465625 0.02283398075676085
0.45937500000000003 0.014517151089458707
0.434375 0.013825518930573079
0.40937500000000004 0.013660865639686933
0.384375 0.013587462289064088
0.359375 0.01358943931808892
0.33437500000000003 0.01354473590289141
0.309375 0.013501419201366455
0.284375 0.013530232422360868
0.259375 0.013545111252056138
0.234375 0.013536471958493283
0.209375 0.01359002540962332
0.184375 0.013649815510641268
0.15937500000000002 0.013644925622749325
0.134375 0.013676108945801718
0.109375 0.013750785510196605
0.084375 0.013786433258898138
0.059375000000000004 0.013826157630042859
0.034375 0.013926149411148083
0.009375000000000001 0.013990742407785164
-0.015625 0.014013248046134841
-0.040625 0.014091665627884296
-0.065625 0.01418078046437863
-0.09062500000000001 0.014234118150496019
-0.115625 0.014316630943605073
-0.140625 0.014433477171571282
-0.16562500000000002 0.014501363211833321
-0.19062500000000002 0.0145658854370994
-0.215625 0.014677516617002045
-0.240625 0.014779595395172785
-0.240625 0.014779595395172785

-0.22812500000000002 0.006668138448973257
-0.253125 0.0066649849345903015
-0.278125 0.006645855235335448
-0.30312500000000003 0.00656376115667899
-0.328125 0.006528017484011375
-0.353125 0.006508768320444723
-0.37812500000000004 0.00641286864875274
-0.403125 0.006331301265197521
-0.42812500000000003 0.006349530331881405
-0.453125 0.0063569746801530064
-0.4761867429284477 0.003125
-0.45937500000000003 -0.004921644109674108
-0.434375 -0.006354029841367782
-0.40937500000000004 -0.006370828421538381
-0.384375 -0.006430582045981636
-0.359375 -0.0064325191374382425
-0.33437500000000003 -0.006506344232681887
-0.309375 -0.0065923865571753774
-0.284375 -0.0066045649680079865
-0.259375 -0.006644168406976859
-0.234375 -0.006722419232380074
-0.209375 -0.0067324480958961385
-0.184375 -0.006739524556914321
-0.15937500000000002 -0.006826550838703811
-0.134375 -0.006875522080446336
-0.109375 -0.0068742591779231525
-0.084375 -0.006931074975490458
-0.059375000000000004 -0.006986744092009365
-0.034375 -0.0069671809067485095
-0.009375000000000001 -0.006994285697375558
0.015625 -0.0070786694041645275
0.040625 -0.007090948804626672
0.065625 -0.007090358588521559
0.09062500000000001 -0.0071514620613990195
0.115625 -0.007170381461196239
0.140625 -0.007138569740032328
0.16562500000000002 -0.007182480105421562
0.19062500000000002 -0.007236150929902211
0.215625 -0.007215216617744868
0.240625 -0.007221243990161073
0.265625 -0.007262659261504474
0.290625 -0.007231677659972612
0.31562500000000004 -0.007195318233504968
0.340625 -0.007234830947520126
0.36562500000000003 -0.0072283540645098
0.390625 -0.00716265005642987
0.415625 -0.007147680298423565
0.44062500000000004 -0.007028256286698016
0.465625 -0.0075617801619397755
0.484375 -0.013828396396243454
0.4849821038293844 0.009375000000000001
0.47187500000000004 0.006539070859055942
0.446875 0.007086995680515648
0.421875 0.007091462172225273
0.39687500000000003 0.007199919858390597
0.371875 0.007203322345829654
0.34687500000000004 0.007206006767638489
0.321875 0.0072554144290336905
0.296875 0.00724248804751238
0.27187500000000003 0.007197858837090168
0.246875 0.007232133652822693
0.22187500000000002 0.007249283754228932
0.19687500000000002 0.007200221824936248
0.171875 0.0071951359378186735
0.146875 0.0072079804564202325
0.12187500000000001 0.007144284356304769
0.096875 0.0071034254969909935
0.07187500000000001 0.007133772797492773
0.046875 0.007104509533116566
0.021875000000000002 0.00704235002481141
-0.003125 0.007044153133542593
-0.028125 0.007023091776639503
-0.053125000000000006 0.006935604786714634
-0.078125 0.0069136347677429865
-0.10312500000000001 0.006927158441852831
-0.12812500000000002 0.006864615724028482
-0.153125 0.00681140280015131
-0.178125 0.006810754063073856
-0.203125 0.006752572920155461
-0.22812500000000002 0.006668138448973257
-0.22812500000000002 0.006668138448973257

-0.4896629983721756 0.003125
-0.484375 -0.017714703371276733
-0.47842427934153253 0.003125
-0.4848866201345747 0.015625
-0.4896629983721756 0.003125

-0.240625 0.014705122110139471
-0.265625 0.014802576594732043
-0.290625 0.014944506723505916
-0.31562500000000004 0.0150983506859735
-0.340625 0.01523265792032854
-0.36562500000000003 0.015422233724782738
-0.385052081822626 0.015625
-0.36562500000000003 0.018819078214629272
-0.34687500000000004 0.022103326962760062
-0.328125 0.029468643129217733
-0.309375 0.038620976279423944
-0.30312500000000003 0.04692174373385261
-0.321875 0.057934613228907
-0.340625 0.062084037995824036
-0.36562500000000003 0.06544020611499188
-0.384375 0.06689217938443616
-0.40937500000000004 0.06666430025121312
-0.42812500000000003 0.06451427712095142
-0.44901766985001873 0.059375000000000004
-0.465625 0.05302289261258818
-0.484375 0.041662565790813795
-0.4953668942063551 0.028125
-0.5022663857835732 0.009375000000000001
-0.5010184135129117 -0.015625
-0.4913594790164219 -0.034375
-0.478125 -0.04618756437271712
-0.4652886610018989 -0.053125000000000006
-0.446875 -0.06025530902086721
-0.421875 -0.0653669223084873
-0.403125 -0.06699619330697779
-0.37812500000000004 -0.06653699293572546
-0.359375 -0.06477667174961765
-0.33437500000000003 -0.06091960291139667
-0.31562500000000004 -0.05588745357093225
-0.3030886212752202 -0.046875
-0.31562500000000004 -0.03449819654716863
-0.331273762174414 -0.028125
-0.3474664115703516 -0.021875000000000002
-0.371875 -0.017727346304839846
-0.384375 -0.015615921835909813
-0.359375 -0.01539594493977908
-0.33437500000000003 -0.015201148104676614
-0.309375 -0.015028929796835462
-0.284375 -0.01490864887585664
-0.259375 -0.014788888233744713
-0.234375 -0.014659466714903875
-0.209375 -0.014575039837215791
-0.184375 -0.014497351261128012
-0.15937500000000002 -0.014370771396343686
-0.134375 -0.014271413586626612
-0.109375 -0.014206931981426599
-0.084375 -0.014109892485446566
-0.059375000000000004 -0.014016421343010848
-0.034375 -0.013981272492467871
-0.009375000000000001 -0.01391192313510847
0.015625 -0.013798844674011617
0.040625 -0.013744111112922165
0.065625 -0.01370156677740375
0.09062500000000001 -0.013615990617050286
0.115625 -0.013567347673015975
0.140625 -0.01356468649453437
0.16562500000000002 -0.01349792468181901
0.19062500000000002 -0.01342507761784105
0.215625 -0.013419467334050854
0.240625 -0.013395412072919582
0.265625 -0.013347000606615183
0.290625 -0.01336746130336787
0.31562500000000004 -0.013396970772253925
0.340625 -0.013364386849491247
0.36562500000000003 -0.013382604747130997
0.390625 -0.013464916777717967
0.415625 -0.013535785636792499
0.44062500000000004 -0.013774627940423754
0.465625 -0.013816703780048173
0.4669315745808797 -0.021875000000000002
0.4561223787073017 -0.034375
0.446875 -0.051513075519951206
0.44433740878047384 -0.07187500000000001
0.453125 -0.08691020662608877
0.4712417632777249 -0.096875
0.49062500000000003 -0.09946972565905644
0.509375 -0.0958223265501936
0.5264450723158322 -0.084375
0.534375 -0.06651343499914224
0.5329213198264846 -0.053125000000000006
0.5236747738686072 -0.034375
0.5149588284116515 -0.021875000000000002
0.503125 -0.007349677705050097
0.5068995751285418 0.009375000000000001
0.515625 0.02344574229819653
0.5273508422051649 0.040625
0.5342383306349509 0.059375000000000004
0.5334635227755529 0.07187500000000001
0.521875 0.08880783750923285
0.5058041812631925 0.096875
0.484375 0.09933129023382348
0.465625 0.09490378612053825
0.45062569001758535 0.084375
0.4437225820677482 0.065625
0.4485899174125723 0.046875
0.45937500000000003 0.030800365676971236
0.47187500000000004 0.015795940092647672
0.45937500000000003 0.014380990489991734
0.434375 0.013671848793273097
0.40937500000000004 0.013501774424841208
0.384375 0.01342502606446409
0.359375 0.013426969204012538
0.33437500000000003 0.01338005737209079
0.309375 0.013334800088168276
0.284375 0.01336544668013037
0.259375 0.013381462786049072
0.234375 0.013372794237572101
0.209375 0.013429660400300749
0.184375 0.013493180045456025
0.15937500000000002 0.013489213543473516
0.134375 0.013523203183361452
0.109375 0.013602922148952592
0.084375 0.013641556343240109
0.059375000000000004 0.013684592685811254
0.034375 0.013790822887230492
0.009375000000000001 0.013860146357750097
-0.015625 0.013885731656996615
-0.040625 0.013969802674583778
-0.065625 0.014065045932944237
-0.09062500000000001 0.01412274139474375
-0.115625 0.014211018926258579
-0.140625 0.014335015730754568
-0.16562500000000002 0.014408197866617699
-0.19062500000000002 0.014477971233995602
-0.215625 0.014596627211655708
-0.240625 0.014705122110139471
-0.240625 0.014705122110139471

-0.22812500000000002 0.006706969908647723
-0.253125 0.006700479836792447
-0.278125 0.006677963925919687
-0.30312500000000003 0.006592439790611744
-0.328125 0.006553185421822457
-0.353125 0.006530375999129957
-0.37812500000000004 0.006430882848982613
-0.403125 0.006345658977105671
-0.42812500000000003 0.006360204229728063
-0.453125 0.006363611659871258
-0.4761934311492337 0.003125
-0.45937500000000003 -0.004927687886120704
-0.434375 -0.006363690062825325
-0.40937500000000004 -0.00638427663960992
-0.384375 -0.006447683228441421
-0.359375 -0.006453238281658339
-0.33437500000000003 -0.006530626232537251
-0.309375 -0.00662017171013185
-0.284375 -0.006635823885687978
-0.259375 -0.006678841230288568
-0.234375 -0.006760417976405255
-0.209375 -0.00677372836643101
-0.184375 -0.0067840299751213955
-0.15937500000000002 -0.006874194504791226
-0.134375 -0.006926235383537674
-0.109375 -0.006928004169661611
-0.084375 -0.006987722553602065
-0.059375000000000004 -0.00704618948326423
-0.034375 -0.007029365850628549
-0.009375000000000001 -0.007059105867952956
0.015625 -0.0071459897368815715
0.040625 -0.007160693244922013
0.065625 -0.007162430122149519
0.09062500000000001 -0.007225650054711576
0.115625 -0.007246563911293528
0.140625 -0.007216628721468374
0.16562500000000002 -0.007262225772905261
0.19062500000000002 -0.00731738407250183
0.215625 -0.007297807060582527
0.240625 -0.0073049442528781315
0.265625 -0.007347157729925804
0.290625 -0.007316750549155475
0.31562500000000004 -0.007280658770834996
0.340625 -0.0073200173064636356
0.36562500000000003 -0.007312937656504682
0.390625 -0.007246089676483724
0.415625 -0.007229016744097502
0.44062500000000004 -0.007106038966034911
0.465625 -0.007632582809106386
0.484375 -0.014054057250234125
0.4850128680984158 0.009375000000000001
0.47187500000000004 0.0066046561590998865
0.446875 0.0071636383767464794
0.421875 0.0071720664821986685
0.39687500000000003 0.007282867002292492
0.371875 0.007287706017326289
0.34687500000000004 0.007291140939288821
0.321875 0.00734072640786487
0.296875 0.007327649159290759
0.27187500000000003 0.007282545884014379
0.246875 0.007316021330434401
0.22187500000000002 0.007332136810367605
0.19687500000000002 0.0072818637540092825
0.171875 0.007275291697026504
0.146875 0.007286449315128831
0.12187500000000001 0.00722095892335862
0.096875 0.007178129246496755
0.07187500000000001 0.007206341037052814
0.046875 0.0071748441566492635
0.021875000000000002 0.007110339054701831
-0.003125 0.007109605886265505
-0.028125 0.007085930011572778
-0.053125000000000006 0.006995756988730938
-0.078125 0.006970980063287259
-0.10312500000000001 0.006981605322362464
-0.12812500000000002 0.006916112424383616
-0.153125 0.006859849137950707
-0.178125 0.00685603964673483
-0.203125 0.00679466438742127
-0.22812500000000002 0.006706969908647723
-0.22812500000000002 0.006706969908647723

-0.4896639160657962 0.003125
-0.484375 -0.017726208440681963
-0.47842324663728386 0.003125
-0.4848894369887212 0.015625
-0.4896639160657962 0.003125

