t f
0.0 0.0
0.2 -1.76840181293419e-14
0.4 -2.045833290462037e-14
0.6 -1.7110709848178873e-14
0.8 -8.673782888280338e-15
1.0 -1.9483450737996946e-14
1.2 -2.5761342403754583e-15
1.4 -5.126164773291578e-15
1.6 1.470112374766288e-14
1.8 9.104226428233087e-15
2.0 -2.28654782455134e-14
2.2 1.5067556113534358e-14
2.4 -1.238173279440755e-15
2.6 6.3114328917268295e-15
2.8 -3.396472324537242e-15
3.0 2.9128154732948475e-15
3.2 3.5540074476712134e-14
3.4 1.4469875495818745e-14
3.6 2.3646574312323342e-14
3.8 2.1842838794124865e-14
4.0 5.5802824402984825e-15
4.2 2.7129358808588394e-14
4.4 1.4362413513150983e-14
4.6 2.6543971290712025e-14
4.8 2.2558885084693728e-14
5.0 5.636657255693311e-15
5.2 2.8163866265152995e-14
5.4 2.903545750606529e-14
5.6 2.261867455004286e-14
5.8 1.988583256419374e-14
6.0 9.792933560607026e-15
6.2 1.442689981915946e-14
6.4 2.3832323673048194e-14
6.6 4.107846330710273e-14
6.8 1.2754549394215255e-14
7.0 4.964546727550207e-14
7.2 2.0405217815938573e-14
7.4 2.5098921379719103e-14
7.6 2.244717199488699e-14
7.8 3.98983261680625e-14
8.0 4.754600018521853e-14
8.2 3.6268513172354416e-14
8.4 3.6354577111291064e-14
8.6 4.091946525934783e-14
8.8 5.0088218087089654e-14
9.0 3.988201106544587e-14
9.2 4.463316644372298e-13
9.4 1.0042977699884534e-7
9.403125 9.351290543404395e-7
9.40625 1.101647426978168e-6
9.409375 1.2951184055723468e-6
9.4125 1.520134851334334e-6
9.415625 1.7818696990799465e-6
9.41875 2.086212168413081e-6
9.421875 2.4398953837912194e-6
9.425 2.8506279078176396e-6
9.428125 3.327236989601544e-6
9.43125 3.879826783665021e-6
9.434375 4.519955349993106e-6
9.4375 5.260832425976296e-6
9.440625 6.117542218019956e-6
9.44375 7.107292025332551e-6
9.446875 8.249692285997019e-6
9.45 9.567068492525997e-6
9.453125 1.1084812037069276e-5
9.45625 1.2831770322290345e-5
9.459375 1.4840683528703514e-5
9.4625 1.7148670417784658e-5
9.465625 1.9797769796416946e-5
9.46875 2.283554187066742e-5
9.471875 2.6315736246290965e-5
9.475 3.0299032468883396e-5
9.478125 3.485386012632952e-5
9.48125 4.00573049798408e-5
9.484375 4.599611082758199e-5
9.4875 5.2767783219208325e-5
9.490625 6.0481805142740984e-5
9.49375 6.926097396428415e-5
9.496875 7.924286970895424e-5
9.5 9.058146432892491e-5
9.503125 0.00010344888394966389
9.50625 0.0001180373358731095
9.509375 0.00013456121184220583
9.5125 0.00015325937948461245
9.515625 0.000174397677902112
9.51875 0.0001982716277913721
9.521875 0.00022520937192038298
9.525 0.00025557485985083577
9.528125 0.0002897712911242273
9.53125 0.0003282448330510511
9.534375 0.0003714886254110385
9.5375 0.00042004709006113547
9.540625 0.00047452055777321746
9.54375 0.0005355702263653019
9.546875 0.0006039234685524278
9.55 0.0006803794953736145
9.553125 0.0007658153952318894
9.55625 0.0008611925542334135
9.559375 0.0009675634712695385
9.5625 0.0010860789782660791
9.565625 0.0012179958632522643
9.56875 0.001364684916110651
9.571875 0.001527639383656931
9.575 0.001708483845301116
9.578125 0.001908983500765852
9.58125 0.0021310538622429536
9.584375 0.002376770842282525
9.5875 0.0026483812232730337
9.590625 0.0029483134898325154
9.59375 0.003279188986723511
9.596875 0.0036438333931648383
9.6 0.004045288472629954
9.603125 0.0044868240236638724
9.60625 0.004971950047961403
9.609375 0.005504429003994462
9.6125 0.006088288144879176
9.615625 0.006727831834331109
9.61875 0.007427653766823804
9.621875 0.008192649028265254
9.625 0.009028025841255845
9.628125 0.009939316970271225
9.63125 0.010932390604881116
9.634375 0.01201346062169238
9.6375 0.013189096141302287
9.640625 0.014466230053376992
9.64375 0.015852166736259582
9.646875 0.017354588267530655
9.65 0.0189815595737535
9.653125 0.02074153175032824
9.65625 0.02264334389968592
9.659375 0.024696222849427924
9.6625 0.0269097808895352
9.665625 0.029294011141534723
9.66875 0.031859280487662796
9.671875 0.03461631964287129
9.675 0.03757621051198438
9.678125 0.040750370201428514
9.68125 0.044150531954883596
9.684375 0.047788722347902164
9.6875 0.05167723502497888
9.690625 0.05582860023963709
9.69375 0.060255550762158216
9.696875 0.06497098310421676
9.7 0.0699879149830117
9.703125 0.07531943774492339
9.70625 0.08097866468165806
9.709375 0.08697867446116146
9.7125 0.09333245015093139
9.715625 0.10005281325969094
9.71875 0.10715235320562942
9.721875 0.11464335253131046
9.725 0.12253770709548713
9.728125 0.1308468417059936
9.73125 0.13958162278319994
9.734375 0.1487522651827867
9.7375 0.1583682368023722
9.740625 0.16843815897126177
9.74375 0.17896970393597705
9.746875 0.18996948955876053
9.75 0.20144297248787718
9.753125 0.21339433790227452
9.75625 0.22582639052596049
9.759375 0.23874044336244335
9.7625 0.25213620629550254
9.765625 0.266011677425053
9.76875 0.2803630333685085
9.771875 0.2951845251158811
9.775 0.3104683729243145
9.778125 0.3262046692894901
9.78125 0.3423812839389183
9.784375 0.35898377674582327
9.7875 0.3759953155101161
9.790625 0.39339660204410815
9.79375 0.4111658080294879
9.796875 0.42927851915362486
9.8 0.4477076894723072
9.803125 0.4664236075567872
9.80625 0.48539387703628833
9.809375 0.5045834051395415
9.8125 0.5239544115850239
9.815625 0.5434664467614114
9.81875 0.5630764272566852
9.821875 0.5827386879441546
9.825 0.6024050512806205
9.828125 0.6220249097660377
9.83125 0.6415453300072486
9.834375 0.6609111705194995
9.8375 0.6800652230995105
9.840625 0.6989483621852209
9.84375 0.7174997201022674
9.846875 0.7356568787106108
9.85 0.7533560716357833
9.853125 0.770532411276011
9.85625 0.7871201225225242
9.859375 0.8030528021063231
9.8625 0.8182636779761815
9.865625 0.8326858992924862
9.86875 0.846252817038446
9.871875 0.8588982938952671
9.875 0.8705570123451266
9.878125 0.8811647891718615
9.88125 0.8906589052408628
9.884375 0.8989784240809473
9.8875 0.9060645269117316
9.890625 0.9118608375115037
9.89375 0.9163137504900083
9.896875 0.9193727489037573
9.9 0.9209907222333842
9.903125 0.9211242727079183
9.90625 0.9197340118263589
9.909375 0.9167848381281694
9.9125 0.9122462127014955
9.915625 0.9060924022440904
9.91875 0.8983027177507968
9.921875 0.8888617204884618
9.925 0.8777594136471869
9.928125 0.8649913989657416
9.93125 0.8505590296538907
9.934375 0.8344695009005166
9.9375 0.8167359537878126
9.940625 0.797377511264736
9.94375 0.7764193029629186
9.946875 0.7538924697685916
9.95 0.7298341009188286
9.953125 0.7042871826879734
9.95625 0.6773004834108473
9.959375 0.6489284177822852
9.9625 0.6192308793651983
9.965625 0.5882730495709381
9.96875 0.5561251579570763
9.971875 0.5228622398129945
9.975 0.4885638326841787
9.978125 0.45331368615801354
9.98125 0.41719941372450475
9.984375 0.38031214097398724
9.9875 0.3427461219084754
9.990625 0.3045983479770765
9.99375 0.26596813248625933
9.996875 0.2269566868900317
10.0 0.18766667710507526
10.003125 0.14820178723502087
10.00625 0.10866625379932292
10.009375 0.0691644271388383
10.0125 0.029800302373192308
10.015625 -0.009322923452409858
10.01875 -0.04810330479528971
10.021875 -0.08644058421671949
10.025 -0.12423662386231421
10.028125 -0.1613958151436923
10.03125 -0.19782548383108878
10.034375 -0.23343626576301638
10.0375 -0.26814248126951706
10.040625 -0.30186245368537123
10.04375 -0.3345188429806412
10.046875 -0.3660389200030041
10.05 -0.39635483938086613
10.053125 -0.4254038649477776
10.05625 -0.45312857250119526
10.059375 -0.47947702146551086
10.0625 -0.5044029064152991
10.065625 -0.5278656451015888
10.06875 -0.5498304781503683
10.071875 -0.5702685012598641
10.075 -0.5891566766983136
10.078125 -0.6064778333345899
10.08125 -0.6222205980770542
10.084375 -0.6363793399686192
10.0875 -0.6489540510682698
10.090625 -0.6599502225863404
10.09375 -0.6693786849685787
10.096875 -0.6772554325214725
10.1 -0.6836014140709334
10.103125 -0.6884423179548983
10.10625 -0.691808323199588
10.109375 -0.6937338469790169
10.1125 -0.694257271885951
10.115625 -0.6934206618626935
10.11875 -0.6912694648772401
10.121875 -0.6878522143573604
10.125 -0.6832202183311444
10.128125 -0.677427250298391
10.13125 -0.6705292281980579
10.134375 -0.6625839080993473
10.1375 -0.6536505649548651
10.140625 -0.6437896868281789
10.14375 -0.6330626737991567
10.146875 -0.6215315332633807
10.15 -0.6092586027551883
10.153125 -0.5963062616417699
10.15625 -0.5827366716800669
10.159375 -0.5686115159216802
10.1625 -0.5539917615720018
10.165625 -0.5389374279586869
10.16875 -0.5235073777237704
10.171875 -0.5077591171412963
10.175 -0.49174861137718173
10.178125 -0.4755301243401925
10.18125 -0.459156065301042
10.184375 -0.44267685792569433
10.1875 -0.42614082201625164
10.190625 -0.40959407593823727
10.19375 -0.39308045141164466
10.196875 -0.3766414248005411
10.2 -0.3603160643766308
10.203125 -0.34414099449312235
10.20625 -0.3281503686922981
10.209375 -0.3123758629345517
10.2125 -0.29684667672387455
10.215625 -0.2815895486068993
10.21875 -0.26662878356623093
10.221875 -0.251986290851014
10.225 -0.2376816303779906
10.228125 -0.22373206928222292
10.23125 -0.2101526472502332
10.234375 -0.19695624726013922
10.2375 -0.1841536748506961
10.240625 -0.17175374007221092
10.24375 -0.1597633482370885
10.246875 -0.14818759047337615
10.25 -0.1370298406234643
10.253125 -0.12629185193223744
10.25625 -0.11597385730712076
10.259375 -0.1060746703117782
10.2625 -0.09659178473180322
10.265625 -0.08752147626979018
10.26875 -0.07885890167340559
10.271875 -0.07059819717239892
10.275 -0.06273257495351443
10.278125 -0.05525441753530639
10.28125 -0.048155368697837354
10.284375 -0.0414264229465102
10.2875 -0.03505800985028542
10.290625 -0.029040076083081554
10.29375 -0.02336216355525289
10.296875 -0.0180134831232274
10.3 -0.012982984607579007
10.303125 -0.008259422761988688
10.30625 -0.0038314187433829373
10.309375 0.00031248238592381276
10.3125 0.0041837586405010915
10.315625 0.007793861840606485
10.31875 0.01115417306011849
10.321875 0.014275961552228622
10.325 0.017170348111290843
10.328125 0.019848271855754468
10.33125 0.02232046102994656
10.334375 0.024597407117960244
10.3375 0.026689342582341475
10.340625 0.02860622159156613
10.34375 0.03035770403112704
10.346875 0.03195314219280079
10.35 0.03340157030520242
10.353125 0.03471169651055272
10.35625 0.03589189723374267
10.359375 0.03695021357196027
10.3625 0.037894349860430804
10.365625 0.03873167378751757
10.36875 0.03946921842008515
10.371875 0.04011368537839242
10.375 0.04067144961792754
10.378125 0.041148565121385865
10.38125 0.04155077173187043
10.384375 0.041883502805723935
10.3875 0.04215189360307584
10.390625 0.04236079032080698
10.39375 0.04251475958443343
10.396875 0.04261809837673257
10.4 0.0426748442456081
10.403125 0.042688785726167126
10.40625 0.04266347290145988
10.409375 0.04260222799341507
10.4125 0.042508155979338234
10.415625 0.042384155099529544
10.41875 0.04223292726815742
10.421875 0.042056988309319206
10.425 0.04185867797350199
10.428125 0.04164016972036275
10.43125 0.04140348022697465
10.434375 0.04115047859796577
10.4375 0.04088289525871892
10.440625 0.0406023305194743
10.44375 0.040310262796933345
10.446875 0.04000805648181701
10.45 0.03969696945856673
10.453125 0.03937816026006707
10.45625 0.03905269487289277
10.459375 0.03872155318750956
10.4625 0.03838563509943358
10.465625 0.038045766271410035
10.46875 0.0377027035593039
10.471875 0.03735714011793721
10.475 0.037009710189942924
10.478125 0.0366609935932927
10.48125 0.03631151991842518
10.484375 0.03596177244503782
10.4875 0.03561219179429793
10.490625 0.035263179325880224
10.49375 0.03491510029484163
10.496875 0.03456828677976471
10.5 0.03422304039485508
10.503125 0.03387963479969596
10.50625 0.03353831801594537
10.509375 0.03319931456565346
10.5125 0.0328628274410585
10.515625 0.032529039917080387
10.51875 0.03219811721715152
10.521875 0.031870208042712664
10.525 0.031545445975834405
10.528125 0.031223950764402503
10.53125 0.03090582949779159
10.534375 0.03059117768284865
10.5375 0.030280080226311377
10.540625 0.029972612331698453
10.54375 0.029668840318004173
10.546875 0.029368822365790567
10.55 0.029072609196913023
10.553125 0.028780244693951688
10.55625 0.028491766463620758
10.559375 0.02820720635029022
10.5625 0.027926590902201287
10.565625 0.027649941796917668
10.56875 0.02737727622708842
10.571875 0.02710860725258335
10.575 0.026843944120242286
10.578125 0.026583292555301424
10.58125 0.026326655026902467
10.584375 0.026074030989880953
10.5875 0.025825417105408897
10.590625 0.025580807442658525
10.59375 0.02534019366253647
10.596875 0.025103565186435167
10.6 0.02487090935048852
10.603125 0.024642211546951464
10.60625 0.02441745535452048
10.609375 0.024196622658160135
10.6125 0.023979693759139532
10.615625 0.023766647477478343
10.61875 0.023557461245967668
10.621875 0.02335211119856173
10.625 0.02315057225065231
10.628125 0.022952818176139523
10.63125 0.022758821677293102
10.634375 0.02256855445184142
10.6375 0.02238198725460309
10.640625 0.02219908995623296
10.64375 0.02201983159803428
10.646875 0.02184418044401834
10.65 0.021672104030048777
10.653125 0.0215035692101013
10.65625 0.021338542200908573
10.659375 0.021176988623148384
10.6625 0.021018873542168928
10.665625 0.020864161505714626
10.66875 0.020712816579865123
10.671875 0.02056480238464797
10.675 0.020420082126484034
10.678125 0.0202786186301466
10.68125 0.020140374369471956
10.684375 0.020005311496328334
10.6875 0.019873391868568294
10.690625 0.019744577076969735
10.69375 0.019618828470850065
10.696875 0.01949610718307747
10.7 0.01937637415333542
10.703125 0.0192595901512676
10.70625 0.01914571579800689
10.709375 0.01903471158708173
10.7125 0.01892653790461651
10.715625 0.01882115504852001
10.71875 0.018718523246417988
10.721875 0.018618602673736946
10.725 0.018521353470147606
10.728125 0.018426735755478315
10.73125 0.01833470964518681
10.734375 0.018245235264740537
10.7375 0.018158272763328726
10.740625 0.018073782327041397
10.74375 0.017991724191199134
10.746875 0.017912058652182695
10.75 0.017834746078188905
10.753125 0.017759746920125982
10.75625 0.017687021720880013
10.759375 0.017616531124844986
10.7625 0.017548235886327947
10.765625 0.01748209687770419
10.76875 0.01741807509652258
10.771875 0.01735613167264184
10.775 0.017296227874443654
10.778125 0.017238325114704054
10.78125 0.017182384955630826
10.784375 0.01712836911396951
10.7875 0.017076239465244794
10.790625 0.01702595804733844
10.79375 0.01697748706442132
10.796875 0.016930788889542987
10.8 0.016885826067216447
10.803125 0.016842561316059133
10.80625 0.016800957530165094
10.809375 0.016760977780686994
10.8125 0.016722585317341245
10.815625 0.016685743568918072
10.81875 0.016650416143935507
10.821875 0.016616566830983653
10.825 0.01658415959890467
10.828125 0.016553158596372363
10.83125 0.016523528151730128
10.834375 0.016495232772369885
10.8375 0.016468237144022638
10.840625 0.016442506129922665
10.84375 0.016418004769820083
10.846875 0.016394698278997588
10.85 0.016372552046961947
10.853125 0.016351531636341912
10.85625 0.01633160278187267
10.859375 0.01631273138869637
10.8625 0.016294883531486427
10.865625 0.01627802545332637
10.86875 0.016262123564045362
10.871875 0.016247144439854606
10.875 0.016233054821767613
10.878125 0.016219821614961796
10.88125 0.016207411888134224
10.884375 0.01619579287256399
10.8875 0.016184931962089154
10.890625 0.016174796712436944
10.89375 0.0161653548414594
10.896875 0.01615657422905916
10.9 0.01614842291771708
10.903125 0.01614086911297562
10.90625 0.01613388118439451
10.909375 0.016127427666495588
10.9125 0.01612147726034782
10.915625 0.016115998835181562
10.91875 0.016110961430327968
10.921875 0.01610633425744395
10.925 0.016102086703184276
10.928125 0.01609818833209915
10.93125 0.016094608889736652
10.934375 0.016091318306275373
10.9375 0.016088286700357335
10.940625 0.0160854843832724
10.94375 0.016082881863471246
10.946875 0.016080449851368698
10.95 0.016078159264578624
10.953125 0.016075981233387562
10.95625 0.01607388710652925
10.959375 0.01607184845727975
10.9625 0.016069837089845242
10.965625 0.016067825046357623
10.96875 0.016065784613466385
10.971875 0.016063688329914356
10.975 0.016061508994079765
10.978125 0.016059219671673768
10.98125 0.01605679370387644
10.984375 0.01605420471568764
10.9875 0.016051426624335004
10.990625 0.016048433648167684
10.99375 0.016045200315359446
10.996875 0.016041701473130356
11.0 0.016037912297079012
11.003125 0.016033808300321993
11.00625 0.01602936534321574
11.009375 0.016024559642772777
11.0125 0.016019367782635234
11.015625 0.01601376672248682
11.01875 0.016007733808050855
11.021875 0.0160012467809948
11.025 0.01599428378844223
11.028125 0.01598682339316739
11.03125 0.015978844583030713
11.034375 0.015970326780924794
11.0375 0.015961249854255184
11.040625 0.0159515941246634
11.04375 0.015941340377194035
11.046875 0.015930469869897598
11.05 0.015918964342558052
11.053125 0.015906806026135093
11.05625 0.015893977651019797
11.059375 0.015880462455892964
11.0625 0.015866244195915924
11.065625 0.015851307150874135
11.06875 0.015835636132754
11.071875 0.015819216493516232
11.075 0.015802034132078816
11.078125 0.01578407550125279
11.08125 0.01576532761447304
11.084375 0.015745778051614166
11.0875 0.01572541496524834
11.090625 0.01570422708587562
11.09375 0.015682203727050273
11.096875 0.015659334790166884
11.1 0.015635610768674438
11.2 0.01439967079409338
11.4 0.009958763405717679
11.6 0.006215324485912677
11.8 0.004840024013133044
12.0 0.004620166682154454
12.2 0.004465853924886644
12.4 0.00418004683212621
12.6 0.003863273667927005
12.8 0.00357445988814005
13.0 0.0033218428657108812
