x y
-0.353125 0.006594600878623657
-0.37812500000000004 0.006795834673503028
-0.403125 0.006802446864319376
-0.42812500000000003 0.007029205848804728
-0.453125 0.0074173492209678865
-0.4766222728236105 0.003125
-0.484375 0.013598070176192328
-0.49062500000000003 5.102863008036966e-5
-0.49062500000000003 -0.020962494302198743
-0.496875 -0.007877854878787886
-0.5065966173802045 0.003125
-0.5019217206930671 0.021875000000000002
-0.49062500000000003 0.03924757945662323
-0.478125 0.0503082950291915
-0.4628655503200186 0.059375000000000004
-0.446875 0.06783960647560572
-0.42812500000000003 0.07465530633075772
-0.40937500000000004 0.0788876113087612
-0.384375 0.08064070144985086
-0.36562500000000003 0.07563404629752535
-0.353125 0.0643873322864762
-0.3402399604902998 0.053125000000000006
-0.32306299084439516 0.040625
-0.3151682406022903 0.028125
-0.31562500000000004 0.019790790170277295
-0.31562500000000004 0.015531085584373015
-0.290625 0.015406032244178443
-0.265625 0.015351638280207566
-0.240625 0.015278184284787697
-0.215625 0.01501853534057632
-0.19062500000000002 0.01491427064553041
-0.16562500000000002 0.01487039400083049
-0.140625 0.014734331233227784
-0.115625 0.014547270693794804
-0.09062500000000001 0.014475558661300156
-0.065625 0.01423395652495112
-0.040625 0.013831945674387995
-0.015625 0.013667086060953066
0.009375000000000001 0.01347724404766388
0.034375 0.013089580972493114
0.059375000000000004 0.01268220893931837
0.084375 0.01236354653200484
0.109375 0.011623212565862516
0.134375 0.010777960610810725
0.15937500000000002 0.010153247729820796
0.171875 0.009289244311504078
0.146875 0.009125476038969071
0.12187500000000001 0.008934948141783753
0.096875 0.008700745019028924
0.07187500000000001 0.008549948701903416
0.046875 0.008433540254392092
0.021875000000000002 0.008159478859618523
-0.003125 0.00790947865863417
-0.028125 0.00783710666426007
-0.053125000000000006 0.0076487271684754065
-0.078125 0.007417480387846669
-0.10312500000000001 0.007393561883145104
-0.12812500000000002 0.007315818741191934
-0.153125 0.0069471431700836896
-0.178125 0.006818472949920143
-0.203125 0.0068776187526995245
-0.22812500000000002 0.006678521832414521
-0.253125 0.006557582891400649
-0.278125 0.006735129624155036
-0.30312500000000003 0.006661936779485376
-0.328125 0.00640137592804745
-0.353125 0.006594600878623657
-0.353125 0.006594600878623657

-0.07187500000000001 -0.08272936419785887
-0.09069544621193736 -0.084375
-0.115625 -0.08617499882077218
-0.140625 -0.08793337799817863
-0.16562500000000002 -0.08960805797427575
-0.184375 -0.09077039732420941
-0.209375 -0.09216498725391972
-0.234375 -0.09309529534644527
-0.259375 -0.09324444844587866
-0.284375 -0.09226446463866599
-0.30312500000000003 -0.09053957588403369
-0.328125 -0.08706712921913723
-0.34687500000000004 -0.0830743297270651
-0.36562500000000003 -0.07780647868301117
-0.384375 -0.07116938932092118
-0.403125 -0.06264968448015792
-0.41860799319644304 -0.053125000000000006
-0.4339986813301821 -0.040625
-0.44685149269755775 -0.028125
-0.4590299636481832 -0.015625
-0.47187500000000004 -0.02017553688542704
-0.478125 -0.0038809055503829237
-0.465625 -0.008287539417298666
-0.44062500000000004 -0.004872074387539211
-0.415625 -0.005963326721153576
-0.390625 -0.005892145124654472
-0.36562500000000003 -0.006080375845052777
-0.340625 -0.006518774270146383
-0.31562500000000004 -0.006553067884502313
-0.290625 -0.00655184249756583
-0.265625 -0.0068295816181808845
-0.240625 -0.006855251937219727
-0.215625 -0.006562995283614818
-0.19062500000000002 -0.006647614543020951
-0.16562500000000002 -0.006772366974442677
-0.140625 -0.006591252793090852
-0.115625 -0.006581589868005925
-0.09062500000000001 -0.006758729636755129
-0.065625 -0.006523687634672605
-0.040625 -0.006201298459971345
-0.015625 -0.0063187926914769245
0.009375000000000001 -0.006213364147112115
0.034375 -0.005887022344771346
0.059375000000000004 -0.005907292036631548
0.084375 -0.005849772062362963
0.109375 -0.005222520228686314
0.134375 -0.004821588886154103
0.15937500000000002 -0.004662826122628451
0.184375 -0.0039299113354826975
0.20908554740346866 -0.003125
0.21586345558849193 -0.003125
0.240625 -0.0027779164393493543
0.265625 -0.002557376871755515
0.290625 -0.0022892232787609856
0.31562500000000004 -0.002067372695568865
0.340625 -0.001905486206345506
0.36562500000000003 -0.001630660058052761
0.390625 -0.0014630087404946005
0.415625 -0.0014308688590372086
0.44062500000000004 -0.0011635545943132742
0.465625 -0.001459046890725275
0.48324058638280076 -0.009375000000000001
0.49062500000000003 -0.001436953686488382
0.503125 0.005250379557034239
0.509375 0.015655714238135048
0.5317596743076344 0.015625
0.5524569345783588 0.009375000000000001
0.565625 -0.0005731175793919378
0.5771840562687537 -0.015625
0.5858899168726222 -0.028125
0.596875 -0.044773074320077474
0.6048316759433695 -0.059375000000000004
0.6108992109163299 -0.078125
0.6116775002867345 -0.10312500000000001
0.6056020176378797 -0.12187500000000001
0.596875 -0.13451978203543616
0.5828887026904784 -0.146875
0.565625 -0.1566731591257962
0.546875 -0.16363647262418488
0.5281250000000001 -0.16828201267598963
0.503125 -0.1717920383542325
0.484375 -0.17311143044524593
0.45937500000000003 -0.1732027383248775
0.43632333408343515 -0.171875
0.415625 -0.16993949088280969
0.390625 -0.1664867247630696
0.371875 -0.1633722382329719
0.35125365469572617 -0.15937500000000002
0.328125 -0.15447970152142781
0.309375 -0.1501575578865712
0.290625 -0.14556555329697712
0.27130977498062203 -0.140625
0.24790834595121874 -0.134375
0.22812500000000002 -0.12886201160902502
0.209375 -0.1234632720106761
0.19062500000000002 -0.11790589432485515
0.171875 -0.1121891831041212
0.153125 -0.10629374111501401
0.134375 -0.10016129543335424
0.115625 -0.0936264227313975
0.096875 -0.08609535256848246
0.09062500000000001 -0.07670553086290079
0.109375 -0.07131018122211003
0.134375 -0.06738514857092166
0.153125 -0.06453821519956285
0.178125 -0.061003284065394354
0.19687500000000002 -0.058302101255893427
0.22187500000000002 -0.05481488787365151
0.240625 -0.052144275744906134
0.265625 -0.04870163011165233
0.284375 -0.04606090555390922
0.309375 -0.04265129810128153
0.328125 -0.040000516635504677
0.353125 -0.03649454113719787
0.371875 -0.03370787294487891
0.39687500000000003 -0.02980969579760826
0.415625 -0.026526286125798985
0.4396219807849576 -0.021875000000000002
0.45937500000000003 -0.01708800419980417
0.45937500000000003 -0.015306459450826992
0.434375 -0.014420332289604836
0.40937500000000004 -0.01411929732698861
0.384375 -0.01389047739729303
0.359375 -0.013785912822048337
0.33437500000000003 -0.013675553885008464
0.309375 -0.013591181891341916
0.284375 -0.013596096002619611
0.259375 -0.0135334969353598
0.234375 -0.01351972199140987
0.209375 -0.013610165033900674
0.184375 -0.013657937212293893
0.15937500000000002 -0.013655941696625649
0.134375 -0.01377155754244094
0.109375 -0.013825088579108967
0.084375 -0.013747006293453965
0.059375000000000004 -0.01387721203130286
0.034375 -0.014035484337558257
0.009375000000000001 -0.01408866535093921
-0.015625 -0.014156136528240841
-0.040625 -0.014329898856006322
-0.065625 -0.014304253588709735
-0.09062500000000001 -0.01429861357185736
-0.115625 -0.014497713803189274
-0.140625 -0.014627896064286678
-0.16562500000000002 -0.014685808414901809
-0.19062500000000002 -0.014818909399803619
-0.215625 -0.014961891373780938
-0.240625 -0.014909459238465003
-0.265625 -0.015024430802852292
-0.290625 -0.015229834510057348
-0.31562500000000004 -0.01536498786591516
-0.340625 -0.015477232111806655
-0.3624038609370765 -0.015625
-0.340625 -0.01703407803428994
-0.31562500000000004 -0.018314285402220645
-0.290625 -0.019928892795580046
-0.265625 -0.021633140034270394
-0.246875 -0.023179498979125437
-0.22187500000000002 -0.026056861772771753
-0.20178328909826804 -0.028125
-0.178125 -0.030915124416453974
-0.153125 -0.0336979625641523
-0.134375 -0.036198920585738384
-0.109375 -0.03969765947953052
-0.09062500000000001 -0.04293303713166142
-0.0680620768425019 -0.046875
-0.046875 -0.05197218221077487
-0.028125 -0.05717769492961088
-0.009375000000000001 -0.06377684859256529
-0.003125 -0.0731556489336642
-0.02492420643303574 -0.078125
-0.046875 -0.08035453982328944
-0.07187500000000001 -0.08272936419785887
-0.07187500000000001 -0.08272936419785887

-0.33624551584563983 0.015625
-0.33624551584563983 0.015625
-0.33624551584563983 0.015625

-0.448386708468401 -0.015625
-0.448386708468401 -0.015625
-0.448386708468401 -0.015625

-0.37509452239819036 -0.015625
-0.37509452239819036 -0.015625
-0.37509452239819036 -0.015625

0.49593685487972305 0.009375000000000001
0.49593685487972305 0.009375000000000001
0.49593685487972305 0.009375000000000001

-0.33437500000000003 -0.08291439808782654
-0.35594074587105384 -0.078125
-0.37684378313627276 -0.07187500000000001
-0.3928584045301844 -0.065625
-0.40937500000000004 -0.057558921946333025
-0.42513348527040606 -0.046875
-0.4395094976948646 -0.034375
-0.453125 -0.024212838920921374
-0.465625 -0.013156489569576286
-0.478125 -0.014664639709857638
-0.47187500000000004 -0.0017779835693108926
-0.453125 -0.004487368449390853
-0.42812500000000003 -0.00559967687180689
-0.403125 -0.005892950458010656
-0.37812500000000004 -0.006039962654156869
-0.353125 -0.006495467799851356
-0.328125 -0.006723926863502956
-0.30312500000000003 -0.006517086172107564
-0.278125 -0.0066108852294995985
-0.253125 -0.00684308087317472
-0.22812500000000002 -0.006746921298792777
-0.203125 -0.006728340813364974
-0.178125 -0.0069565069450848345
-0.153125 -0.006863629429938805
-0.12812500000000002 -0.006559601821780961
-0.10312500000000001 -0.006677750859117424
-0.078125 -0.006714360016117992
-0.053125000000000006 -0.006486126242145482
-0.028125 -0.006520243693701503
-0.003125 -0.00663346637069556
0.021875000000000002 -0.00625980463736657
0.046875 -0.005959193193833809
0.07187500000000001 -0.006048026610043258
0.096875 -0.0057665479442293825
0.12187500000000001 -0.005349768928829935
0.146875 -0.005290467713167759
0.171875 -0.004913437757213566
0.19687500000000002 -0.003972371188107914
0.22187500000000002 -0.0032651056346975444
0.240625 -0.002945330730794507
0.265625 -0.002717607051635802
0.290625 -0.0024404684345505374
0.31562500000000004 -0.0022101246090129034
0.340625 -0.002040596684435344
0.36562500000000003 -0.0017545479798534644
0.390625 -0.0015768564224504815
0.415625 -0.0015360125189024447
0.44062500000000004 -0.0012532153211738707
0.465625 -0.0015428153671903746
0.4831619900155927 -0.009375000000000001
0.49062500000000003 -0.0014878177720027421
0.503125 0.00587186538675848
0.5098177557811393 0.015625
0.5308836827250812 0.015625
0.5517529779874064 0.009375000000000001
0.565625 -0.0015741811068751411
0.5761215982962964 -0.015625
0.584375 -0.028191182766416047
0.596354639200286 -0.046875
0.603125 -0.061309241945688514
0.6085613362392759 -0.084375
0.6054568587487883 -0.109375
0.596875 -0.12560539854879785
0.584375 -0.13860452036336834
0.571875 -0.14703200414210724
0.553125 -0.15572371765164847
0.534375 -0.161333117504527
0.5097090842870068 -0.16562500000000002
0.49062500000000003 -0.16738755584042206
0.465625 -0.16775830128205776
0.44062500000000004 -0.16636723271367443
0.421875 -0.16444270735903938
0.39687500000000003 -0.16079177596006228
0.37812500000000004 -0.15736367206448373
0.3582597387214744 -0.153125
0.33437500000000003 -0.14741530073608003
0.31562500000000004 -0.1424553830476117
0.296875 -0.13708020526789
0.278125 -0.13129044653729002
0.259375 -0.12503145887570438
0.240625 -0.1181653156329839
0.22187500000000002 -0.1103958338309031
0.20734035406764828 -0.10312500000000001
0.1936237147206254 -0.09062500000000001
0.203125 -0.07746403274692089
0.22187500000000002 -0.07000161189064072
0.240625 -0.0644965562718624
0.26109618584554395 -0.059375000000000004
0.284375 -0.054306934026747536
0.30312500000000003 -0.05048129708180102
0.321875 -0.04674354671084726
0.34687500000000004 -0.04204164466955521
0.36562500000000003 -0.03854185364581421
0.38739303495724664 -0.034375
0.40937500000000004 -0.030082495965695
0.42812500000000003 -0.026045693593346433
0.446875 -0.021857613174748707
0.4686092848867879 -0.015625
0.446875 -0.014335504378513867
0.421875 -0.013989528626073772
0.39687500000000003 -0.013642293011991945
0.371875 -0.013463068807711902
0.34687500000000004 -0.013358206490326584
0.321875 -0.01324389669427009
0.296875 -0.013219404009460842
0.27187500000000003 -0.013232837200405993
0.246875 -0.013188692596147316
0.22187500000000002 -0.013228047821056249
0.19687500000000002 -0.013295989478684605
0.171875 -0.013218745960682001
0.146875 -0.013291393043487153
0.12187500000000001 -0.013455571740958709
0.096875 -0.013519808357436717
0.07187500000000001 -0.013561415023763108
0.046875 -0.013742942446663482
0.021875000000000002 -0.013771504558178056
-0.003125 -0.013724927333513173
-0.028125 -0.013921741318568829
-0.053125000000000006 -0.014089179015213829
-0.078125 -0.014151337122594573
-0.10312500000000001 -0.014269393303012348
-0.12812500000000002 -0.014451848134031458
-0.153125 -0.014404477537062995
-0.178125 -0.014467920948164003
-0.203125 -0.014692844312428921
-0.22812500000000002 -0.014829811613483035
-0.253125 -0.014919519530380395
-0.278125 -0.015101793515024524
-0.30312500000000003 -0.01524613603512092
-0.328125 -0.015248457221850673
-0.353125 -0.015428721284862855
-0.37808398197632753 -0.015625
-0.353125 -0.017379682821170587
-0.328125 -0.018978760234181918
-0.30312500000000003 -0.019864782336644602
-0.278125 -0.021718762160262625
-0.259375 -0.02378604013971635
-0.234375 -0.027205135534338065
-0.215625 -0.029642276469500174
-0.19062500000000002 -0.03327711568310633
-0.171875 -0.03628363426998864
-0.1486743611695344 -0.040625
-0.12812500000000002 -0.045958475276267105
-0.109375 -0.053040625790739294
-0.10312500000000001 -0.06239209029255248
-0.11899158667109483 -0.07187500000000001
-0.140625 -0.07647332127191647
-0.15937500000000002 -0.07950576909615521
-0.184375 -0.08268799639217492
-0.203125 -0.08467696241869409
-0.22812500000000002 -0.08680445229796484
-0.253125 -0.08809184566554484
-0.278125 -0.0882514827768792
-0.30312500000000003 -0.08698203922915641
-0.3245812470387243 -0.084375
-0.33437500000000003 -0.08291439808782654

-0.353125 0.006621515963692853
-0.37812500000000004 0.006816866856992574
-0.403125 0.006818802782992189
-0.42812500000000003 0.007040725561795745
-0.453125 0.007423874533515387
-0.4766259014937582 0.003125
-0.484375 0.013600201358167195
-0.49062500000000003 5.064614187656096e-5
-0.49062500000000003 -0.020949277325674382
-0.496875 -0.007878368412390483
-0.5065963249954095 0.003125
-0.5019186195703186 0.021875000000000002
-0.49062500000000003 0.03922092380204378
-0.478125 0.0502153941347886
-0.4625046034460391 0.059375000000000004
-0.446875 0.0674061009795981
-0.42812500000000003 0.07393315673735086
-0.4055534467109946 0.078125
-0.384375 0.07844998069602327
-0.3662276886583085 0.07187500000000001
-0.353125 0.05988370669948407
-0.340625 0.04930933018754831
-0.328125 0.036150040699226595
-0.328125 0.018176040992919626
-0.34850281654858184 0.015625
-0.328125 0.01557981068394155
-0.30312500000000003 0.015323559184473316
-0.278125 0.015188230484486604
-0.253125 0.015150480340609732
-0.22812500000000002 0.015048066850360692
-0.203125 0.014890193207817034
-0.178125 0.01482793167451998
-0.153125 0.014674155872073807
-0.12812500000000002 0.014322685067387837
-0.10312500000000001 0.014181361655883842
-0.078125 0.014069268658640454
-0.053125000000000006 0.013807016579236272
-0.028125 0.0135021953426947
-0.003125 0.013326844256138136
0.021875000000000002 0.012852011754594555
0.046875 0.012237364704933206
0.07187500000000001 0.01189377701812224
0.096875 0.011430159235100679
0.12187500000000001 0.010614407469549282
0.146875 0.009772719316900432
0.146875 0.00929335676691891
0.12187500000000001 0.009095186449176068
0.096875 0.008854128269666578
0.07187500000000001 0.008695905843681514
0.046875 0.008570794015938958
0.021875000000000002 0.008289595606011849
-0.003125 0.00803284847540915
-0.028125 0.007951417002637982
-0.053125000000000006 0.007755196547133381
-0.078125 0.00751814466689875
-0.10312500000000001 0.0074855167718244275
-0.12812500000000002 0.007399506398486628
-0.153125 0.007025825867341525
-0.178125 0.006890357120809808
-0.203125 0.0069408130079411795
-0.22812500000000002 0.00673594044562387
-0.253125 0.006609334070616583
-0.278125 0.00677898158788612
-0.30312500000000003 0.0066998246551108216
-0.328125 0.006434576704210899
-0.353125 0.006621515963692853
-0.353125 0.006621515963692853

-0.44870268856682544 -0.015625
-0.44870268856682544 -0.015625
-0.44870268856682544 -0.015625

0.49429169287202285 0.009375000000000001
0.49429169287202285 0.009375000000000001
0.49429169287202285 0.009375000000000001

-0.33437500000000003 -0.08025515079966465
-0.353125 -0.07663697261019925
-0.371875 -0.0715671130934168
-0.390625 -0.0649274646415432
-0.40937500000000004 -0.056056863850024424
-0.4233859587104525 -0.046875
-0.43845226353942657 -0.034375
-0.453125 -0.023786298343826916
-0.465625 -0.013126302318826475
-0.478125 -0.01465883219290184
-0.47187500000000004 -0.0017817283975578757
-0.453125 -0.004501300236967087
-0.42812500000000003 -0.005617619069637987
-0.403125 -0.005915417045336475
-0.37812500000000004 -0.0060679469482158134
-0.353125 -0.00652740805438172
-0.328125 -0.006760399293531148
-0.30312500000000003 -0.006560833947625459
-0.278125 -0.006661010532536064
-0.253125 -0.006898164212714102
-0.22812500000000002 -0.006810401627373064
-0.203125 -0.006801154236960701
-0.178125 -0.007035778864942358
-0.153125 -0.006952931619510411
-0.12812500000000002 -0.006663346814562784
-0.10312500000000001 -0.006791592629914898
-0.078125 -0.006838635231015484
-0.053125000000000006 -0.006628942756323081
-0.028125 -0.006679060804006936
-0.003125 -0.0068057783430564445
0.021875000000000002 -0.0064574901087005795
0.046875 -0.006186009682967395
0.07187500000000001 -0.006294850788813401
0.096875 -0.006044795985927401
0.12187500000000001 -0.005674253803529119
0.146875 -0.005653339823899938
0.171875 -0.0053275917999310585
0.19687500000000002 -0.0044644435965158335
0.22187500000000002 -0.0038458453485811566
0.240625 -0.0031127450222396594
0.265625 -0.002877837231516089
0.290625 -0.0025917135903400887
0.31562500000000004 -0.002352876522456942
0.340625 -0.0021757071625251815
0.36562500000000003 -0.0018784359016541677
0.390625 -0.0016907041044063621
0.415625 -0.0016411561787676807
0.44062500000000004 -0.0013428760480344675
0.465625 -0.001626583843655474
0.4830833936483846 -0.009375000000000001
0.49062500000000003 -0.001538681857517102
0.503125 0.00649335121648272
0.5104101076238836 0.015625
0.5300076911425281 0.015625
0.5510490213964541 0.009375000000000001
0.565625 -0.002575244634358345
0.5750591403238391 -0.015625
0.584375 -0.030277163219475017
0.5946458281640703 -0.046875
0.6024304758211476 -0.065625
0.605475297505592 -0.084375
0.6029832558450263 -0.10312500000000001
0.5936296508875302 -0.12187500000000001
0.5815620946378082 -0.134375
0.565625 -0.1448454292393864
0.546875 -0.1526950370661638
0.5281250000000001 -0.15784724959863905
0.509375 -0.16097835538818714
0.484375 -0.1628523896358851
0.45937500000000003 -0.1625673951431722
0.434375 -0.16049082904178463
0.415625 -0.1579889256942975
0.390625 -0.15347567209877186
0.371875 -0.14937891396473274
0.353125 -0.14463066533998525
0.33437500000000003 -0.13929459876842692
0.31562500000000004 -0.13334911440981959
0.296875 -0.12667013204060246
0.278125 -0.118965270830326
0.259375 -0.1095877790822358
0.246875 -0.09979068922968029
0.246875 -0.08226891983233535
0.26340643014623294 -0.07187500000000001
0.27947228960658776 -0.065625
0.29910973310798017 -0.059375000000000004
0.3218544012911819 -0.053125000000000006
0.340625 -0.04845053375139161
0.359375 -0.04399628738941116
0.37812500000000004 -0.03962747466577036
0.40090373549943764 -0.034375
0.421875 -0.029460426799301102
0.44062500000000004 -0.02464248530064056
0.45937500000000003 -0.019047343421034858
0.45937500000000003 -0.014879851658702689
0.434375 -0.013864213770400225
0.40937500000000004 -0.01350691323426498
0.384375 -0.013226079538299282
0.359375 -0.013095509366573282
0.33437500000000003 -0.012958137207523313
0.309375 -0.012852667961516866
0.284375 -0.012857115929243105
0.259375 -0.012789601802770828
0.234375 -0.012774139427567313
0.209375 -0.012886566027537022
0.184375 -0.012949412141669201
0.15937500000000002 -0.012954261723374196
0.134375 -0.013101112212395651
0.109375 -0.013178194929777518
0.084375 -0.013105219847823844
0.059375000000000004 -0.013267719153590155
0.034375 -0.013468385343096518
0.009375000000000001 -0.013540959566797317
-0.015625 -0.013635494953640104
-0.040625 -0.013851824942114873
-0.065625 -0.013844917444007024
-0.09062500000000001 -0.013857335871909189
-0.115625 -0.014099985436666684
-0.140625 -0.014264561563833152
-0.16562500000000002 -0.01434345317459554
-0.19062500000000002 -0.014511697492602033
-0.215625 -0.014688088761577641
-0.240625 -0.014652057807131306
-0.265625 -0.014794063273701103
-0.290625 -0.015035370429144022
-0.31562500000000004 -0.015195690282776248
-0.340625 -0.01533110888349943
-0.36562500000000003 -0.01554095475203315
-0.3869603764196637 -0.015625
-0.36562500000000003 -0.016501121217434495
-0.340625 -0.01842747299868058
-0.31562500000000004 -0.0200653172168288
-0.2924108783380134 -0.021875000000000002
-0.27187500000000003 -0.024519625706884776
-0.2471480987038371 -0.028125
-0.22812500000000002 -0.03112051393327745
-0.20750293114280638 -0.034375
-0.184375 -0.0396002660310339
-0.16562500000000002 -0.0452236285518595
-0.15010845524528707 -0.053125000000000006
-0.15937500000000002 -0.06732177825583817
-0.178125 -0.07297804439153813
-0.203125 -0.07771549457168136
-0.22187500000000002 -0.08033009002378931
-0.246875 -0.08283283533136271
-0.27187500000000003 -0.08406735062646477
-0.296875 -0.08385594646330506
-0.321875 -0.08197272385240274
-0.33437500000000003 -0.08025515079966465

-0.353125 0.006648431048762048
-0.37812500000000004 0.006837899040482119
-0.403125 0.006835158701665001
-0.42812500000000003 0.0070522452747867614
-0.453125 0.007430399846062888
-0.47662953016390586 0.003125
-0.484375 0.013602332540142061
-0.49062500000000003 5.026365367275182e-5
-0.49062500000000003 -0.020936060349150024
-0.496875 -0.00787888194599308
-0.5065960326106146 0.003125
-0.50191551844757 0.021875000000000002
-0.49062500000000003 0.03919426814746434
-0.478125 0.0501224932403857
-0.46214365657205964 0.059375000000000004
-0.446875 0.06697259548359048
-0.42812500000000003 0.07321100714394402
-0.403125 0.07735913272428573
-0.37812500000000004 0.0749385490884839
-0.3632391886240231 0.065625
-0.349285246572854 0.053125000000000006
-0.33667431499466177 0.040625
-0.3290009266843093 0.021875000000000002
-0.35180959813595547 0.015625
-0.328125 0.015509751202727014
-0.30312500000000003 0.015239311147811904
-0.278125 0.015090033348758837
-0.253125 0.01504240947240056
-0.22812500000000002 0.01492463665696036
-0.203125 0.01474701253664475
-0.178125 0.014670170784363959
-0.153125 0.014496667165975797
-0.12812500000000002 0.014113086731050816
-0.10312500000000001 0.013947451958021048
-0.078125 0.013814781859494073
-0.053125000000000006 0.013515700956616729
-0.028125 0.013170791345141056
-0.003125 0.01296359294444169
0.021875000000000002 0.012435192494247864
0.046875 0.011748845183246523
0.07187500000000001 0.011352418370104263
0.096875 0.010824968003363154
0.12187500000000001 0.009904647150561253
0.12187500000000001 0.009255424756568383
0.096875 0.009007511520304233
0.07187500000000001 0.008841862985459612
0.046875 0.008708047777485826
0.021875000000000002 0.008419712352405174
-0.003125 0.008156218292184129
-0.028125 0.008065727341015894
-0.053125000000000006 0.007861665925791354
-0.078125 0.007618808945950832
-0.10312500000000001 0.00757747166050375
-0.12812500000000002 0.0074831940557813234
-0.153125 0.007104508564599361
-0.178125 0.0069622412916994746
-0.203125 0.007004007263182833
-0.22812500000000002 0.00679335905883322
-0.253125 0.006661085249832516
-0.278125 0.006822833551617202
-0.30312500000000003 0.006737712530736267
-0.328125 0.006467777480374348
-0.353125 0.006648431048762048
-0.353125 0.006648431048762048

-0.4490186686652499 -0.015625
-0.4490186686652499 -0.015625
-0.4490186686652499 -0.015625

0.49264653086432264 0.009375000000000001
0.49264653086432264 0.009375000000000001
0.49264653086432264 0.009375000000000001

-0.39692536703886966 -0.015625
-0.39692536703886966 -0.015625
-0.39692536703886966 -0.015625

-0.353125 0.006675346133831244
-0.37812500000000004 0.006858931223971665
-0.403125 0.0068515146203378145
-0.42812500000000003 0.007063764987777778
-0.453125 0.007436925158610388
-0.47663315883405355 0.003125
-0.484375 0.013604463722116926
-0.49062500000000003 4.988116546894312e-5
-0.49062500000000003 -0.020922843372625663
-0.496875 -0.007879395479595678
-0.5065957402258197 0.003125
-0.5019124173248215 0.021875000000000002
-0.49062500000000003 0.0391676124928849
-0.478125 0.050029592345982796
-0.46178270969808016 0.059375000000000004
-0.446875 0.06653908998758286
-0.42812500000000003 0.07248885755053716
-0.403125 0.07631556676111119
-0.37812500000000004 0.07256011764424797
-0.36562500000000003 0.06446674311371237
-0.35305803340700687 0.053125000000000006
-0.340625 0.03783094745874881
-0.340625 0.02174137218116398
-0.353125 0.015587699334694538
-0.328125 0.015439691721512477
-0.30312500000000003 0.015155063111150493
-0.278125 0.01499183621303107
-0.253125 0.014934338604191386
-0.22812500000000002 0.014801206463560028
-0.203125 0.014603831865472467
-0.178125 0.014512409894207939
-0.153125 0.01431917845987779
-0.12812500000000002 0.013903488394713795
-0.10312500000000001 0.013713542260158253
-0.078125 0.013560295060347692
-0.053125000000000006 0.013224385333997186
-0.028125 0.012839387347587414
-0.003125 0.012600341632745241
0.021875000000000002 0.012018373233901172
0.046875 0.011260325661559838
0.07187500000000001 0.010811059722086288
0.096875 0.01021977677162563
0.1173377598293267 0.009375000000000001
0.096875 0.00916089477094189
0.07187500000000001 0.00898782012723771
0.046875 0.008845301539032693
0.021875000000000002 0.008549829098798499
-0.003125 0.008279588108959107
-0.028125 0.008180037679393806
-0.053125000000000006 0.007968135304449328
-0.078125 0.007719473225002913
-0.10312500000000001 0.007669426549183073
-0.12812500000000002 0.0075668817130760185
-0.153125 0.007183191261857195
-0.178125 0.00703412546258914
-0.203125 0.007067201518424487
-0.22812500000000002 0.006850777672042569
-0.253125 0.00671283642904845
-0.278125 0.006866685515348285
-0.30312500000000003 0.006775600406361713
-0.328125 0.006500978256537797
-0.353125 0.006675346133831244
-0.353125 0.006675346133831244

0.6009189598615234 -0.096875
0.5927753280662403 -0.115625
0.5819832529270589 -0.12812500000000002
0.565625 -0.13977749854337077
0.550160445939039 -0.146875
0.5293016141437739 -0.153125
0.509375 -0.1567205814966591
0.484375 -0.15846433369050503
0.45937500000000003 -0.15800779245121288
0.434375 -0.15566542031545846
0.415625 -0.15275974033166284
0.390625 -0.14769084507406963
0.371875 -0.14297810234988695
0.353125 -0.13746580117793342
0.33437500000000003 -0.1310986318731871
0.31562500000000004 -0.12366039086373859
0.2987624173585576 -0.115625
0.284375 -0.10591567037862402
0.27527898320869165 -0.09062500000000001
0.284375 -0.07809435239269379
0.30312500000000003 -0.06787056330610601
0.321875 -0.06037275514112409
0.340625 -0.054092057942536124
0.359375 -0.048476355718708786
0.37812500000000004 -0.04321246032801314
0.39687500000000003 -0.038140130236220315
0.415625 -0.03310109050941896
0.434375 -0.02799786651308884
0.4543425355723916 -0.021875000000000002
0.465625 -0.014010494969358547
0.44062500000000004 -0.01378582432179047
0.415625 -0.013227372449769008
0.390625 -0.012984276468901736
0.36562500000000003 -0.012751858821444449
0.340625 -0.012605558402788701
0.31562500000000004 -0.012562867285080825
0.290625 -0.01247168164894388
0.265625 -0.012445604473424065
0.240625 -0.01250338140065426
0.215625 -0.012431156503673234
0.19062500000000002 -0.01246976568865419
0.16562500000000002 -0.012641360846719667
0.140625 -0.01272096628104509
0.115625 -0.01275531824954175
0.09062500000000001 -0.012954154312327092
0.065625 -0.013026912857211116
0.040625 -0.012970539747188963
0.015625 -0.013182798903745258
-0.009375000000000001 -0.013400112095483465
-0.034375 -0.013481713301089967
-0.059375000000000004 -0.013612246213597272
-0.084375 -0.013844597407701751
-0.109375 -0.013827131126279438
-0.134375 -0.01388100063956057
-0.15937500000000002 -0.01414849101643545
-0.184375 -0.014319995394496235
-0.209375 -0.014418148221467326
-0.234375 -0.014619250852355714
-0.259375 -0.01480042614587985
-0.284375 -0.014792710170867165
-0.309375 -0.014980211335067675
-0.33437500000000003 -0.015231794144889529
-0.359375 -0.015405037045730569
-0.384375 -0.01554964695599202
-0.39687500000000003 -0.016080425933366713
-0.371875 -0.017684128928109957
-0.34687500000000004 -0.01847911719442166
-0.321875 -0.02034892893521945
-0.30312500000000003 -0.02187706628179123
-0.278125 -0.025630563029086725
-0.259375 -0.028539998309254105
-0.234375 -0.033104743026499565
-0.215625 -0.03725241206096429
-0.19687500000000002 -0.042933921112246726
-0.17907094550347213 -0.053125000000000006
-0.19062500000000002 -0.06616238985923445
-0.20964533238809516 -0.07187500000000001
-0.234375 -0.07639929451016336
-0.253125 -0.0787376010273315
-0.278125 -0.08047712154433319
-0.30312500000000003 -0.08048431861710165
-0.328125 -0.07848043456994316
-0.34687500000000004 -0.07572875058229493
-0.36562500000000003 -0.07142383823307012
-0.384375 -0.06557470809467773
-0.403125 -0.05780482485717025
-0.42161498987429363 -0.046875
-0.434375 -0.037285894655410115
-0.446875 -0.025747184833856816
-0.45937500000000003 -0.015574414617493072
-0.47363546248956445 -0.015625
-0.47647359839802955 -0.003125
-0.45937500000000003 -0.0036902455270771484
-0.434375 -0.005385545371918563
-0.40937500000000004 -0.005562920097224782
-0.384375 -0.006230718971547063
-0.359375 -0.006412441656917101
-0.33437500000000003 -0.006478641022536657
-0.309375 -0.006830798718864578
-0.284375 -0.006954668462315671
-0.259375 -0.006718514386203529
-0.234375 -0.006819265385889557
-0.209375 -0.0070085934258073464
-0.184375 -0.0068929721443008385
-0.15937500000000002 -0.006903252772804987
-0.134375 -0.007126923308821582
-0.109375 -0.006997830618579504
-0.084375 -0.006727241319239515
-0.059375000000000004 -0.006878294869080467
-0.034375 -0.0068844961720178266
-0.009375000000000001 -0.006670064312269315
0.015625 -0.0067519747310750885
0.040625 -0.006840632999954908
0.065625 -0.00643747867994382
0.09062500000000001 -0.006194816997373681
0.115625 -0.006267921990899629
0.140625 -0.005921640237719925
0.16562500000000002 -0.00551331873238276
0.19062500000000002 -0.005385590122835546
0.215625 -0.004794762439588065
0.240625 -0.0037377424977584877
0.259375 -0.003092185377761064
0.284375 -0.002839067652463264
0.309375 -0.0026083183384800067
0.33437500000000003 -0.0023000128135710505
0.359375 -0.0021083626032448602
0.384375 -0.0019325146554795163
0.40937500000000004 -0.0016145143964340692
0.434375 -0.0014976097922972914
0.45937500000000003 -0.0011269398567648565
0.48150533230033493 -0.003125
0.4885219036133461 -0.003125
0.5033821939964445 0.003125
0.509375 0.015389503635623686
0.5281250000000001 0.015777749544280326
0.546875 0.01082224866421074
0.5593750000000001 0.0030986380721115345
0.571875 -0.012649842358505314
0.5819244940681878 -0.028125
0.5906250000000001 -0.042938659539682004
0.5983060717188863 -0.059375000000000004
0.6024650361600542 -0.084375
0.6009189598615234 -0.096875

-0.3635317106467044 0.015625
-0.3635317106467044 0.015625
-0.3635317106467044 0.015625

-0.4493346487636744 -0.015625
-0.4493346487636744 -0.015625
-0.4493346487636744 -0.015625

0.49100136885662243 0.009375000000000001
0.49100136885662243 0.009375000000000001
0.49100136885662243 0.009375000000000001

-0.4157166160599058 -0.015625
-0.4157166160599058 -0.015625
-0.4157166160599058 -0.015625

-0.353125 0.0067022612189004405
-0.37812500000000004 0.006879963407461211
-0.403125 0.006867870539010627
-0.42812500000000003 0.007075284700768796
-0.453125 0.0074434504711578895
-0.4766367875042012 0.003125
-0.484375 0.013606594904091792
-0.49062500000000003 4.949867726513485e-5
-0.49062500000000003 -0.020909626396101305
-0.496875 -0.007879909013198275
-0.5065954478410247 0.003125
-0.501909316202073 0.021875000000000002
-0.49062500000000003 0.03914095683830545
-0.478125 0.0499366914515799
-0.46142176282410063 0.059375000000000004
-0.446875 0.06610558449157525
-0.4276783395966458 0.07187500000000001
-0.403125 0.07527200079793665
-0.38178371897351954 0.07187500000000001
-0.36562500000000003 0.06165242334507117
-0.353125 0.05011066342694111
-0.34354393278943607 0.034375
-0.353125 0.018674718390769066
-0.36562500000000003 0.015560306775956455
-0.340625 0.015377795331840811
-0.31562500000000004 0.01522573856888708
-0.290625 0.015045803286116786
-0.265625 0.014947097240683486
-0.240625 0.014822496585187837
-0.215625 0.014475729730317924
-0.19062500000000002 0.014297604446787838
-0.16562500000000002 0.01419926808860935
-0.140625 0.013969170948545127
-0.115625 0.013670856207239545
-0.09062500000000001 0.013517612020421671
-0.065625 0.013148727030135612
-0.040625 0.012557661623328258
-0.015625 0.012257301445518544
0.009375000000000001 0.011929382984144013
0.034375 0.011301890953426296
0.059375000000000004 0.010648072477122619
0.084375 0.010103940001323404
0.096875 0.009314278021579546
0.07187500000000001 0.009133777269015809
0.046875 0.00898255530057956
0.021875000000000002 0.008679945845191824
-0.003125 0.008402957925734086
-0.028125 0.008294348017771715
-0.053125000000000006 0.008074604683107302
-0.078125 0.007820137504054995
-0.10312500000000001 0.007761381437862397
-0.12812500000000002 0.007650569370370713
-0.153125 0.007261873959115031
-0.178125 0.007106009633478805
-0.203125 0.00713039577366614
-0.22812500000000002 0.006908196285251918
-0.253125 0.006764587608264384
-0.278125 0.006910537479079368
-0.30312500000000003 0.006813488281987159
-0.328125 0.006534179032701247
-0.353125 0.0067022612189004405
-0.353125 0.0067022612189004405

0.5974594530578943 -0.096875
0.5906250000000001 -0.11184272527536436
0.578125 -0.1262137969284095
0.565625 -0.13515547014961984
0.546875 -0.14402813128662553
0.5281250000000001 -0.14954852573695301
0.5057149168861532 -0.153125
0.484375 -0.15453603721078146
0.45937500000000003 -0.15383096746770938
0.44062500000000004 -0.151992002528283
0.415625 -0.14792150117008232
0.39687500000000003 -0.1437690460581964
0.37812500000000004 -0.1386495608293573
0.359375 -0.1325275691224251
0.340625 -0.1251550911703737
0.321875 -0.1159306791230951
0.309375 -0.1071248333449258
0.300121157349804 -0.09062500000000001
0.309375 -0.0772992654837885
0.328125 -0.06595755236976962
0.3429737077950227 -0.059375000000000004
0.35959960504712773 -0.053125000000000006
0.37812500000000004 -0.046850420270274015
0.39784491172641084 -0.040625
0.4183370447592349 -0.034375
0.438855484754807 -0.028125
0.4570103858065484 -0.021875000000000002
0.465625 -0.013719520768979409
0.44062500000000004 -0.013521085260158406
0.415625 -0.012923109276771913
0.390625 -0.012660881366140539
0.36562500000000003 -0.012407890398324744
0.340625 -0.012247358658707705
0.31562500000000004 -0.01220027732000713
0.290625 -0.012101297726464212
0.265625 -0.012073225051039312
0.240625 -0.012136484110864819
0.215625 -0.012063463137595938
0.19062500000000002 -0.012106350336557421
0.16562500000000002 -0.012293783992514405
0.140625 -0.012382144122327562
0.115625 -0.01242283905419653
0.09062500000000001 -0.01264037514002706
0.065625 -0.01272479174772029
0.040625 -0.012672392330140479
0.015625 -0.012903339908934768
-0.009375000000000001 -0.01314149424425762
-0.034375 -0.013232893418275302
-0.059375000000000004 -0.013378676646076965
-0.084375 -0.013631630616614532
-0.109375 -0.013622841693770657
-0.134375 -0.01368730733244863
-0.15937500000000002 -0.013976257074642333
-0.184375 -0.014163569573168592
-0.209375 -0.014272538947789303
-0.234375 -0.014491014695543128
-0.259375 -0.014687473798550267
-0.284375 -0.01468831912257172
-0.309375 -0.014889587764466859
-0.33437500000000003 -0.015157535717071517
-0.359375 -0.015342649278037229
-0.384375 -0.015498840284334047
-0.39687500000000003 -0.01652836444774989
-0.371875 -0.018189193961849984
-0.34687500000000004 -0.019173284335650204
-0.321875 -0.021215648719209945
-0.30312500000000003 -0.023502316478940608
-0.278125 -0.027637994416320314
-0.259375 -0.03105443918398077
-0.240625 -0.03507789405984685
-0.2204812926685141 -0.040625
-0.203125 -0.05112622777614817
-0.209375 -0.06273622054855557
-0.22812500000000002 -0.06943517332047003
-0.246875 -0.07335268542034927
-0.27187500000000003 -0.07642709093363205
-0.296875 -0.07751950888269167
-0.321875 -0.07664882255444098
-0.34687500000000004 -0.07356395626434975
-0.36562500000000003 -0.06963837265742037
-0.384375 -0.06403443864090348
-0.403125 -0.05638923658964748
-0.41969429523431234 -0.046875
-0.434375 -0.03626686574499696
-0.446875 -0.024961966681648556
-0.45937500000000003 -0.015561364410235945
-0.47360863766740047 -0.015625
-0.4764607423943205 -0.003125
-0.45937500000000003 -0.0037022123382448
-0.434375 -0.005402607360969883
-0.40937500000000004 -0.00558542377550604
-0.384375 -0.00625659096956599
-0.359375 -0.006443092779005495
-0.33437500000000003 -0.006515364024701704
-0.309375 -0.006871932690563591
-0.284375 -0.007001304575816174
-0.259375 -0.006773819956246805
-0.234375 -0.006881760028875447
-0.209375 -0.0070769179578979045
-0.184375 -0.006971486523974064
-0.15937500000000002 -0.0069924367194365445
-0.134375 -0.007223558317066517
-0.109375 -0.00710690884878731
-0.084375 -0.006853401377602542
-0.059375000000000004 -0.007015920654380192
-0.034375 -0.007035392235413226
-0.009375000000000001 -0.006843859386461154
0.015625 -0.006944481747213805
0.040625 -0.007050786420037973
0.065625 -0.006680498498616626
0.09062500000000001 -0.006473618944216233
0.115625 -0.006573525996226808
0.140625 -0.006271337368893201
0.16562500000000002 -0.00592424425161612
0.19062500000000002 -0.005854062679734847
0.215625 -0.00534582157677471
0.240625 -0.004398881353457172
0.265625 -0.00349614662458138
0.284375 -0.002993248681046662
0.309375 -0.002754545321219903
0.33437500000000003 -0.0024357354033289706
0.359375 -0.0022354976134998485
0.384375 -0.002050659459420801
0.40937500000000004 -0.0017196184794262203
0.434375 -0.0015914227090623708
0.45937500000000003 -0.0012007274553645787
0.48145712184203937 -0.003125
0.48859157165321365 -0.003125
0.5034222563905796 0.003125
0.509375 0.015303789239499939
0.5281250000000001 0.015644832713531225
0.546875 0.010528651773944353
0.5593750000000001 0.0023582978114268056
0.571875 -0.014139688354285267
0.5807183746279733 -0.028125
0.5906250000000001 -0.04584800737273022
0.596875 -0.06166203082597859
0.5996968428128014 -0.084375
0.5974594530578943 -0.096875

-0.44965062886209883 -0.015625
-0.44965062886209883 -0.015625
-0.44965062886209883 -0.015625

-0.41733691773234405 -0.015625
-0.41733691773234405 -0.015625
-0.41733691773234405 -0.015625

-0.353125 0.006729176303969636
-0.37812500000000004 0.006900995590950757
-0.403125 0.00688422645768344
-0.42812500000000003 0.007086804413759812
-0.453125 0.00744997578370539
-0.4766404161743489 0.003125
-0.484375 0.013608726086066659
-0.49062500000000003 4.911618906132571e-5
-0.49062500000000003 -0.020896409419576944
-0.496875 -0.007880422546800872
-0.5065951554562298 0.003125
-0.5019062150793244 0.021875000000000002
-0.49062500000000003 0.039114301183726004
-0.478125 0.049843790557177
-0.46106081595012116 0.059375000000000004
-0.446875 0.06567207899556762
-0.4246997677632442 0.07187500000000001
-0.403125 0.0742284348347621
-0.384375 0.07107863863840767
-0.3661255585667974 0.059375000000000004
-0.353125 0.04704185582255952
-0.34915548132779795 0.028125
-0.36562500000000003 0.017755556542274606
-0.353125 0.01546382024545415
-0.328125 0.015299572759083403
-0.30312500000000003 0.01498656703782767
-0.278125 0.014795441941575532
-0.253125 0.01471819686777304
-0.22812500000000002 0.014554346076759362
-0.203125 0.0143174705231279
-0.178125 0.014196888113895897
-0.153125 0.013964201047681774
-0.12812500000000002 0.013484291722039755
-0.10312500000000001 0.013245722864432664
-0.078125 0.013051321462054932
-0.053125000000000006 0.0126417540887581
-0.028125 0.012176579352480128
-0.003125 0.011873839009352346
0.021875000000000002 0.01118473471320779
0.046875 0.010283286618186472
0.07187500000000001 0.009728342426050337
0.084375 0.009331499721672708
0.059375000000000004 0.009162053763271016
0.034375 0.008933569588543737
0.009375000000000001 0.008664021392130336
-0.015625 0.00852277518921076
-0.040625 0.008388137790624868
-0.065625 0.008035850085955795
-0.09062500000000001 0.007792681969656915
-0.115625 0.007740928430050099
-0.140625 0.007509519566736463
-0.16562500000000002 0.0072804899582791524
-0.19062500000000002 0.007308708664753517
-0.215625 0.007190902318216062
-0.240625 0.00679396747990393
-0.265625 0.00676290957696395
-0.290625 0.006846543867778422
-0.31562500000000004 0.006680150321414308
-0.340625 0.006701135376129364
-0.353125 0.006729176303969636

0.521875 -0.14716685519965636
0.496875 -0.1504444865631342
0.47187500000000004 -0.1507693222058376
0.446875 -0.14873870314048324
0.42812500000000003 -0.14583784166534677
0.4044712171269445 -0.140625
0.384375 -0.13482476478581432
0.36572848661013496 -0.12812500000000002
0.3514762739577254 -0.12187500000000001
0.33437500000000003 -0.11184227729591849
0.321875 -0.0989485784320455
0.321875 -0.08425563639226834
0.33447150999342545 -0.07187500000000001
0.353125 -0.06151349080529118
0.371875 -0.05321115767682586
0.3883482785325188 -0.046875
0.4060217948139406 -0.040625
0.4244393342904864 -0.034375
0.44295494140076624 -0.028125
0.4596083038193515 -0.021875000000000002
0.47187500000000004 -0.015597443258960208
0.446875 -0.013283288835919293
0.421875 -0.012828780081992643
0.39687500000000003 -0.012351425112210416
0.371875 -0.012095650839485899
0.34687500000000004 -0.011947765734283695
0.321875 -0.011781987022970182
0.296875 -0.011740986216150214
0.27187500000000003 -0.011760440384334301
0.246875 -0.011702664618436215
0.22187500000000002 -0.011763133532595019
0.19687500000000002 -0.01186749175781843
0.171875 -0.01179153025266913
0.146875 -0.011899654934594226
0.12187500000000001 -0.012139787591770845
0.096875 -0.012241382272405583
0.07187500000000001 -0.012319074518905926
0.046875 -0.012582781551496542
0.021875000000000002 -0.012655523087185068
-0.003125 -0.012631313816681223
-0.028125 -0.012909955736831801
-0.053125000000000006 -0.013156964359129948
-0.078125 -0.013258949838438614
-0.10312500000000001 -0.013443090100762518
-0.12812500000000002 -0.013703538247217964
-0.153125 -0.01368910185843506
-0.178125 -0.013800190072653639
-0.203125 -0.014107637947374697
-0.22812500000000002 -0.014302775290851751
-0.253125 -0.014437022836644959
-0.278125 -0.014686387811279598
-0.30312500000000003 -0.014886644242481527
-0.328125 -0.014925238288961355
-0.353125 -0.015160125714117829
-0.37812500000000004 -0.015415920535012922
-0.403125 -0.015586226869466056
-0.390625 -0.016782964589587435
-0.36562500000000003 -0.01832525067725305
-0.340625 -0.020517565445266533
-0.321875 -0.022206658793334437
-0.296875 -0.026243022550936995
-0.278125 -0.029770429164332077
-0.255541845084077 -0.034375
-0.2354198651930304 -0.040625
-0.22187500000000002 -0.04922271009196471
-0.22812500000000002 -0.061959376011931314
-0.246875 -0.06837021629734766
-0.265625 -0.0719572993727848
-0.290625 -0.07436789133631704
-0.31562500000000004 -0.07455061380770851
-0.340625 -0.07237939661334826
-0.359375 -0.06926131940228256
-0.37812500000000004 -0.06443708311576361
-0.39687500000000003 -0.05774418493679435
-0.415625 -0.048341698336131396
-0.42812500000000003 -0.039958415032760326
-0.4426868334902755 -0.028125
-0.45706105673067643 -0.015625
-0.47187500000000004 -0.019844000972964772
-0.478125 -0.003911032417204817
-0.465625 -0.008330601102270864
-0.44062500000000004 -0.004952068512245331
-0.415625 -0.006062142415817656
-0.390625 -0.0060192018715420435
-0.36562500000000003 -0.006233315103501947
-0.340625 -0.006689761261780501
-0.31562500000000004 -0.006752461563433766
-0.290625 -0.006786265318587224
-0.265625 -0.0070890687080040005
-0.240625 -0.007148228509100598
-0.215625 -0.006907522403153746
-0.19062500000000002 -0.0070323956012539515
-0.16562500000000002 -0.0071918064388722105
-0.140625 -0.00707262125556993
-0.115625 -0.007123791956347248
-0.09062500000000001 -0.0073449361654997
-0.065625 -0.007187941768519815
-0.040625 -0.0069668357397715125
-0.015625 -0.007150806468963213
0.009375000000000001 -0.007131782254388253
0.034375 -0.0069480862158826035
0.059375000000000004 -0.007080905857441023
0.084375 -0.007143482178654166
0.109375 -0.006731598500549603
0.134375 -0.006557499986819124
0.15937500000000002 -0.006593731910738391
0.184375 -0.006181859962881873
0.209375 -0.005782264979337738
0.234375 -0.005489710658593133
0.259375 -0.004533180498104646
0.284375 -0.0032633994890121825
0.30312500000000003 -0.002900453132880467
0.328125 -0.0027274419757722526
0.353125 -0.002469758990054805
0.37812500000000004 -0.002136801987384325
0.403125 -0.001969005461766692
0.42812500000000003 -0.0017704371449129648
0.453125 -0.0015984470454771295
0.478125 -0.00010798924664998663
0.48506000607065963 -0.009375000000000001
0.503125 0.003000207865724998
0.503125 0.009779636582328034
0.521875 0.016204965895432882
0.540625 0.012677530540853015
0.5580869995431958 0.003125
0.5682758468590736 -0.009375000000000001
0.578125 -0.02606667406937745
0.5866714910828706 -0.040625
0.5945237114717729 -0.059375000000000004
0.5972659418997975 -0.078125
0.5942244341226717 -0.096875
0.584375 -0.1144858627849705
0.571875 -0.12656461754265
0.5593750000000001 -0.134443509892809
0.540625 -0.14239387764111497
0.521875 -0.14716685519965636
0.521875 -0.14716685519965636

-0.4499666089605233 -0.015625
-0.4499666089605233 -0.015625
-0.4499666089605233 -0.015625

-0.41895721940478226 -0.015625
-0.41895721940478226 -0.015625
-0.41895721940478226 -0.015625

-0.353125 0.006756091389038831
-0.37812500000000004 0.0069220277744403026
-0.403125 0.006900582376356252
-0.42812500000000003 0.007098324126750829
-0.453125 0.007456501096252891
-0.4766440448444966 0.003125
-0.484375 0.013610857268041525
-0.49062500000000003 4.873370085751701e-5
-0.49062500000000003 -0.020883192443052583
-0.496875 -0.007880936080403468
-0.5065948630714349 0.003125
-0.5019031139565759 0.021875000000000002
-0.49062500000000003 0.03908764552914656
-0.478125 0.04975088966277409
-0.4606998690761417 0.059375000000000004
-0.4459725208543855 0.065625
-0.421875 0.07184870589160428
-0.403125 0.07318486887158757
-0.384375 0.06947231300491936
-0.368749401468438 0.059375000000000004
-0.35552709670026766 0.046875
-0.35257681506055966 0.028125
-0.36562500000000003 0.018778859435742784
-0.353125 0.015401880700833957
-0.328125 0.015229513277868867
-0.30312500000000003 0.014902319001166259
-0.278125 0.014697244805847763
-0.253125 0.014610125999563867
-0.22812500000000002 0.014430915883359027
-0.203125 0.014174289851955615
-0.178125 0.014039127223739876
-0.153125 0.013786712341583768
-0.12812500000000002 0.013274693385702734
-0.10312500000000001 0.01301181316656987
-0.078125 0.012796834662908551
-0.053125000000000006 0.012350438466138558
-0.028125 0.011845175354926485
-0.003125 0.011510587697655898
0.021875000000000002 0.010767915452861099
0.046875 0.009794767096499787
0.06720331726206748 0.009375000000000001
0.046875 0.009257062823673293
0.021875000000000002 0.008940179337978475
-0.003125 0.008649697559284044
-0.028125 0.008522968694527538
-0.053125000000000006 0.008287543440423251
-0.078125 0.008021466062159158
-0.10312500000000001 0.007945291215221043
-0.12812500000000002 0.007817944684960103
-0.153125 0.0074192393536307005
-0.178125 0.007249777975258136
-0.203125 0.007256784284149448
-0.22812500000000002 0.007023033511670616
-0.253125 0.006868089966696252
-0.278125 0.006998241406541534
-0.30312500000000003 0.0068892640332380494
-0.328125 0.006600580585028146
-0.353125 0.006756091389038831
-0.353125 0.006756091389038831

0.5349182923640718 -0.140625
0.553125 -0.13384678648257922
0.571875 -0.12223673242728976
0.5841448348892374 -0.109375
0.5910350500286566 -0.096875
0.5948627905798436 -0.07187500000000001
0.5906250000000001 -0.05303332065752783
0.5820178994471171 -0.034375
0.571875 -0.017166909082812785
0.5631899785152665 -0.003125
0.5482331950326447 0.009375000000000001
0.5281250000000001 0.015416578682077497
0.5127795149948604 0.015625
0.503125 0.00897929453537968
0.49062500000000003 -0.0017421381995745423
0.4827690081795524 -0.009375000000000001
0.465625 -0.001961657749515872
0.44062500000000004 -0.0017015189554768545
0.415625 -0.0020617308182286254
0.390625 -0.0021460948322298856
0.36562500000000003 -0.0023739875888569807
0.340625 -0.002716149074884532
0.31562500000000004 -0.002923884176233096
0.296875 -0.003403097261166414
0.27187500000000003 -0.004632659329710356
0.246875 -0.005707016033452767
0.22187500000000002 -0.006168804204115606
0.19687500000000002 -0.00643273323014751
0.171875 -0.00698420797080103
0.146875 -0.00710482826682865
0.12187500000000001 -0.006972193302325852
0.096875 -0.0071577881527194725
0.07187500000000001 -0.007282147503893973
0.046875 -0.007093275639501736
0.021875000000000002 -0.007248231994036616
-0.003125 -0.007495026232499978
-0.028125 -0.007314329245228671
-0.053125000000000006 -0.007200208813033477
-0.078125 -0.007335736090605449
-0.10312500000000001 -0.007246959713104791
-0.12812500000000002 -0.007078326785690073
-0.153125 -0.00731014037779684
-0.178125 -0.007352866544372453
-0.203125 -0.007092407931343608
-0.22812500000000002 -0.007064322941694209
-0.253125 -0.007118497570871629
-0.278125 -0.0068615117446819245
-0.30312500000000003 -0.006735825049697037
-0.328125 -0.006906289013643917
-0.353125 -0.006655169072503176
-0.37812500000000004 -0.006179884124451595
-0.403125 -0.006005283394639753
-0.42812500000000003 -0.00568938786096238
-0.453125 -0.004557027387272023
-0.47187500000000004 -0.0017967077105458082
-0.478125 -0.014635602125078643
-0.465625 -0.01300555331582723
-0.453125 -0.022080136035449095
-0.434375 -0.034246193959962694
-0.421875 -0.04332014806426037
-0.40393723219617983 -0.053125000000000006
-0.3886180938301127 -0.059375000000000004
-0.36728200947397327 -0.065625
-0.34687500000000004 -0.06960149338204966
-0.321875 -0.07184050892939392
-0.30312500000000003 -0.07198660005287014
-0.284375 -0.07073462473568909
-0.259375 -0.06657102079755138
-0.240625 -0.05982675734908143
-0.234375 -0.05310372414414682
-0.24793479109154543 -0.040625
-0.26705520305182423 -0.034375
-0.290625 -0.029313001602637317
-0.309375 -0.025893680458675353
-0.3341240443031898 -0.021875000000000002
-0.353125 -0.020381154691792774
-0.37812500000000004 -0.01827764763987924
-0.403125 -0.016538870660316264
-0.415625 -0.015512418271686274
-0.390625 -0.015470804368150296
-0.36562500000000003 -0.015307639377062525
-0.340625 -0.01503886242688498
-0.31562500000000004 -0.014857095116498424
-0.290625 -0.014646442267317369
-0.265625 -0.01433332821539873
-0.240625 -0.014137254944463908
-0.215625 -0.014140483537171048
-0.19062500000000002 -0.013897273678198858
-0.16562500000000002 -0.013658742693983001
-0.140625 -0.013537892562926104
-0.115625 -0.013304528703621503
-0.09062500000000001 -0.012974780472012845
-0.065625 -0.012926245154601602
-0.040625 -0.012895677114331977
-0.015625 -0.012594211804438628
0.009375000000000001 -0.012445547998513534
0.034375 -0.012334187354173043
0.059375000000000004 -0.01204873339816475
0.084375 -0.0118216469565636
0.109375 -0.011884407631114622
0.134375 -0.011760221552305071
0.15937500000000002 -0.011550901776871292
0.184375 -0.011532362000419818
0.209375 -0.011439368014809714
0.234375 -0.011282974299882202
0.259375 -0.011301811537592882
0.284375 -0.01137915578249009
0.309375 -0.011375640101866766
0.33437500000000003 -0.011523303852553006
0.359375 -0.011714702455623172
0.384375 -0.011897283820311785
0.40937500000000004 -0.01228214504881772
0.434375 -0.012751976731991002
0.45937500000000003 -0.014026636074454084
0.47187500000000004 -0.01624707010238219
0.453125 -0.025496518509536284
0.434375 -0.032649188766678675
0.415625 -0.03961195546712857
0.39688413431382796 -0.046875
0.38203966499417596 -0.053125000000000006
0.36562500000000003 -0.06125384952153396
0.3484646526135757 -0.07187500000000001
0.3373063713329867 -0.084375
0.340625 -0.10326773534547558
0.3556777587615174 -0.115625
0.371875 -0.12399637039354758
0.390625 -0.1314428010294604
0.40937500000000004 -0.1372567778792609
0.42812500000000003 -0.1417191074015652
0.453125 -0.1457418342308399
0.47187500000000004 -0.14722808391943043
0.496875 -0.14702397251389962
0.515625 -0.1450269508544226
0.5349182923640718 -0.140625
0.5349182923640718 -0.140625

-0.45028258905894775 -0.015625
-0.45028258905894775 -0.015625
-0.45028258905894775 -0.015625

-0.42482838768776937 -0.015625
-0.42482838768776937 -0.015625
-0.42482838768776937 -0.015625

-0.353125 0.006783006474108027
-0.37812500000000004 0.006943059957929848
-0.403125 0.0069169382950290655
-0.42812500000000003 0.007109843839741846
-0.453125 0.007463026408800392
-0.4766476735146442 0.003125
-0.484375 0.013612988450016392
-0.49062500000000003 4.8351212653707874e-5
-0.49062500000000003 -0.020869975466528225
-0.496875 -0.007881449614006067
-0.5065945706866399 0.003125
-0.5019000128338275 0.021875000000000002
-0.49062500000000003 0.03906098987456711
-0.478125 0.04965798876837119
-0.46033892220216216 0.059375000000000004
-0.4449600911446976 0.065625
-0.421875 0.07133949381046877
-0.403125 0.07214130290841303
-0.384375 0.06786598737143107
-0.37137324437007857 0.059375000000000004
-0.35806730865913516 0.046875
-0.3583974002274333 0.021875000000000002
-0.36562500000000003 0.01538094201137092
-0.340625 0.015178144787555085
-0.31562500000000004 0.01499672830727263
-0.290625 0.014775631567570544
-0.265625 0.014643691461040427
-0.240625 0.014480730810487941
-0.215625 0.01406862552262413
-0.19062500000000002 0.013835104797730906
-0.16562500000000002 0.013695923654443493
-0.140625 0.013395300735033136
-0.115625 0.013013545342323104
-0.09062500000000001 0.012799152039762809
-0.065625 0.012334804909023979
-0.040625 0.011601948585033457
-0.015625 0.011199962983942654
0.009375000000000001 0.010768487186504113
0.034375 0.009961123439126184
0.034375 0.009200176873782703
0.009375000000000001 0.008917894029334399
-0.015625 0.008760230159679437
-0.040625 0.008607673927044965
-0.065625 0.008243318797198274
-0.09062500000000001 0.007986856650468365
-0.115625 0.007916573623853436
-0.140625 0.007671617018284714
-0.16562500000000002 0.007431427787588082
-0.19062500000000002 0.007442317621260586
-0.215625 0.00731029141297689
-0.240625 0.00690422606317944
-0.265625 0.006859482883338024
-0.290625 0.006928147932038744
-0.31562500000000004 0.006751401364630561
-0.340625 0.00676108781115361
-0.353125 0.006783006474108027

0.540625 -0.13564658219331246
0.521875 -0.14070414375857046
0.496875 -0.14400665810111501
0.47187500000000004 -0.14403350297406578
0.446875 -0.14135196434689304
0.42812500000000003 -0.13777444245986545
0.40937500000000004 -0.1327302249874046
0.390625 -0.12604705731895063
0.371875 -0.11700378370896379
0.359375 -0.10828772677964572
0.3490384769859389 -0.09062500000000001
0.359375 -0.07269344052383335
0.371875 -0.0635026470869995
0.3904693453556768 -0.053125000000000006
0.40385267795251023 -0.046875
0.421875 -0.03927311522462683
0.44062500000000004 -0.03171161662106603
0.45937500000000003 -0.023715580191654883
0.47297202348641215 -0.015625
0.453125 -0.013028738106601176
0.42812500000000003 -0.012309401573946246
0.403125 -0.011885793383873673
0.37812500000000004 -0.011539029969863702
0.353125 -0.011230063170314589
0.328125 -0.011114465571707994
0.30312500000000003 -0.011011558635403648
0.278125 -0.010911241832898825
0.253125 -0.010984284660832733
0.22812500000000002 -0.011056667465595242
0.203125 -0.01103812609259825
0.178125 -0.01119562383762094
0.153125 -0.011334700166435813
0.12812500000000002 -0.011263203291385063
0.10312500000000001 -0.011452219801900806
0.078125 -0.011752789689427808
0.053125000000000006 -0.011874286720683138
0.028125 -0.012004316034225634
0.003125 -0.012324673988543384
-0.021875000000000002 -0.012391665387290042
-0.046875 -0.01241207691925095
-0.07187500000000001 -0.0127528854936695
-0.096875 -0.013021813315616063
-0.12187500000000001 -0.013146981999416257
-0.146875 -0.013385604403629618
-0.171875 -0.013665627653371374
-0.19687500000000002 -0.013662731158357828
-0.22187500000000002 -0.013835553329174431
-0.246875 -0.014176204678397607
-0.27187500000000003 -0.014397134509721564
-0.296875 -0.014573212024352978
-0.321875 -0.014864033652562836
-0.34687500000000004 -0.015075894404248814
-0.371875 -0.015155720904701558
-0.39687500000000003 -0.015399009812118595
-0.421875 -0.015618701275023883
-0.421875 -0.015727465476984732
-0.39687500000000003 -0.017872179990899434
-0.371875 -0.019704389063070066
-0.34687500000000004 -0.021255785759335847
-0.328125 -0.02431826479612743
-0.3045451057388402 -0.028125
-0.284375 -0.03275270268557772
-0.265625 -0.038322541759980344
-0.2492711689404974 -0.046875
-0.259375 -0.06135143324700303
-0.278125 -0.06649190099185645
-0.30312500000000003 -0.06935396351563605
-0.328125 -0.06941622659350247
-0.353125 -0.06681233157971893
-0.371875 -0.06305480567419117
-0.390625 -0.05739659788882172
-0.40937500000000004 -0.049365690925120255
-0.42399625433131666 -0.040625
-0.44062500000000004 -0.028519555801229352
-0.446875 -0.021417218981780964
-0.453125 -0.021493985482322467
-0.46929687332285097 -0.015625
-0.48038274432449063 -0.009375000000000001
-0.469572588412295 -0.003125
-0.446875 -0.005926991002517791
-0.421875 -0.005446109003060865
-0.39687500000000003 -0.006187058142904785
-0.371875 -0.006614269216406191
-0.34687500000000004 -0.006516902814557562
-0.321875 -0.0066764766452335565
-0.296875 -0.007012816369298708
-0.27187500000000003 -0.0070124398959856265
-0.246875 -0.007045827330051041
-0.22187500000000002 -0.007329659061593416
-0.19687500000000002 -0.007345977634060692
-0.171875 -0.007121849892705376
-0.146875 -0.007280819604681863
-0.12187500000000001 -0.007417427592643369
-0.096875 -0.007309552841396916
-0.07187500000000001 -0.007411613014701918
-0.046875 -0.007631390316411421
-0.021875000000000002 -0.007458390472226552
0.003125 -0.00730414286695515
0.028125 -0.007520338817764324
0.053125000000000006 -0.007486446192916008
0.078125 -0.007355847168229646
0.10312500000000001 -0.007542626237720148
0.12812500000000002 -0.00758281384728019
0.153125 -0.007194165551447388
0.178125 -0.007099647651691368
0.203125 -0.007073020960872582
0.22812500000000002 -0.006592247778421202
0.253125 -0.0061813032449935645
0.278125 -0.005503391145612897
0.30312500000000003 -0.0037221075220500374
0.321875 -0.002988735186473371
0.34687500000000004 -0.002707711660932358
0.371875 -0.002581726477612606
0.39687500000000003 -0.002281382567745371
0.421875 -0.0019264189057631562
0.446875 -0.001810012990190123
0.47187500000000004 -0.002075077208589446
0.484375 -0.013397437015660651
0.496875 0.002025235176622498
0.509375 0.015046646051128699
0.5252018681968654 0.015625
0.546875 0.009647861103145196
0.5593750000000001 0.0001372770293726201
0.570327564790708 -0.015625
0.578125 -0.029778791861193282
0.5868809100691832 -0.046875
0.5922224681128343 -0.065625
0.5906250000000001 -0.08956545952011265
0.584375 -0.10365420104261444
0.571875 -0.11819289750552689
0.5574278910005064 -0.12812500000000002
0.540625 -0.13564658219331246
0.540625 -0.13564658219331246

0.05516564967756788 0.009375000000000001
0.05516564967756788 0.009375000000000001
0.05516564967756788 0.009375000000000001

-0.353125 0.006809921559177224
-0.37812500000000004 0.006964092141419394
-0.403125 0.006933294213701878
-0.42812500000000003 0.007121363552732862
-0.453125 0.0074695517213478925
-0.4766513021847919 0.003125
-0.484375 0.013615119631991256
-0.49062500000000003 4.796872444989874e-5
-0.49062500000000003 -0.020856758490003863
-0.496875 -0.007881963147608664
-0.506594278301845 0.003125
-0.5018969117110789 0.021875000000000002
-0.49062500000000003 0.039034334219987664
-0.478125 0.049565087873968294
-0.4599779753281827 0.059375000000000004
-0.44394766143500974 0.065625
-0.421875 0.07083028172933326
-0.39687500000000003 0.07045495040647841
-0.37812500000000004 0.06270357540689558
-0.36562500000000003 0.0523570620583995
-0.3557260983749035 0.034375
-0.36562500000000003 0.020825465222679137
-0.37812500000000004 0.015605594505440145
-0.353125 0.015278001611593567
-0.328125 0.015089394315439793
-0.30312500000000003 0.014733822927843436
-0.278125 0.014500850534392228
-0.253125 0.014393984263145521
-0.22812500000000002 0.014184055496558363
-0.203125 0.013887928509611049
-0.178125 0.013723605443427832
-0.153125 0.013431734929387753
-0.12812500000000002 0.012855496713028696
-0.10312500000000001 0.01254399377084428
-0.078125 0.01228786106461579
-0.053125000000000006 0.011767807220899474
-0.028125 0.011182367359819199
-0.003125 0.010784085074263
0.021875000000000002 0.009934276932167715
0.0419610047254154 0.009375000000000001
0.021875000000000002 0.009200412830765127
-0.003125 0.008896437192834002
-0.028125 0.008751589371283362
-0.053125000000000006 0.008500482197739197
-0.078125 0.008222794620263322
-0.10312500000000001 0.00812920099257969
-0.12812500000000002 0.007985319999549491
-0.153125 0.007576604748146371
-0.178125 0.0073935463170374666
-0.203125 0.007383172794632756
-0.22812500000000002 0.007137870738089315
-0.253125 0.006971592325128119
-0.278125 0.0070859453340036994
-0.30312500000000003 0.00696503978448894
-0.328125 0.006666982137355044
-0.353125 0.006809921559177224
-0.353125 0.006809921559177224

0.5351056247482697 -0.134375
0.515625 -0.13901742141018078
0.496875 -0.14100770373749882
0.47187500000000004 -0.14087731387507543
0.453125 -0.13894869551599648
0.4300099375681025 -0.134375
0.40937500000000004 -0.12825734693636714
0.3934700677303568 -0.12187500000000001
0.37812500000000004 -0.11334842891004555
0.36562500000000003 -0.10251517160363394
0.3645814657280121 -0.078125
0.3773806907577758 -0.065625
0.390625 -0.057128922565309534
0.40937500000000004 -0.047132442227152946
0.42321803970763483 -0.040625
0.44062500000000004 -0.03307284943067353
0.45937500000000003 -0.024586381323647998
0.47349028640882374 -0.015625
0.453125 -0.012772129275242428
0.42812500000000003 -0.0120221332340774
0.403125 -0.011573769068485314
0.37812500000000004 -0.011205450180498483
0.353125 -0.010876173993298965
0.328125 -0.01075218054829229
0.30312500000000003 -0.010643847614487757
0.278125 -0.010537036827722671
0.253125 -0.010614406085629951
0.22812500000000002 -0.010692076825255248
0.203125 -0.010673757640290169
0.178125 -0.01084241778327984
0.153125 -0.010992551550705283
0.12812500000000002 -0.010922414436660517
0.10312500000000001 -0.01112428486304404
0.078125 -0.011445532785170773
0.053125000000000006 -0.011576615889166718
0.028125 -0.011718079675774073
0.003125 -0.012059774121268425
-0.021875000000000002 -0.012136976163883298
-0.046875 -0.012164706345502745
-0.07187500000000001 -0.012526983377947594
-0.096875 -0.012814519744761655
-0.12187500000000001 -0.012949880559976062
-0.146875 -0.013205800683034629
-0.171875 -0.013503973399762208
-0.19687500000000002 -0.013509153680256724
-0.22187500000000002 -0.01369487333926897
-0.246875 -0.014054940944314085
-0.27187500000000003 -0.01428933149792629
-0.296875 -0.01447681746657473
-0.321875 -0.01478351112260693
-0.34687500000000004 -0.015008200288733372
-0.371875 -0.01509761993457197
-0.39687500000000003 -0.015353962370687677
-0.421875 -0.015587086915057549
-0.434375 -0.016001981469091986
-0.40937500000000004 -0.01680088057016772
-0.384375 -0.01887095346846825
-0.359375 -0.02081924432383704
-0.340625 -0.023119797141794497
-0.31562500000000004 -0.027546788086851504
-0.296875 -0.03170404808303965
-0.278125 -0.037231828451799204
-0.260032125989537 -0.046875
-0.265625 -0.05791159246759469
-0.284375 -0.0640620191835097
-0.30312500000000003 -0.06672631942446483
-0.328125 -0.06732774014794433
-0.34860771095549764 -0.065625
-0.371875 -0.06153115928482021
-0.390625 -0.0560642008619492
-0.40937500000000004 -0.04813236317152543
-0.42245589405512884 -0.040625
-0.4400112574605687 -0.028125
-0.446875 -0.015320416457559346
-0.45937500000000003 -0.015509163581207443
-0.4735013383787444 -0.015625
-0.47640931837948414 -0.003125
-0.45937500000000003 -0.0037500795829154034
-0.434375 -0.005470855317175156
-0.40937500000000004 -0.0056754384886310745
-0.384375 -0.0063600789616417
-0.359375 -0.006565697267359068
-0.33437500000000003 -0.006662256033361894
-0.309375 -0.007036468577359644
-0.284375 -0.0071878490298181875
-0.259375 -0.006995042236419908
-0.234375 -0.007131738600819008
-0.209375 -0.007350216086260141
-0.184375 -0.007285544042666967
-0.15937500000000002 -0.007349172505962779
-0.134375 -0.0076100983500462524
-0.109375 -0.00754322176961853
-0.084375 -0.007358041611054653
-0.059375000000000004 -0.007566423795579086
-0.034375 -0.007638976488994824
-0.009375000000000001 -0.00753903968322851
0.015625 -0.007714509811768669
0.040625 -0.00789140010037023
0.065625 -0.007652577773307849
0.09062500000000001 -0.007588826731586449
0.115625 -0.007795942017535526
0.140625 -0.0076701258935863055
0.16562500000000002 -0.00756794632854956
0.19062500000000002 -0.007727952907332049
0.215625 -0.007550058125521292
0.240625 -0.007043436776251917
0.265625 -0.0067414860352132885
0.290625 -0.005775094081443371
0.31562500000000004 -0.003967944116455934
0.33437500000000003 -0.0029786257623606507
0.359375 -0.0027440376545198033
0.384375 -0.002523238675185941
0.40937500000000004 -0.0021400348113948245
0.434375 -0.0019666743761226875
0.45937500000000003 -0.001495877849763467
0.4812642800088571 -0.003125
0.48887024381268396 -0.003125
0.5035825059671204 0.003125
0.515625 0.015914808170781888
0.534375 0.013954179876941378
0.553125 0.005319405880624623
0.565625 -0.009271274734336959
0.5729119934954553 -0.021875000000000002
0.5827927016760992 -0.040625
0.5893645431035639 -0.059375000000000004
0.5906250000000001 -0.07498966538367545
0.5850703990266484 -0.096875
0.5766166261808299 -0.109375
0.5621259198256473 -0.12187500000000001
0.546875 -0.13014011989836066
0.5351056247482697 -0.134375

-0.353125 0.006836836644246419
-0.37812500000000004 0.00698512432490894
-0.403125 0.006949650132374691
-0.42812500000000003 0.00713288326572388
-0.453125 0.007476077033895394
-0.47665493085493954 0.003125
-0.484375 0.013617250813966125
-0.49062500000000003 4.758623624609047e-5
-0.49062500000000003 -0.020843541513479502
-0.496875 -0.00788247668121126
-0.5065939859170501 0.003125
-0.5018938105883304 0.021875000000000002
-0.49062500000000003 0.03900767856540822
-0.478125 0.049472186979565395
-0.4596170284542032 0.059375000000000004
-0.44293523172532184 0.065625
-0.421875 0.07032106964819775
-0.39687500000000003 0.06944426105561821
-0.37812500000000004 0.060992759253062655
-0.36562500000000003 0.050240584273633516
-0.3581087577122038 0.034375
-0.36562500000000003 0.021848768116147315
-0.37812500000000004 0.015551240289280045
-0.353125 0.015216062066973372
-0.328125 0.015019334834225255
-0.30312500000000003 0.014649574891182024
-0.278125 0.014402653398664459
-0.253125 0.014285913394936347
-0.22812500000000002 0.01406062530315803
-0.203125 0.013744747838438763
-0.178125 0.013565844553271813
-0.153125 0.013254246223289745
-0.12812500000000002 0.012645898376691675
-0.10312500000000001 0.012310084072981486
-0.078125 0.01203337426546941
-0.053125000000000006 0.011476491598279931
-0.028125 0.010850963362265556
-0.003125 0.010420833762566552
0.021875000000000002 0.009517457671821024
0.009375000000000001 0.009171766666538465
-0.015625 0.008997685130148116
-0.040625 0.008827210063465065
-0.065625 0.008450787508440753
-0.09062500000000001 0.008181031331279814
-0.115625 0.008092218817656772
-0.140625 0.007833714469832966
-0.16562500000000002 0.007582365616897011
-0.19062500000000002 0.007575926577767653
-0.215625 0.007429680507737718
-0.240625 0.007014484646454951
-0.265625 0.006956056189712098
-0.290625 0.007009751996299066
-0.31562500000000004 0.006822652407846814
-0.340625 0.0068210402461778554
-0.353125 0.006836836644246419

-0.215625 -0.007183144098784889
-0.240625 -0.007382609766605295
-0.265625 -0.007296658379862493
-0.290625 -0.006973803575404339
-0.31562500000000004 -0.00691197650657893
-0.340625 -0.006826550855087795
-0.36562500000000003 -0.006355666510261283
-0.390625 -0.006120847269052102
-0.415625 -0.0061411949715489186
-0.44062500000000004 -0.005016063812010227
-0.465625 -0.00836505045024862
-0.478125 -0.003935133910662331
-0.47187500000000004 -0.019578772242994955
-0.455485931196671 -0.015625
-0.44062500000000004 -0.015607947457390813
-0.415625 -0.015401919178500126
-0.390625 -0.015331268670216603
-0.36562500000000003 -0.015132652845834557
-0.340625 -0.014819677584424143
-0.31562500000000004 -0.014603148741790055
-0.290625 -0.014354746145947379
-0.265625 -0.01398777692167195
-0.240625 -0.013751152797463362
-0.215625 -0.013729779618866103
-0.19062500000000002 -0.013436455817396479
-0.16562500000000002 -0.013145209833523599
-0.140625 -0.012992890812245816
-0.115625 -0.012707936153837616
-0.09062500000000001 -0.012312863922090588
-0.065625 -0.012237240937547536
-0.040625 -0.012178566243494806
-0.015625 -0.011813249442537522
0.009375000000000001 -0.011623989322300698
0.034375 -0.011483538862480437
0.059375000000000004 -0.011134494081595697
0.084375 -0.010858967288118419
0.109375 -0.01091406715711745
0.134375 -0.010754553557237138
0.15937500000000002 -0.010498381816994116
0.184375 -0.01046957439448278
0.209375 -0.010353969505264234
0.234375 -0.010164600454118367
0.259375 -0.010185968838709425
0.284375 -0.010270685672425332
0.309375 -0.010267869207129191
0.33437500000000003 -0.010447178836325278
0.359375 -0.01067909727241059
0.384375 -0.010900687031821163
0.40937500000000004 -0.011363568909732277
0.434375 -0.011917798953184084
0.45937500000000003 -0.013386724386267632
0.47187500000000004 -0.017918206091556862
0.4539888852786474 -0.028125
0.44062500000000004 -0.03443779152808894
0.421875 -0.04347529986523032
0.4036169803572595 -0.053125000000000006
0.390625 -0.06164711393652077
0.37812500000000004 -0.0723788974763757
0.3704508907655005 -0.09062500000000001
0.37812500000000004 -0.10474640062158094
0.392429694519081 -0.115625
0.40937500000000004 -0.12375124587481712
0.42812500000000003 -0.13018193077738804
0.446875 -0.13462440465946865
0.47187500000000004 -0.13801030680731827
0.496875 -0.1383149982232252
0.521875 -0.13506345579142356
0.540625 -0.1297181963662865
0.5569781928911668 -0.12187500000000001
0.571875 -0.11048616141970853
0.5822369315341505 -0.096875
0.5884587596251509 -0.078125
0.5862903124821998 -0.053125000000000006
0.5785439706568404 -0.034375
0.571875 -0.02177860063631646
0.5610730770102077 -0.003125
0.546875 0.009029036632122494
0.5281250000000001 0.015078742166392257
0.5145565705230931 0.015625
0.503125 0.0029409230361235354
0.4852010016158674 -0.009375000000000001
0.478125 -0.00028515781681503127
0.453125 -0.0019355640892361847
0.42812500000000003 -0.0021612829679919002
0.403125 -0.0024055939454628726
0.37812500000000004 -0.0026121642188883724
0.353125 -0.0029925951132884765
0.33397953954344733 -0.003125
0.309375 -0.0062810683156974455
0.284375 -0.0070688122069222595
0.259375 -0.007666876372755802
0.234375 -0.008029913835585736
0.209375 -0.00792531526073894
0.184375 -0.007983418864801212
0.15937500000000002 -0.008138456541226344
0.134375 -0.007946228867351142
0.109375 -0.007938861118040234
0.084375 -0.008178450271687126
0.059375000000000004 -0.008019796914088603
0.034375 -0.007796937312771609
0.009375000000000001 -0.007866516740209162
-0.015625 -0.007816417490952243
-0.040625 -0.007579265563611645
-0.065625 -0.007719345075597583
-0.09062500000000001 -0.007813901388495357
-0.115625 -0.007557553627020307
-0.140625 -0.007457716025553192
-0.16562500000000002 -0.007527358010415838
-0.19062500000000002 -0.007340220447840352
-0.215625 -0.007183144098784889
-0.215625 -0.007183144098784889

-0.31562500000000004 -0.0650541455475741
-0.340625 -0.06468794261027414
-0.36562500000000003 -0.06137690151541091
-0.384375 -0.056750614388639174
-0.403125 -0.04990350698833943
-0.4207540419156083 -0.040625
-0.434375 -0.031552674262211144
-0.44062500000000004 -0.016319841410739715
-0.415625 -0.018131886704751687
-0.390625 -0.01878360595396883
-0.36562500000000003 -0.020757423290344457
-0.34687500000000004 -0.023151952684397188
-0.321875 -0.02775147844108047
-0.30312500000000003 -0.0320659463954702
-0.284375 -0.03812435170116925
-0.2698013092518421 -0.046875
-0.28092896144534485 -0.059375000000000004
-0.30312500000000003 -0.06399091810387418
-0.31562500000000004 -0.0650541455475741

