x y
-0.2606595379822477 -0.078125
-0.24946999078862214 -0.065625
-0.24152559964612932 -0.046875
-0.24260363466301332 -0.021875000000000002
-0.265625 -0.017779995344794276
-0.278125 -0.015605894365314432
-0.253125 -0.0155239765671847
-0.22812500000000002 -0.015451393528648404
-0.203125 -0.01535418113086715
-0.178125 -0.015272862041439563
-0.153125 -0.015238648801232565
-0.12812500000000002 -0.015214777231036335
-0.10312500000000001 -0.015179362094010851
-0.078125 -0.015183748125599047
-0.053125000000000006 -0.015177665206394369
-0.028125 -0.015137080930744725
-0.003125 -0.015117669328665739
0.021875000000000002 -0.015117606030480013
0.046875 -0.015089621222567372
0.07187500000000001 -0.015061557508961536
0.096875 -0.015064901714224107
0.12187500000000001 -0.015033101101388977
0.146875 -0.014984130496751649
0.171875 -0.014971660702994244
0.19687500000000002 -0.0149690523578822
0.22187500000000002 -0.01493714154384487
0.246875 -0.014931331948497484
0.27187500000000003 -0.014941513548477484
0.296875 -0.014910642457910725
0.321875 -0.014889828907541914
0.34687500000000004 -0.014912566080946014
0.371875 -0.01493524009231799
0.39687500000000003 -0.014959372714621829
0.421875 -0.01508152283330012
0.446875 -0.015286836797392104
0.446875 -0.019031759021455937
0.42812500000000003 -0.02568909682175369
0.40937500000000004 -0.034353244711733004
0.39687500000000003 -0.04097750570576241
0.37865251088741 -0.053125000000000006
0.36562500000000003 -0.06540624708238292
0.3571780774476097 -0.078125
0.359375 -0.10025771300668025
0.371875 -0.11228856640418107
0.38938452290148196 -0.12187500000000001
0.40678804859965906 -0.12812500000000002
0.42812500000000003 -0.13290943793200571
0.446875 -0.13448021146281655
0.465625 -0.13341915564375598
0.4856063611957904 -0.12812500000000002
0.503125 -0.11890430745859866
0.515625 -0.10785686014711574
0.5281250000000001 -0.09097838223948373
0.5344221761757239 -0.078125
0.5397550436744303 -0.053125000000000006
0.5350357325875843 -0.028125
0.5223287658446069 -0.015625
0.509375 -0.008612836018658235
0.503125 0.009187119919246811
0.509375 0.023318425973009912
0.521875 0.03885914718027469
0.540625 0.04263058169726228
0.5548544868381642 0.034375
0.565625 0.021471982002561448
0.578125 0.006695002644605223
0.596875 -0.0023807448339830816
0.6156250000000001 -0.00570407093735062
0.640625 -0.006360167289154938
0.665625 -0.003670618728208926
0.6843750000000001 0.0016059612828722937
0.6973942247387479 0.009375000000000001
0.7061896273919176 0.028125
0.703125 0.05262326457530314
0.696875 0.06945609135309073
0.6894360848962627 0.084375
0.6781250000000001 0.10279212852971703
0.6684695623792696 0.115625
0.6569234450683211 0.12812500000000002
0.6418637121310861 0.140625
0.628125 0.14926622526733527
0.609375 0.15767769879674032
0.5906250000000001 0.16345490335939492
0.571875 0.16728922854944753
0.546875 0.17024649774207168
0.521875 0.17129930566955642
0.496875 0.17091420341922361
0.47187500000000004 0.16921823912493814
0.446875 0.16618677814187233
0.42812500000000003 0.16318412232431556
0.40898762561563773 0.15937500000000002
0.384375 0.1535819280878607
0.36562500000000003 0.14844872508900112
0.34687500000000004 0.1426601391886975
0.328125 0.13612089701878666
0.309375 0.12856515750386352
0.29565781527077695 0.12187500000000001
0.2789239711055172 0.109375
0.278125 0.09537135573865055
0.29290457384772167 0.084375
0.309375 0.07753600703296651
0.328125 0.07098074248361068
0.34687500000000004 0.0648009677468183
0.36562500000000003 0.05856300946595765
0.384375 0.05195059350858268
0.403125 0.04463938717187746
0.421875 0.036335918702731215
0.4380865998692661 0.028125
0.453125 0.01943361826458657
0.465625 0.015373349448655642
0.44062500000000004 0.015229150687488879
0.415625 0.01508289730562742
0.390625 0.015052266708292466
0.36562500000000003 0.015011337463941891
0.340625 0.014988884688671726
0.31562500000000004 0.014999122611833497
0.290625 0.014974414742858443
0.265625 0.014945415874361732
0.240625 0.014956005447017594
0.215625 0.014969032841375919
0.19062500000000002 0.014954978375557653
0.16562500000000002 0.01497205328528746
0.140625 0.01499128627314477
0.115625 0.014969724922491143
0.09062500000000001 0.014967408275554598
0.065625 0.014997246887335645
0.040625 0.015010268770884547
0.015625 0.015017089849577853
-0.009375000000000001 0.015066909748621658
-0.034375 0.015099056795010998
-0.059375000000000004 0.01511021208419332
-0.084375 0.015159175738268336
-0.109375 0.015231108691519436
-0.134375 0.015266017264361914
-0.15937500000000002 0.015290192583085166
-0.184375 0.015318815017415745
-0.209375 0.015294395634193894
-0.234375 0.015261513733444858
-0.259375 0.015276254065918881
-0.284375 0.015318502819206624
-0.309375 0.015373572918439323
-0.33437500000000003 0.015491122017058653
-0.3571558239917638 0.015625
-0.33437500000000003 0.018932941807425552
-0.3125522507323161 0.021875000000000002
-0.290625 0.027431525280029706
-0.2747459394382849 0.028125
-0.253125 0.02657192593672163
-0.22812500000000002 0.02393312396949936
-0.203125 0.02243610956270078
-0.184375 0.021864896553990407
-0.16562500000000002 0.022319145312230733
-0.140625 0.024428578542925582
-0.12187500000000001 0.02856442754511215
-0.10176817141990915 0.034375
-0.084375 0.043077615650025755
-0.07187500000000001 0.05332973547225195
-0.059375000000000004 0.07177514660876622
-0.055487563644271355 0.09062500000000001
-0.06264046537453276 0.109375
-0.078125 0.1205624265297123
-0.096875 0.12641582362588585
-0.115625 0.12880061125914427
-0.140625 0.12897404743829513
-0.15937500000000002 0.12745194531454576
-0.184375 0.12377336693609267
-0.203125 0.11983154097288196
-0.22187500000000002 0.11492512148362041
-0.240625 0.10920794644318674
-0.259375 0.10275560605139378
-0.278125 0.09574649987131187
-0.296875 0.08902121387115786
-0.31938782348839573 0.084375
-0.340625 0.08416782033162969
-0.359375 0.08444442666636998
-0.37812500000000004 0.08352829729064541
-0.403125 0.08005925459952062
-0.421875 0.07559186467005706
-0.44062500000000004 0.06926267365404248
-0.45937500000000003 0.060332485047339054
-0.47187500000000004 0.05264562171195579
-0.4862521242761505 0.040625
-0.496875 0.027347383813303986
-0.5000693255024327 0.003125
-0.4989740464243292 -0.021875000000000002
-0.49062500000000003 -0.03642438399083594
-0.478125 -0.0473931932536817
-0.45937500000000003 -0.05926863814064657
-0.44622998912495276 -0.065625
-0.42812500000000003 -0.07289088251844407
-0.40937500000000004 -0.07849959035477558
-0.384375 -0.08429426059665539
-0.36562500000000003 -0.08780862547743849
-0.3410086554853248 -0.09062500000000001
-0.321875 -0.09188574271025683
-0.296875 -0.09097447627065978
-0.278125 -0.08730822707670116
-0.2606595379822477 -0.078125
-0.2606595379822477 -0.078125

-0.22812500000000002 0.0068208102321605435
-0.253125 0.006770090872745471
-0.278125 0.006727266373619302
-0.30312500000000003 0.006612264619907912
-0.328125 0.0065299250846258
-0.353125 0.006497861662704454
-0.37812500000000004 0.006404669292049616
-0.403125 0.006321676017244205
-0.42812500000000003 0.006347211355464974
-0.453125 0.0063760766019553775
-0.4762385250721794 0.003125
-0.45937500000000003 -0.004797131735258733
-0.434375 -0.006193460046065268
-0.40937500000000004 -0.00615437106141406
-0.384375 -0.006165996003038153
-0.359375 -0.006100390700883923
-0.33437500000000003 -0.006092274639116876
-0.309375 -0.006106831076700964
-0.284375 -0.006022420971125287
-0.259375 -0.005918052527186226
-0.234375 -0.00589683684197564
-0.209375 -0.00583585120997397
-0.184375 -0.005738494521805987
-0.15937500000000002 -0.005778746069681456
-0.134375 -0.0058586921750257166
-0.109375 -0.005845638197436805
-0.084375 -0.0058936161664164145
-0.059375000000000004 -0.0060255183121598905
-0.034375 -0.006065258879776475
-0.009375000000000001 -0.006120695846303826
0.015625 -0.006262468501324539
0.040625 -0.006329013209208172
0.065625 -0.006331209802868624
0.09062500000000001 -0.006404725924141654
0.115625 -0.006464717905291446
0.140625 -0.006445872376580885
0.16562500000000002 -0.0064912650043310125
0.19062500000000002 -0.0065777643180235
0.215625 -0.00657739498390782
0.240625 -0.006565486813480907
0.265625 -0.006626812715152523
0.290625 -0.006637997618499057
0.31562500000000004 -0.006612942735972302
0.340625 -0.006670214411425719
0.36562500000000003 -0.006712995400685793
0.390625 -0.00666823387789048
0.415625 -0.006654400589969155
0.44062500000000004 -0.006573710599538463
0.465625 -0.007081585095929002
0.484375 -0.011461242548022901
0.49062500000000003 -0.0014919444093183512
0.4834561220607942 0.009375000000000001
0.45937500000000003 0.005765646829161825
0.434375 0.00615858955953795
0.40937500000000004 0.0062013087071743425
0.384375 0.006264462186651415
0.359375 0.006245368326361679
0.33437500000000003 0.00629438374078511
0.309375 0.006393153191550416
0.284375 0.006398073181598797
0.259375 0.006387033912733826
0.234375 0.006455476685951962
0.209375 0.0064721668683073415
0.184375 0.006452302689815117
0.15937500000000002 0.0065213493127656815
0.134375 0.006579907831274571
0.109375 0.0065620712707167815
0.084375 0.0065906173371222745
0.059375000000000004 0.006661690459962193
0.034375 0.006663227915170881
0.009375000000000001 0.006693955584084255
-0.015625 0.006802683810139746
-0.040625 0.006858333043260777
-0.065625 0.00686301664966958
-0.09062500000000001 0.006926611631558112
-0.115625 0.006978597315749545
-0.140625 0.006948450256100502
-0.16562500000000002 0.006949869121315457
-0.19062500000000002 0.0069703907031082105
-0.215625 0.006897130139289132
-0.22812500000000002 0.0068208102321605435

-0.4898582210305495 0.003125
-0.484375 -0.01775300646019201
-0.4784236019860442 0.003125
-0.48483048303647913 0.015625
-0.4898582210305495 0.003125

0.9800972980353106 -0.015625
0.9593750000000001 -0.009379649927157457
0.940625 -0.00624791475246574
0.915625 -0.003885295732987901
0.890625 -0.0031873250602497205
0.8656250000000001 -0.003802434545286823
0.8406250000000001 -0.005510343939558462
0.815625 -0.008312516211638706
0.796875 -0.011431427713018829
0.7781250000000001 -0.016111397072692546
0.759375 -0.025066262745336194
0.7468750000000001 -0.04042123663150741
0.7410380958727943 -0.059375000000000004
0.7382608663565416 -0.078125
0.7361307558603937 -0.10312500000000001
0.736745304882517 -0.12812500000000002
0.7426778975369219 -0.146875
0.7533738321685204 -0.15937500000000002
0.7718750000000001 -0.1690794922586488
0.790625 -0.17316385065084092
0.815625 -0.17394505910348934
0.8343750000000001 -0.17174826969727455
0.8589488421181517 -0.16562500000000002
0.8749314516804041 -0.15937500000000002
0.890625 -0.1511308397301975
0.9057053734975071 -0.140625
0.9198667666825312 -0.12812500000000002
0.9319426139634494 -0.115625
0.9434198173642473 -0.10312500000000001
0.9553928982383919 -0.09062500000000001
0.9684101949408341 -0.078125
0.981897595015429 -0.065625
0.9937256008459014 -0.053125000000000006
1.0007135493471044 -0.034375
0.9906250000000001 -0.021238215795357954
0.9800972980353106 -0.015625

0.37812500000000004 -0.006745964834611085
0.353125 -0.006767391306511548
0.328125 -0.006716081805489901
0.30312500000000003 -0.006721919426181297
0.278125 -0.00673972964904899
0.253125 -0.006669939514237576
0.22812500000000002 -0.00661707335918634
0.203125 -0.006641959031178088
0.178125 -0.00660884667162254
0.153125 -0.00654378637593078
0.12812500000000002 -0.006553861614041525
0.10312500000000001 -0.006528433175928836
0.078125 -0.006418331243240186
0.053125000000000006 -0.006368031513983739
0.028125 -0.006360335096647881
0.003125 -0.006255898428265957
-0.021875000000000002 -0.006168305296236276
-0.046875 -0.006146977415111074
-0.07187500000000001 -0.006034896393886137
-0.096875 -0.005891173977661976
-0.12187500000000001 -0.005877105688822052
-0.146875 -0.005858663004069691
-0.171875 -0.00579248656198649
-0.19687500000000002 -0.005857395887099779
-0.22187500000000002 -0.005945897868706905
-0.246875 -0.005940721757710399
-0.27187500000000003 -0.005972623302618496
-0.296875 -0.006086240723640098
-0.321875 -0.00613231468395043
-0.34687500000000004 -0.006125860179039981
-0.371875 -0.006172971904382837
-0.39687500000000003 -0.006199356940782248
-0.421875 -0.006074427976305341
-0.446875 -0.006399823916410162
-0.47187500000000004 -0.0052189335831146965
-0.465625 0.008114268035363373
-0.44062500000000004 0.006029640322966524
-0.415625 0.006372039139171364
-0.390625 0.006390343236665517
-0.36562500000000003 0.006490621951503065
-0.340625 0.006537023435554364
-0.31562500000000004 0.006567234989437339
-0.290625 0.006684703298263863
-0.265625 0.006782101366775493
-0.240625 0.0068303734285649845
-0.215625 0.006934757104860202
-0.19062500000000002 0.007010522336634711
-0.16562500000000002 0.006992572310126383
-0.140625 0.006993472333358789
-0.115625 0.007026084219116567
-0.09062500000000001 0.006976841295192808
-0.065625 0.0069157763856278805
-0.040625 0.006913521384573953
-0.015625 0.006860636175026604
0.009375000000000001 0.006754569962187475
0.034375 0.0067261793376258115
0.059375000000000004 0.00672712648107354
0.084375 0.006658504050776985
0.109375 0.0066318711273168005
0.134375 0.006651537444704904
0.15937500000000002 0.006595026110737501
0.184375 0.006527520799816353
0.209375 0.0065485888801825945
0.234375 0.006533374720083014
0.259375 0.006466013652268984
0.284375 0.006477351401534971
0.309375 0.00647289044848573
0.33437500000000003 0.006374496192580945
0.359375 0.006324827353450337
0.384375 0.006342795551691061
0.40937500000000004 0.006278079414177088
0.434375 0.006231996633806613
0.45937500000000003 0.00583302616387746
0.4833930848988451 0.009375000000000001
0.49062500000000003 -0.0014045290797486192
0.484375 -0.01163424458090968
0.465625 -0.007144203156874815
0.44062500000000004 -0.006642442162872712
0.415625 -0.006726705844132009
0.390625 -0.006742404754236754
0.37812500000000004 -0.006745964834611085

-0.26152032643887274 -0.07187500000000001
-0.278125 -0.08194328208155689
-0.296875 -0.08671671084242007
-0.321875 -0.08840165384669878
-0.34687500000000004 -0.0873121567105184
-0.37073211793785493 -0.084375
-0.390625 -0.08125304153436956
-0.40937500000000004 -0.0770393500435146
-0.42812500000000003 -0.07161537068036028
-0.446875 -0.06481843677884017
-0.465625 -0.05581264506258175
-0.4782908100935546 -0.046875
-0.4914991241562563 -0.034375
-0.50091288600391 -0.015625
-0.5023266952423778 0.009375000000000001
-0.4957007346576831 0.028125
-0.484375 0.04324481349200026
-0.47021691360810364 0.053125000000000006
-0.453125 0.06310152020964856
-0.434375 0.0703742679815301
-0.415625 0.07559805604184452
-0.39687500000000003 0.078810134712284
-0.371875 0.08052943309295856
-0.34687500000000004 0.07875568573592648
-0.328125 0.07650626105811204
-0.3071505411006613 0.078125
-0.2893846426676336 0.084375
-0.27187500000000003 0.09210190305946216
-0.253125 0.09990137667212638
-0.234375 0.10663922070028148
-0.215625 0.11231882012624371
-0.19687500000000002 0.11692366987607258
-0.171875 0.12143489123557971
-0.153125 0.12359679155286177
-0.12812500000000002 0.12427155466123847
-0.10534687458186913 0.12187500000000001
-0.08478227009266147 0.115625
-0.07187500000000001 0.10656562552714793
-0.06400239846342154 0.09062500000000001
-0.06696842275068367 0.07187500000000001
-0.078125 0.05554890764161996
-0.09062500000000001 0.04530117210078974
-0.109375 0.03614934679155878
-0.12812500000000002 0.030855709522174538
-0.146875 0.02778860300493291
-0.171875 0.025402758769375575
-0.19687500000000002 0.025170014951716127
-0.22187500000000002 0.02668283092558365
-0.240625 0.02854896739706575
-0.265625 0.030663468656136193
-0.290625 0.030895813498005784
-0.309375 0.0277992112234939
-0.328125 0.02123909111700572
-0.353125 0.017420544686747714
-0.36562500000000003 0.01562367071773025
-0.340625 0.015464750852517136
-0.31562500000000004 0.015364779156956767
-0.290625 0.015266221111944811
-0.265625 0.015207897887984403
-0.240625 0.015203885543398143
-0.215625 0.015188574856793511
-0.19062500000000002 0.01518255579279393
-0.16562500000000002 0.015199330420774981
-0.140625 0.015183328209216189
-0.115625 0.01511366117306203
-0.09062500000000001 0.01506707885164156
-0.065625 0.015022577442281708
-0.040625 0.014953700941273193
-0.015625 0.014917437135623664
0.009375000000000001 0.014920772587100145
0.034375 0.014894746111412846
0.059375000000000004 0.014852491715416197
0.084375 0.014853325232250088
0.109375 0.014840294367109331
0.134375 0.014811165123623973
0.15937500000000002 0.014818532977424031
0.184375 0.01484018706017274
0.209375 0.014817505081128356
0.234375 0.014805860701855241
0.259375 0.014823952425505877
0.284375 0.014811669104288775
0.309375 0.014808823068753972
0.33437500000000003 0.014850290470446788
0.359375 0.014883237143050135
0.384375 0.014887546375596894
0.40937500000000004 0.01494093119128466
0.434375 0.015038952792621739
0.45937500000000003 0.015482429941031984
0.45937500000000003 0.017840343764573163
0.44408729714347833 0.028125
0.42812500000000003 0.0378844715404213
0.4114506458219123 0.046875
0.39687500000000003 0.054222344006656945
0.37812500000000004 0.06298251544141521
0.359375 0.07155917930161923
0.3461519598878899 0.078125
0.328125 0.09027222560414373
0.32420904522689287 0.109375
0.33832602774609394 0.12187500000000001
0.353125 0.12975336047246822
0.371875 0.1376453884726294
0.390625 0.14412489011981136
0.40937500000000004 0.1495497303169676
0.42812500000000003 0.1540443803447401
0.453125 0.15870647748918254
0.47187500000000004 0.1612727647359403
0.496875 0.1634074525749299
0.521875 0.16409066519989232
0.546875 0.16326084121754467
0.571875 0.16049469300283067
0.5906250000000001 0.15683612217172205
0.609375 0.15120483720778538
0.628125 0.14293484290422456
0.6419468360019214 0.134375
0.6572027569477752 0.12187500000000001
0.6688792734366825 0.109375
0.6783789446204495 0.096875
0.6899000765182732 0.078125
0.696875 0.06355716188235207
0.703125 0.042713608219429294
0.703125 0.02491978251213567
0.6945132112824879 0.009375000000000001
0.6781250000000001 0.0006042599281839527
0.659375 -0.0039767368465667766
0.634375 -0.006044520189488124
0.609375 -0.004542554832491257
0.5906250000000001 0.00015099010424779848
0.5758599524014063 0.009375000000000001
0.565625 0.022229750253828544
0.553125 0.0367386950560539
0.534375 0.043895364378441964
0.5171932222573001 0.034375
0.5088232958227404 0.021875000000000002
0.49864901009166 0.003125
0.5121806366513884 -0.009375000000000001
0.5281250000000001 -0.020403035475355498
0.537230702789477 -0.034375
0.5386062732019798 -0.059375000000000004
0.5332351996689877 -0.078125
0.5219767547917352 -0.096875
0.5097629989572957 -0.109375
0.496875 -0.11818419781708732
0.478125 -0.12519285881003273
0.453125 -0.12763443617469947
0.42812500000000003 -0.12449197523590858
0.40937500000000004 -0.118523486505091
0.39214490441799577 -0.109375
0.37943792655357444 -0.096875
0.3757078194569749 -0.078125
0.384375 -0.061136506888697636
0.39687500000000003 -0.04848893363166817
0.40937500000000004 -0.039451954433485883
0.42812500000000003 -0.029112179327450617
0.4422374970060291 -0.021875000000000002
0.453125 -0.015348721301253773
0.42812500000000003 -0.014939384527477425
0.403125 -0.01485716304602818
0.37812500000000004 -0.01479315518276875
0.353125 -0.01474936428045791
0.328125 -0.014759969290634351
0.30312500000000003 -0.014751569806450152
0.278125 -0.014741525955760844
0.253125 -0.014776165649098451
0.22812500000000002 -0.014812889346232818
0.203125 -0.014805804535676632
0.178125 -0.014822099840485641
0.153125 -0.014860639709878469
0.12812500000000002 -0.014867725730881217
0.10312500000000001 -0.01488828252715747
0.078125 -0.01494538864048845
0.053125000000000006 -0.014977621756733261
0.028125 -0.014975971072962072
0.003125 -0.015008972030131268
-0.021875000000000002 -0.015034460190463013
-0.046875 -0.015033672882166704
-0.07187500000000001 -0.015059268867092745
-0.096875 -0.015106037184974927
-0.12187500000000001 -0.015120398868464256
-0.146875 -0.015138716496615379
-0.171875 -0.015202336400597634
-0.19687500000000002 -0.015256481178742017
-0.22187500000000002 -0.015326068121252293
-0.246875 -0.015435100011159934
-0.27187500000000003 -0.015544207669071363
-0.296875 -0.015618503791236877
-0.284375 -0.017077264931779114
-0.259375 -0.020651430628679072
-0.24811475935779959 -0.034375
-0.24697658123535796 -0.046875
-0.25564360302714867 -0.065625
-0.26152032643887274 -0.07187500000000001

-0.48985917230682857 0.003125
-0.484375 -0.01776452087432169
-0.47842256948640094 0.003125
-0.4848332845334011 0.015625
-0.48985917230682857 0.003125

0.846875 -0.1609747532789718
0.8226440560965922 -0.16562500000000002
0.8031250000000001 -0.16654613618551348
0.784375 -0.16454083598910352
0.765625 -0.15840311319325534
0.750440670462815 -0.146875
0.7409120639017943 -0.12812500000000002
0.7386039076430196 -0.109375
0.7394650170392926 -0.084375
0.7417919537067431 -0.065625
0.7468750000000001 -0.04622787641918572
0.759375 -0.02858431462405125
0.7718750000000001 -0.02118753064082661
0.790625 -0.015219870857255553
0.815625 -0.010734440638385996
0.8343750000000001 -0.008605092217628238
0.859375 -0.006978178880046115
0.884375 -0.006609446864603851
0.909375 -0.00769858989523411
0.9281250000000001 -0.00974006863831349
0.953125 -0.015241625497234077
0.9687512832761656 -0.021875000000000002
0.9802043461784486 -0.034375
0.9756701451735855 -0.053125000000000006
0.9655269555645801 -0.065625
0.953125 -0.07869388799468509
0.940625 -0.0920320342803032
0.9281250000000001 -0.10590526697176181
0.915625 -0.11932361949025358
0.9031250000000001 -0.13105743702063058
0.890625 -0.1406434405015401
0.8718750000000001 -0.15155933004685668
0.853125 -0.1590506577328404
0.846875 -0.1609747532789718

0.37812500000000004 -0.006820792034500004
0.353125 -0.006843518267937117
0.328125 -0.006793005919509617
0.30312500000000003 -0.006798741234319578
0.278125 -0.006816449262854036
0.253125 -0.0067466493004891895
0.22812500000000002 -0.006693066731502615
0.203125 -0.006717043633484265
0.178125 -0.006683286280416414
0.153125 -0.0066171192709939585
0.12812500000000002 -0.006625641348028403
0.10312500000000001 -0.0065990185078559725
0.078125 -0.006487724973873568
0.053125000000000006 -0.006435797854719349
0.028125 -0.00642669182212233
0.003125 -0.006321074056115782
-0.021875000000000002 -0.006231777401196013
-0.046875 -0.006208594695137293
-0.07187500000000001 -0.006095038941750322
-0.096875 -0.005949275129806853
-0.12187500000000001 -0.005932441862891337
-0.146875 -0.005911329492897405
-0.171875 -0.005841961382451919
-0.19687500000000002 -0.005902783061451877
-0.22187500000000002 -0.005987353956387489
-0.246875 -0.0059784678914529
-0.27187500000000003 -0.006006430461366827
-0.296875 -0.00611622952182992
-0.321875 -0.006158713002785813
-0.34687500000000004 -0.006148622938930466
-0.371875 -0.006192040423236566
-0.39687500000000003 -0.006214759015655864
-0.421875 -0.0060861140422964624
-0.446875 -0.006407757689486345
-0.47187500000000004 -0.005222394196946836
-0.465625 0.008119153200862164
-0.44062500000000004 0.006038340382850618
-0.415625 0.006384438292305967
-0.390625 0.006406376820413914
-0.36562500000000003 0.006510190019094578
-0.340625 0.006560074152646294
-0.31562500000000004 0.006593586322762133
-0.290625 0.006714145136901788
-0.265625 0.0068145540626243645
-0.240625 0.00686558550177631
-0.215625 0.006972384070431272
-0.19062500000000002 0.007050653970161213
-0.16562500000000002 0.007035275498937308
-0.140625 0.007038494410617077
-0.115625 0.00707357112248359
-0.09062500000000001 0.007027070958827504
-0.065625 0.006968536121586181
-0.040625 0.006968709725887128
-0.015625 0.006918588539913462
0.009375000000000001 0.006815184340290695
0.034375 0.006789130760080744
0.059375000000000004 0.006792562502184889
0.084375 0.0067263907644316955
0.109375 0.006701670983916818
0.134375 0.006723167058135238
0.15937500000000002 0.006668702908709321
0.184375 0.006602738909817589
0.209375 0.006625010892057847
0.234375 0.006611272754214066
0.259375 0.006544993391804142
0.284375 0.006556629621471145
0.309375 0.006552627705421043
0.33437500000000003 0.006454608644376777
0.359375 0.006404286380538995
0.384375 0.006421128916730705
0.40937500000000004 0.006354850121179834
0.434375 0.006305403708075277
0.45937500000000003 0.005900405498593093
0.483330047736896 0.009375000000000001
0.49062500000000003 -0.0013171137501788873
0.484375 -0.01180724661379646
0.465625 -0.007206821217820628
0.44062500000000004 -0.006711173726206961
0.415625 -0.006799011098294861
0.390625 -0.006816575630583029
0.37812500000000004 -0.006820792034500004

0.446875 -0.021995833193372793
0.42812500000000003 -0.03221249273225565
0.4150015218169488 -0.040625
0.4009978291294016 -0.053125000000000006
0.390625 -0.07114475237337838
0.390625 -0.08672547937729466
0.4021507305308199 -0.10312500000000001
0.415625 -0.11168727251579451
0.434375 -0.11861237296517105
0.458609849354448 -0.12187500000000001
0.47187500000000004 -0.12126843123504076
0.4929933428585929 -0.115625
0.509375 -0.10641834787634254
0.521875 -0.09431710632154877
0.5320443760955399 -0.078125
0.5379533015491896 -0.059375000000000004
0.53679793369434 -0.034375
0.5281250000000001 -0.02068542172293368
0.512085151711932 -0.009375000000000001
0.4986359560373717 0.003125
0.5087410007313117 0.021875000000000002
0.516799444905899 0.034375
0.534375 0.04448737680754662
0.553125 0.03742452887740517
0.565625 0.023015240999800513
0.576509151895816 0.009375000000000001
0.5906250000000001 0.0006126545638036893
0.609375 -0.004141848745163074
0.634375 -0.005568526757389218
0.659375 -0.0032929937033992895
0.6781250000000001 0.0017748128299302501
0.6916892881640554 0.009375000000000001
0.7015537251780232 0.028125
0.6984337733358176 0.053125000000000006
0.690625 0.07160537409401112
0.683332840843715 0.084375
0.671875 0.10065481152133998
0.659375 0.11454755509022678
0.6468750000000001 0.12543875208354152
0.6333318430328483 0.134375
0.6156250000000001 0.1431306139836363
0.596875 0.14940341501254836
0.578125 0.15345788422525625
0.553125 0.15659576174669484
0.5281250000000001 0.15760803188113198
0.503125 0.15700332999371341
0.478125 0.1548340316086905
0.45937500000000003 0.15213183403346428
0.434375 0.14698275992190704
0.415625 0.1418149580373895
0.39687500000000003 0.13525174896416362
0.3808139212297601 0.12812500000000002
0.36562500000000003 0.1185674144498712
0.3540911406576906 0.10312500000000001
0.363464076031127 0.084375
0.37812500000000004 0.073619964889002
0.3907540421663444 0.065625
0.40937500000000004 0.0545314606158076
0.421875 0.04665057266848698
0.43990173577462127 0.034375
0.453125 0.02422905563842666
0.4677982638595895 0.015625
0.446875 0.014961012589886285
0.421875 0.014865654275400023
0.39687500000000003 0.01475715538864884
0.371875 0.01472169045626054
0.34687500000000004 0.014715795205847471
0.321875 0.014682418280107057
0.296875 0.014672139219707631
0.27187500000000003 0.014691412980372666
0.246875 0.014666970013416481
0.22187500000000002 0.014644307367445628
0.19687500000000002 0.014666433361440915
0.171875 0.014682758647788506
0.146875 0.01467277558829538
0.12187500000000001 0.014703124177805539
0.096875 0.014728027434741008
0.07187500000000001 0.014709496191659071
0.046875 0.01472005190434703
0.021875000000000002 0.0147656409873149
-0.003125 0.014789292167034408
-0.028125 0.014813792621804624
-0.053125000000000006 0.014886638703437732
-0.078125 0.01493390814577621
-0.10312500000000001 0.014957844070638097
-0.12812500000000002 0.015016089082847593
-0.153125 0.015082547437798743
-0.178125 0.015095245439604684
-0.203125 0.015104646207210554
-0.22812500000000002 0.015131062760484168
-0.253125 0.015126489985898467
-0.278125 0.01514889423560011
-0.30312500000000003 0.01523699675496208
-0.328125 0.015351870534902442
-0.353125 0.015491306944713127
-0.36562500000000003 0.016417775791869885
-0.340625 0.020451890536838102
-0.321875 0.026967147991553902
-0.30312500000000003 0.03261429562949774
-0.278125 0.03426088640366811
-0.253125 0.032268266345661475
-0.22812500000000002 0.029778122523321952
-0.203125 0.028306516186342612
-0.184375 0.02801504068106252
-0.16562500000000002 0.028762844993232374
-0.140625 0.03157229092771269
-0.12187500000000001 0.035928987194781686
-0.10312500000000001 0.04332590902307643
-0.08829544089194083 0.053125000000000006
-0.07734960659314144 0.065625
-0.07132955503127035 0.084375
-0.078125 0.10211506910108455
-0.09062500000000001 0.11127530723738768
-0.109375 0.11735937087704527
-0.134375 0.1199379379633062
-0.15937500000000002 0.11903062989698472
-0.1836396634712938 0.115625
-0.203125 0.11162403612402032
-0.22187500000000002 0.10648066173720495
-0.240625 0.1000947291586279
-0.259375 0.09230697491631273
-0.2756923133449625 0.084375
-0.290625 0.07669534911489029
-0.309375 0.07009794312600079
-0.33437500000000003 0.07061898857504767
-0.353125 0.07460715190207394
-0.37812500000000004 0.07739739929571762
-0.403125 0.07604715837371818
-0.4241304094611563 0.07187500000000001
-0.44420847336482516 0.065625
-0.45937500000000003 0.05912677225058795
-0.478125 0.04777286636987608
-0.49062500000000003 0.03689741181416001
-0.4992251554694269 0.021875000000000002
-0.4998609593690919 -0.003125
-0.496875 -0.027003071436903583
-0.48551381394151094 -0.040625
-0.47187500000000004 -0.05160767957301028
-0.4569410356066018 -0.059375000000000004
-0.44062500000000004 -0.0665090816695651
-0.421875 -0.07239216420088014
-0.39687500000000003 -0.07808378935588627
-0.37812500000000004 -0.08140481339705036
-0.353125 -0.08407370115343019
-0.33437500000000003 -0.08513195496925871
-0.309375 -0.08438320785686713
-0.290625 -0.08139778909553595
-0.27187500000000003 -0.07375901003800392
-0.259375 -0.06271250893663588
-0.25215762019317234 -0.046875
-0.259375 -0.028769859615525386
-0.27187500000000003 -0.02019380397753962
-0.296875 -0.01709484159568838
-0.309375 -0.015597864174467763
-0.284375 -0.0155096629331729
-0.259375 -0.01542162818239915
-0.234375 -0.015311133306067525
-0.209375 -0.015229695850673994
-0.184375 -0.015167437634392584
-0.15937500000000002 -0.01508241666152025
-0.134375 -0.015020070849850001
-0.109375 -0.0150040194174649
-0.084375 -0.014982062346585
-0.059375000000000004 -0.014943955997995292
-0.034375 -0.01494524531412296
-0.009375000000000001 -0.014923505645447996
0.015625 -0.014864147208024116
0.040625 -0.014834144990727794
0.065625 -0.014823472237465893
0.09062500000000001 -0.014779892683021139
0.115625 -0.014745930618350937
0.140625 -0.014746395518540423
0.16562500000000002 -0.014704797356907443
0.19062500000000002 -0.014650488233008177
0.215625 -0.01464132449573638
0.240625 -0.014638419084859515
0.265625 -0.014603411499366213
0.290625 -0.014606002748221023
0.31562500000000004 -0.014621953853226843
0.340625 -0.014594543538100123
0.36562500000000003 -0.014593025608652948
0.390625 -0.01465224604464354
0.415625 -0.014730848818293625
0.44062500000000004 -0.014965899249725582
0.465625 -0.015463665745945527
0.453125 -0.01919402795561655
0.446875 -0.021995833193372793

-0.48986012358310765 0.003125
-0.484375 -0.01777603528845137
-0.47842153698675766 0.003125
-0.4848360860303231 0.015625
-0.48986012358310765 0.003125

0.9136344506848485 -0.109375
0.9012665003844829 -0.12187500000000001
0.8859388164344657 -0.134375
0.8718750000000001 -0.14314226521056325
0.853125 -0.15151789405428717
0.8343750000000001 -0.15688755656539718
0.815625 -0.1595272639225338
0.7956315958916609 -0.15937500000000002
0.7718750000000001 -0.15397886825069915
0.7593110094604285 -0.146875
0.7468750000000001 -0.13156311948478933
0.7413895083842306 -0.109375
0.7414244248884745 -0.084375
0.7450449657046453 -0.059375000000000004
0.7523913233674322 -0.040625
0.7646397938177155 -0.028125
0.7781250000000001 -0.02147342431033464
0.8003472941021234 -0.015625
0.821875 -0.012426247513349519
0.846875 -0.01035260394337279
0.8718750000000001 -0.009751114370611986
0.8968750000000001 -0.010844956641446982
0.921875 -0.014149302093276377
0.940625 -0.019225740551368393
0.9571575190520264 -0.028125
0.9626207392750377 -0.046875
0.953125 -0.06322481895021465
0.9408760691096014 -0.078125
0.9301102824733978 -0.09062500000000001
0.9192645321022214 -0.10312500000000001
0.9136344506848485 -0.109375

0.446875 -0.023862338960244707
0.42944248547975916 -0.034375
0.415625 -0.04560101437502839
0.40452884600002637 -0.059375000000000004
0.399954675678522 -0.078125
0.40921774070339895 -0.096875
0.421875 -0.10633273271665934
0.44062500000000004 -0.1138817176672641
0.45937500000000003 -0.11694494134798065
0.47980084932692185 -0.115625
0.49888278213574494 -0.109375
0.515625 -0.09815280631039924
0.5272030146211273 -0.084375
0.534375 -0.07036475086821686
0.5382165858237219 -0.046875
0.5338170150915238 -0.028125
0.5215544655522205 -0.015625
0.503125 -0.005227017081717423
0.5033877988402162 0.009375000000000001
0.5122409900381225 0.028125
0.5230988604864883 0.040625
0.546875 0.0421918056868033
0.5593750000000001 0.03193502970825347
0.5715063421399615 0.015625
0.584375 0.00405661747316627
0.603125 -0.0026317223768061388
0.6218750000000001 -0.004931993235659745
0.6468750000000001 -0.004320745225625493
0.665625 -0.0010758229302825447
0.6843750000000001 0.006307860246483998
0.696875 0.019906772435577473
0.6992156634926086 0.040625
0.6938904701402777 0.059375000000000004
0.6843750000000001 0.07798804446239027
0.6759108953667633 0.09062500000000001
0.665625 0.103224850112825
0.6528670523929152 0.115625
0.635490216757062 0.12812500000000002
0.6218750000000001 0.13533282887612336
0.603125 0.1423909922022536
0.584375 0.14694438692550427
0.5593750000000001 0.1504766112212091
0.534375 0.15168478403643595
0.509375 0.1511871947735643
0.484375 0.14904209357798792
0.465625 0.146223989822741
0.44062500000000004 0.14063398495151808
0.421875 0.13470923251966538
0.40612412070737935 0.12812500000000002
0.390625 0.11880833124097727
0.37812500000000004 0.10350904858007272
0.3794903593032866 0.09062500000000001
0.390625 0.07713265280924973
0.40433282316213764 0.065625
0.42086669039807373 0.053125000000000006
0.434375 0.04277203171338409
0.446875 0.032594928775098744
0.45937500000000003 0.02145097102837517
0.45937500000000003 0.015250065397820357
0.434375 0.014774381518041307
0.40937500000000004 0.014664979347611526
0.384375 0.014602726328071122
0.359375 0.014596250657314338
0.33437500000000003 0.014557913608402969
0.309375 0.014510227761799973
0.284375 0.014514179995914266
0.259375 0.014528071460893173
0.234375 0.014508106191220773
0.209375 0.014523190368718093
0.184375 0.014551453754276852
0.15937500000000002 0.014529996397293053
0.134375 0.01452521266535237
0.109375 0.014562161781433198
0.084375 0.014579512568214634
0.059375000000000004 0.014581764838950795
0.034375 0.014632383412239346
0.009375000000000001 0.014664208930281761
-0.015625 0.01466194718937491
-0.040625 0.014703542967361382
-0.065625 0.014780253244581685
-0.09062500000000001 0.01482863657880365
-0.115625 0.01488162965384018
-0.140625 0.014963718750094824
-0.16562500000000002 0.014990537110730163
-0.19062500000000002 0.01498541567650338
-0.215625 0.01500929173590658
-0.240625 0.015042567457044258
-0.265625 0.015061888893532606
-0.290625 0.015137277429825074
-0.31562500000000004 0.015252349045096916
-0.340625 0.015365826058126432
-0.36562500000000003 0.015538886817072444
-0.36562500000000003 0.017186448356511588
-0.340625 0.021590357078190955
-0.3271318082030375 0.028125
-0.309375 0.034589653984094595
-0.284375 0.03813380053439363
-0.259375 0.035724309880154195
-0.240625 0.033377708998139424
-0.215625 0.031104401742457835
-0.19062500000000002 0.030232279659823044
-0.16562500000000002 0.031139253738937868
-0.1413688697643252 0.034375
-0.12187500000000001 0.03943386066452692
-0.10502731179039564 0.046875
-0.09062500000000001 0.057726785715978925
-0.08072736926420804 0.07187500000000001
-0.08292930042165547 0.096875
-0.096875 0.10779884345338427
-0.115625 0.11371223906100106
-0.134375 0.11578576296573696
-0.1535871693363186 0.115625
-0.178125 0.1130889599912983
-0.19707693986121186 0.109375
-0.22031397202841824 0.10312500000000001
-0.23814278532283706 0.096875
-0.253125 0.09043250436013188
-0.27187500000000003 0.08059296811765787
-0.2869227456102601 0.07187500000000001
-0.30312500000000003 0.06458754243016979
-0.328125 0.06389625687026598
-0.34687500000000004 0.06826099957431861
-0.36562500000000003 0.07285037888250206
-0.390625 0.07494448106493819
-0.415625 0.07248246889206833
-0.434375 0.06840327129723393
-0.453125 0.06183073131237526
-0.46915234400219286 0.053125000000000006
-0.484375 0.04294434790835141
-0.4956613171002802 0.028125
-0.5023261340111798 0.009375000000000001
-0.5009095619334278 -0.015625
-0.49141966651131935 -0.034375
-0.478125 -0.04671508965118587
-0.465625 -0.05497756266972562
-0.446875 -0.06361121535116905
-0.42812500000000003 -0.0697821481540074
-0.40937500000000004 -0.0743531805909816
-0.38677060319505635 -0.078125
-0.36562500000000003 -0.0808741425549544
-0.340625 -0.08241128193595473
-0.31562500000000004 -0.08186830747397773
-0.29317465209248067 -0.078125
-0.27702910067007486 -0.07187500000000001
-0.26232666382875564 -0.059375000000000004
-0.25752539163267474 -0.040625
-0.2672719927209522 -0.028125
-0.284375 -0.020161833892888056
-0.309375 -0.017273774662947286
-0.321875 -0.015598173355417291
-0.296875 -0.015504640075799466
-0.27187500000000003 -0.015421609026081463
-0.246875 -0.01530188695771691
-0.22187500000000002 -0.015182177392786449
-0.19687500000000002 -0.015104705252207718
-0.171875 -0.015041384361087023
-0.146875 -0.014966062561098718
-0.12187500000000001 -0.014938616136569343
-0.096875 -0.014914879612066787
-0.07187500000000001 -0.014854564790377126
-0.046875 -0.014817644634291704
-0.021875000000000002 -0.014810417751497492
0.003125 -0.014773521112033712
0.028125 -0.01472940164531815
0.053125000000000006 -0.014725095548530442
0.078125 -0.014683911903902695
0.10312500000000001 -0.014614860611397969
0.12812500000000002 -0.014588217009304214
0.153125 -0.014576466281367807
0.178125 -0.014528927385418037
0.203125 -0.014507404472585276
0.22812500000000002 -0.01451321237615862
0.253125 -0.014469834412046561
0.278125 -0.014429058736864578
0.30312500000000003 -0.01444020510973558
0.328125 -0.014448388443535928
0.353125 -0.014435564113057762
0.37812500000000004 -0.01448473376168803
0.403125 -0.014555833872021388
0.42812500000000003 -0.014641401917288164
0.453125 -0.015053765041354509
0.465625 -0.016746380321072056
0.446875 -0.023862338960244707
0.446875 -0.023862338960244707

-0.22812500000000002 0.006930085238394887
-0.253125 0.006871650436350896
-0.278125 0.006820071012398069
-0.30312500000000003 0.006696012458565942
-0.328125 0.00660416486389253
-0.353125 0.006561846368449939
-0.37812500000000004 0.006458086013481853
-0.403125 0.006364350107337285
-0.42812500000000003 0.00637896252195003
-0.453125 0.006395810492356392
-0.47625809411171427 0.003125
-0.45937500000000003 -0.00481544362058675
-0.434375 -0.006222688874990902
-0.40937500000000004 -0.006195097129136148
-0.384375 -0.006217726096637647
-0.359375 -0.006163115275918044
-0.33437500000000003 -0.0061659943795575375
-0.309375 -0.006191285192483456
-0.284375 -0.00611796010777844
-0.259375 -0.006025556261423509
-0.234375 -0.00601593574780905
-0.209375 -0.005966124990524256
-0.184375 -0.00588084357045885
-0.15937500000000002 -0.0059319971763622265
-0.134375 -0.006020298003365057
-0.109375 -0.006015843555555837
-0.084375 -0.006071694616545895
-0.059375000000000004 -0.006208498838651374
-0.034375 -0.006252859010103624
-0.009375000000000001 -0.006313695778309612
0.015625 -0.006459532090920827
0.040625 -0.0065298358822639645
0.065625 -0.006537162133949892
0.09062500000000001 -0.006615144390617885
0.115625 -0.006678341963425401
0.140625 -0.006663479396629205
0.16562500000000002 -0.006712941897824907
0.19062500000000002 -0.0068017425934781455
0.215625 -0.006803816015453829
0.240625 -0.006795045238406628
0.265625 -0.006857455412799884
0.290625 -0.006868347920182058
0.31562500000000004 -0.006843633738319317
0.340625 -0.0068998397415138205
0.36562500000000003 -0.0069391964521293165
0.390625 -0.006890746506929304
0.415625 -0.006871316352457713
0.44062500000000004 -0.00677990528954121
0.465625 -0.007269439278766441
0.484375 -0.01198024864668324
0.49062500000000003 -0.0012296984206091551
0.4832670105749469 0.009375000000000001
0.45937500000000003 0.005967784833308727
0.434375 0.00637881078234394
0.40937500000000004 0.006431620828182579
0.384375 0.00649946228177035
0.359375 0.006483745407627652
0.33437500000000003 0.006534721096172612
0.309375 0.006632364962356356
0.284375 0.006635907841407317
0.259375 0.0066239731313393006
0.234375 0.006689170788345118
0.209375 0.0067014329039331
0.184375 0.0066779570198188245
0.15937500000000002 0.00674237970668114
0.134375 0.006794796671565571
0.109375 0.006771470840516836
0.084375 0.006794277478086405
0.059375000000000004 0.006857998523296237
0.034375 0.006852082182535675
0.009375000000000001 0.006875798718393915
-0.015625 0.0069765409048003196
-0.040625 0.007023898067200302
-0.065625 0.007021295857544483
-0.09062500000000001 0.007077300622462201
-0.115625 0.007121058025850612
-0.140625 0.007083516487875366
-0.16562500000000002 0.007077978687748234
-0.19062500000000002 0.007090785603687715
-0.215625 0.0070100110360023435
-0.22812500000000002 0.006930085238394887

0.8343750000000001 -0.15045102703527216
0.815625 -0.15340916571833518
0.7939195432847392 -0.153125
0.7718750000000001 -0.14749370310482035
0.759375 -0.13962752007860124
0.7474290252271085 -0.12187500000000001
0.7436730819656905 -0.10312500000000001
0.7439972074903412 -0.078125
0.747074152910694 -0.059375000000000004
0.7555025119189389 -0.040625
0.7698284814779195 -0.028125
0.784871306231393 -0.021875000000000002
0.8093750000000001 -0.016546884854006235
0.828125 -0.014330999762573939
0.853125 -0.01301420276497161
0.878125 -0.0134204210188681
0.901219407810019 -0.015625
0.921875 -0.020299983694307997
0.9390866579459003 -0.028125
0.9478711249148507 -0.040625
0.9428013152157154 -0.059375000000000004
0.9342416046001509 -0.07187500000000001
0.921875 -0.08756920837045581
0.909375 -0.10252935583876756
0.8970291366006083 -0.115625
0.884375 -0.1266356911148331
0.8718750000000001 -0.13519913007391265
0.853125 -0.1445256635903932
0.8343750000000001 -0.15045102703527216
0.8343750000000001 -0.15045102703527216

-0.48986107485938674 0.003125
-0.484375 -0.017787549702581052
-0.4784205044871144 0.003125
-0.484838887527245 0.015625
-0.48986107485938674 0.003125

0.44289476754246665 -0.028125
0.45937500000000003 -0.01813409385281891
0.45937500000000003 -0.015325698182329048
0.434375 -0.014563718551578156
0.40937500000000004 -0.01438072540566497
0.384375 -0.01432131830384548
0.359375 -0.014324830473374201
0.33437500000000003 -0.014292629519941777
0.309375 -0.014272365523392679
0.284375 -0.01430421451845186
0.259375 -0.014304606755934977
0.234375 -0.0143059025573233
0.209375 -0.014361024623255962
0.184375 -0.014409919105134603
0.15937500000000002 -0.01440905894863665
0.134375 -0.014443268642803632
0.109375 -0.014497645585101892
0.084375 -0.014514388024209913
0.059375000000000004 -0.014550191614192024
0.034375 -0.014626053347338904
0.009375000000000001 -0.01466557916665023
-0.015625 -0.014672298215334497
-0.040625 -0.01472150595486724
-0.065625 -0.0147561489399632
-0.09062500000000001 -0.014768426568665026
-0.115625 -0.014820766518860466
-0.140625 -0.014896946895046555
-0.16562500000000002 -0.014941853208929105
-0.19062500000000002 -0.015003524445140585
-0.215625 -0.015110491213536017
-0.240625 -0.015201421698154926
-0.265625 -0.015300021922560485
-0.290625 -0.015426367877307888
-0.31562500000000004 -0.01554339905012138
-0.3377543081827121 -0.015625
-0.31562500000000004 -0.017329815246794597
-0.290625 -0.020594821120076386
-0.2740802237365938 -0.028125
-0.2626494782240162 -0.040625
-0.2677105730016522 -0.059375000000000004
-0.284375 -0.07137067200956888
-0.30312500000000003 -0.07711037596811811
-0.321875 -0.07949128999412926
-0.34687500000000004 -0.07989325336230721
-0.371875 -0.07821085032480724
-0.390625 -0.07615456652162216
-0.414180348566091 -0.07187500000000001
-0.434375 -0.06702627828684601
-0.453125 -0.06037446186645546
-0.46742759824384156 -0.053125000000000006
-0.484375 -0.04205628467825374
-0.4952881857936273 -0.028125
-0.5022091043267515 -0.009375000000000001
-0.5011434261974351 0.015625
-0.49172719555867045 0.034375
-0.478389650896227 0.046875
-0.465625 0.05540613762975167
-0.446875 0.06360204680164365
-0.42812500000000003 0.06897884792864946
-0.40922511348077695 0.07187500000000001
-0.384375 0.0723894637982857
-0.36562500000000003 0.06933782656500184
-0.34687500000000004 0.06385412627873444
-0.328125 0.058737061318230595
-0.30312500000000003 0.05665032104236188
-0.2856458589385299 0.065625
-0.27187500000000003 0.0748166629578309
-0.25615827934368385 0.084375
-0.240625 0.09192386113403626
-0.22187500000000002 0.09913425870732097
-0.203125 0.10464042873139444
-0.17988605858540616 0.109375
-0.15937500000000002 0.11184760882525037
-0.134375 0.11194359683437669
-0.115625 0.10911517857927473
-0.096875 0.10126188166522365
-0.08532288347710024 0.084375
-0.09062500000000001 0.06544815625601193
-0.10312500000000001 0.05289807751683182
-0.12187500000000001 0.04294613018189174
-0.140625 0.0373118662329315
-0.15937500000000002 0.03418541869195922
-0.184375 0.0324388809178237
-0.209375 0.03288318829927099
-0.22842354020850228 0.034375
-0.253125 0.03769083191193087
-0.2724279518612547 0.040625
-0.296875 0.0432712100915225
-0.31562500000000004 0.036957293219682705
-0.3334763964713333 0.028125
-0.34687500000000004 0.02147005265922222
-0.371875 0.01669640040433456
-0.359375 0.01547270604437479
-0.33437500000000003 0.015286908556835507
-0.309375 0.015137444590242133
-0.284375 0.015053454002225002
-0.259375 0.014977635941838749
-0.234375 0.014925783018879143
-0.209375 0.01492883325512264
-0.184375 0.01492433354388521
-0.15937500000000002 0.014862605854593345
-0.134375 0.014816661446289101
-0.109375 0.01476841672457145
-0.084375 0.014677863481154997
-0.059375000000000004 0.014616168813980802
-0.034375 0.014602647455870896
-0.009375000000000001 0.0145602587410487
0.015625 0.014493846535333726
0.040625 0.014480267987388527
0.065625 0.014459070539534128
0.09062500000000001 0.014412713335200417
0.115625 0.014407139580642193
0.140625 0.014426883823775695
0.16562500000000002 0.014395057111669662
0.19062500000000002 0.014367148207156824
0.215625 0.014381646545004463
0.240625 0.014362988569980441
0.265625 0.014345480048567718
0.290625 0.01438170997891979
0.31562500000000004 0.014413279677840306
0.340625 0.014401459305966924
0.36562500000000003 0.014433448141200412
0.390625 0.014492070238975942
0.415625 0.014534271918108941
0.44062500000000004 0.014710532020977076
0.465625 0.014767434382307865
0.45937500000000003 0.023601964059716634
0.446875 0.03584335594707709
0.434375 0.047573585403427314
0.42157435586812264 0.059375000000000004
0.40877987016391526 0.07187500000000001
0.39687500000000003 0.08947058384844052
0.39687500000000003 0.10342085821285656
0.40937500000000004 0.11765856966818715
0.42812500000000003 0.1281058224606462
0.44528811648268035 0.134375
0.465625 0.13961447543464567
0.484375 0.14291010864427983
0.509375 0.1454564843302964
0.534375 0.14624526598815868
0.5593750000000001 0.1453162370078136
0.584375 0.14210963369005852
0.603125 0.13767254227172
0.6218750000000001 0.13076395174686417
0.6382677750897581 0.12187500000000001
0.6531250000000001 0.11103514470184146
0.665625 0.09891820113381657
0.6772868608090794 0.084375
0.6853178460409198 0.07187500000000001
0.6940140202412046 0.053125000000000006
0.6975922408708081 0.034375
0.6923782578655011 0.015625
0.6781250000000001 0.004347059901073939
0.659375 -0.001727295923907592
0.640625 -0.004308319582039188
0.6156250000000001 -0.004067988373295312
0.596875 -0.0005953538931889658
0.578125 0.009083067722983482
0.5675664479232465 0.021875000000000002
0.5576822309749553 0.034375
0.540625 0.04519831615261781
0.521875 0.04050630710453647
0.509375 0.02433065071262575
0.503125 0.009258046542542345
0.509375 -0.008713176772170764
0.521875 -0.016246414820353428
0.534375 -0.030717831567526513
0.5375181506129297 -0.053125000000000006
0.5327756560742793 -0.07187500000000001
0.521875 -0.0893034741059512
0.509375 -0.10056846283242045
0.49096783224937884 -0.109375
0.47187500000000004 -0.11283250361232879
0.446875 -0.11004667686706689
0.42951948760629294 -0.10312500000000001
0.415625 -0.09188189758896041
0.4088047619183615 -0.078125
0.4113927003505108 -0.059375000000000004
0.421875 -0.04487570629555909
0.434375 -0.03402245865772396
0.44289476754246665 -0.028125

0.9342967067703153 -0.046875
0.9273467123495888 -0.065625
0.915625 -0.08272780867878295
0.9046168151343644 -0.096875
0.8934553431064397 -0.109375
0.8796514764140931 -0.12187500000000001
0.8656250000000001 -0.13149519010483884
0.846875 -0.14043896198005695
0.828125 -0.14587517760671154
0.8093750000000001 -0.1481854176881434
0.789375482087517 -0.146875
0.770392615958377 -0.140625
0.7556297664746937 -0.12812500000000002
0.7474459839015227 -0.109375
0.7455395367025173 -0.09062500000000001
0.7468750000000001 -0.07066894040841526
0.753125 -0.04935189031229076
0.7651693085909484 -0.034375
0.7781250000000001 -0.02701600543006928
0.796875 -0.02133316930016057
0.821875 -0.01754896605312905
0.846875 -0.016060188485207207
0.8718750000000001 -0.01665933447974766
0.8968750000000001 -0.019881628655620643
0.915625 -0.02537996979668255
0.9297669969475134 -0.034375
0.9342967067703153 -0.046875

-0.22812500000000002 0.006966510240473001
-0.253125 0.006905503624219373
-0.278125 0.006851005891990991
-0.30312500000000003 0.006723928404785284
-0.328125 0.006628911456981441
-0.353125 0.006583174603698433
-0.37812500000000004 0.0064758915872925975
-0.403125 0.006378574804034978
-0.42812500000000003 0.006389546244111715
-0.453125 0.0064023884558233966
-0.4762646171248926 0.003125
-0.45937500000000003 -0.004821547582362756
-0.434375 -0.006232431817966113
-0.40937500000000004 -0.006208672485043511
-0.384375 -0.0062349694611708115
-0.359375 -0.006184023467596085
-0.33437500000000003 -0.006190567626371091
-0.309375 -0.006219436564410953
-0.284375 -0.006149806486662825
-0.259375 -0.0060613908395026036
-0.234375 -0.006055635383086853
-0.209375 -0.006009549584041018
-0.184375 -0.0059282932533431375
-0.15937500000000002 -0.005983080878589149
-0.134375 -0.0060741666128115036
-0.109375 -0.0060725786749288475
-0.084375 -0.0061310540999223884
-0.059375000000000004 -0.006269492347481868
-0.034375 -0.00631539238687934
-0.009375000000000001 -0.006378029088978207
0.015625 -0.006525219954119589
0.040625 -0.006596776773282562
0.065625 -0.006605812910976982
0.09062500000000001 -0.006685283879443296
0.115625 -0.006749549982803386
0.140625 -0.006736015069978644
0.16562500000000002 -0.006786834195656205
0.19062500000000002 -0.006876402018629695
0.215625 -0.006879289692635833
0.240625 -0.006871564713381869
0.265625 -0.00693433631201567
0.290625 -0.00694513135407639
0.31562500000000004 -0.006920530739101655
0.340625 -0.006976381518209855
0.36562500000000003 -0.007014596802610492
0.390625 -0.006964917383275579
0.415625 -0.006943621606620567
0.44062500000000004 -0.0068486368528754595
0.465625 -0.007332057339712254
0.484375 -0.01215325067957002
0.49062500000000003 -0.001142283091039423
0.4832039734129978 0.009375000000000001
0.45937500000000003 0.006035164168024361
0.434375 0.0064522178566126034
0.40937500000000004 0.006508391535185324
0.384375 0.006577795646809995
0.359375 0.006563204434716309
0.33437500000000003 0.0066148335479684454
0.309375 0.006712102219291669
0.284375 0.006715186061343491
0.259375 0.0067029528708744575
0.234375 0.006767068822476169
0.209375 0.006777854915808353
0.184375 0.00675317512982006
0.15937500000000002 0.006816056504652961
0.134375 0.006866426284995905
0.109375 0.006841270697116854
0.084375 0.0068621641917411165
0.059375000000000004 0.006923434544407586
0.034375 0.006915033604990607
0.009375000000000001 0.006936413096497136
-0.015625 0.007034493269687177
-0.040625 0.0070790864085134774
-0.065625 0.007074055593502784
-0.09062500000000001 0.007127530286096897
-0.115625 0.007168544929217635
-0.140625 0.007128538565133653
-0.16562500000000002 0.007120681876559158
-0.19062500000000002 0.007130917237214217
-0.215625 0.007047638001573414
-0.22812500000000002 0.006966510240473001

-0.4898620261356658 0.003125
-0.484375 -0.017799064116710735
-0.47841947198747115 0.003125
-0.48484168902416697 0.015625
-0.4898620261356658 0.003125

0.44599520386207836 -0.028125
0.45937500000000003 -0.019221691967066846
0.45937500000000003 -0.015195962065792717
0.434375 -0.014416505714724987
0.40937500000000004 -0.01422840360174708
0.384375 -0.014166648633230283
0.359375 -0.014170596825561012
0.33437500000000003 -0.014136532114731324
0.309375 -0.014115411092137629
0.284375 -0.014149672737575574
0.259375 -0.01415093522238886
0.234375 -0.01415274794036142
0.209375 -0.01421190137822132
0.184375 -0.01426450846495057
0.15937500000000002 -0.014264857112811937
0.134375 -0.014302518783505108
0.109375 -0.014361811211214852
0.084375 -0.014381314797552237
0.059375000000000004 -0.014420925041075575
0.034375 -0.014503209892453506
0.009375000000000001 -0.014547418680886699
-0.015625 -0.014557735100746837
-0.040625 -0.014612974938903846
-0.065625 -0.014653315098400621
-0.09062500000000001 -0.014669835666400106
-0.115625 -0.014728045575274235
-0.140625 -0.014810626376720945
-0.16562500000000002 -0.014859880875127558
-0.19062500000000002 -0.01492596721256201
-0.215625 -0.015038364978661973
-0.240625 -0.015133613886288179
-0.265625 -0.015236347055761646
-0.290625 -0.01536838988004686
-0.31562500000000004 -0.01549122379656647
-0.340625 -0.015587340229799072
-0.340625 -0.01625159700820518
-0.31562500000000004 -0.018419865888338598
-0.29161637756736514 -0.021875000000000002
-0.278125 -0.02972320394818418
-0.2668200900107358 -0.046875
-0.278125 -0.06363689595388666
-0.29509013915402604 -0.07187500000000001
-0.31562500000000004 -0.07625538124205386
-0.340625 -0.07769198656183837
-0.36562500000000003 -0.07696780573282526
-0.390625 -0.07469221170220078
-0.40937500000000004 -0.0717161430852358
-0.434375 -0.06610671928898061
-0.453125 -0.05973922886491475
-0.4669031050279434 -0.053125000000000006
-0.484375 -0.041896373587512574
-0.49526830174220776 -0.028125
-0.5022088195179264 -0.009375000000000001
-0.5011417928301056 0.015625
-0.4916884122403941 0.034375
-0.47816930758060316 0.046875
-0.465625 0.0550007316551133
-0.446875 0.06297882703777383
-0.42812500000000003 0.06795403478157706
-0.403125 0.0708396813993137
-0.37812500000000004 0.06906875846344376
-0.359375 0.0640801092319379
-0.340625 0.057912960772268374
-0.321875 0.050621739627779785
-0.3273270078427161 0.034375
-0.340625 0.027168723144935916
-0.359375 0.019687796894433802
-0.3815370313903308 0.015625
-0.359375 0.015429215599379011
-0.33437500000000003 0.01523585519177972
-0.309375 0.015078412508192833
-0.284375 0.014987191797979596
-0.259375 0.014902981410818717
-0.234375 0.014841850340237717
-0.209375 0.01483744266035483
-0.184375 0.014825713175502573
-0.15937500000000002 0.014755709172470391
-0.134375 0.014704322491770897
-0.109375 0.014652743732834452
-0.084375 0.014557535416876662
-0.059375000000000004 0.014492657996427672
-0.034375 0.01447854512108587
-0.009375000000000001 0.01443359598915546
0.015625 0.014363035706772694
0.040625 0.014347767791514521
0.065625 0.014324526452583749
0.09062500000000001 0.01427403960011187
0.115625 0.014266493245179956
0.140625 0.014285783211433424
0.16562500000000002 0.014250808068265213
0.19062500000000002 0.014220190665056618
0.215625 0.014234799970911597
0.240625 0.014214734350721153
0.265625 0.014195496092119215
0.290625 0.014233533787935126
0.31562500000000004 0.014266818944342008
0.340625 0.014254602960290724
0.36562500000000003 0.014288975810515043
0.390625 0.014352021121646814
0.415625 0.014397115571229323
0.44062500000000004 0.014580877354349125
0.465625 0.014615955615720922
0.45937500000000003 0.02585907430532393
0.446875 0.0393990074985171
0.4344011154127664 0.053125000000000006
0.4235111450297387 0.065625
0.4146023398288761 0.078125
0.41220544683142024 0.10312500000000001
0.423859341093903 0.115625
0.44062500000000004 0.12483446567584938
0.45937500000000003 0.13148334694026947
0.478125 0.13590890832013433
0.503125 0.13945465411893115
0.521875 0.14077063828382586
0.546875 0.14103855711677377
0.565625 0.13998927415225998
0.5906250000000001 0.13637934281369074
0.609375 0.13134849600293003
0.628125 0.12352880550856754
0.6415016251688844 0.115625
0.6573072920704752 0.10312500000000001
0.6692576623969607 0.09062500000000001
0.6787559658177841 0.078125
0.6893283908220719 0.059375000000000004
0.6950541894970151 0.040625
0.690625 0.01663539926342079
0.6781250000000001 0.005790655485071274
0.659375 -0.000930566880476171
0.640625 -0.0037953576552602498
0.6156250000000001 -0.0036589677322814854
0.596875 -0.00014900615799043684
0.5785185475906554 0.009375000000000001
0.5681289208970213 0.021875000000000002
0.558389167009153 0.034375
0.540625 0.045840249766456696
0.521462678992809 0.040625
0.509375 0.02458370689752971
0.503125 0.009275778198366228
0.509375 -0.008738261960548896
0.521875 -0.01647208308363495
0.534375 -0.031734085607783555
0.5369589273475547 -0.053125000000000006
0.5317872908748758 -0.07187500000000001
0.521875 -0.08717753474737441
0.509375 -0.09798631184370504
0.49062500000000003 -0.10660558608187524
0.465625 -0.10887628591411065
0.44177272620065366 -0.10312500000000001
0.42812500000000003 -0.09497928144093729
0.4162678746925233 -0.078125
0.4156365544943622 -0.065625
0.4244671760501834 -0.046875
0.437248865626213 -0.034375
0.44599520386207836 -0.028125

-0.153125 0.10876959570458668
-0.178125 0.10656263157731018
-0.19687500000000002 0.10292933091423201
-0.21834056838799087 0.096875
-0.23482453725280536 0.09062500000000001
-0.253125 0.08144741382803776
-0.26779287876952224 0.07187500000000001
-0.28201498314791257 0.059375000000000004
-0.278125 0.04705853349153272
-0.259375 0.041921620151848374
-0.240625 0.03838589014972675
-0.215625 0.03547149466745399
-0.19062500000000002 0.03453990264632442
-0.16562500000000002 0.03584667303526346
-0.140625 0.040112083264080625
-0.12187500000000001 0.04646220727728216
-0.109375 0.05338883194993945
-0.09668891195014129 0.065625
-0.0946717875639116 0.09062500000000001
-0.109375 0.1021589546076662
-0.12812500000000002 0.10736081140225646
-0.153125 0.10876959570458668
-0.153125 0.10876959570458668

-0.22812500000000002 0.007002935242551116
-0.253125 0.006939356812087847
-0.278125 0.0068819407715839135
-0.30312500000000003 0.006751844351004628
-0.328125 0.0066536580500703504
-0.353125 0.0066045028389469275
-0.37812500000000004 0.006493697161103342
-0.403125 0.006392799500732672
-0.42812500000000003 0.006400129966273401
-0.453125 0.006408966419290401
-0.4762711401380709 0.003125
-0.45937500000000003 -0.004827651544138762
-0.434375 -0.006242174760941324
-0.40937500000000004 -0.006222247840950873
-0.384375 -0.006252212825703976
-0.359375 -0.006204931659274125
-0.33437500000000003 -0.006215140873184646
-0.309375 -0.00624758793633845
-0.284375 -0.00618165286554721
-0.259375 -0.006097225417581698
-0.234375 -0.006095335018364656
-0.209375 -0.006052974177557778
-0.184375 -0.0059757429362274255
-0.15937500000000002 -0.006034164580816074
-0.134375 -0.006128035222257951
-0.109375 -0.006129313794301858
-0.084375 -0.006190413583298882
-0.059375000000000004 -0.0063304858563123624
-0.034375 -0.006377925763655055
-0.009375000000000001 -0.006442362399646803
0.015625 -0.006590907817318352
0.040625 -0.00666371766430116
0.065625 -0.006674463688004072
0.09062500000000001 -0.006755423368268706
0.115625 -0.006820758002181371
0.140625 -0.006808550743328085
0.16562500000000002 -0.006860726493487504
0.19062500000000002 -0.006951061443781244
0.215625 -0.006954763369817835
0.240625 -0.006948084188357109
0.265625 -0.007011217211231458
0.290625 -0.007021914787970724
0.31562500000000004 -0.006997427739883993
0.340625 -0.007052923294905889
0.36562500000000003 -0.007089997153091666
0.390625 -0.007039088259621854
0.415625 -0.007015926860783419
0.44062500000000004 -0.006917368416209708
0.465625 -0.007394675400658067
0.484375 -0.0123262527124568
0.49062500000000003 -0.0010548677614696913
0.4831409362510487 0.009375000000000001
0.45937500000000003 0.006102543502739995
0.434375 0.006525624930881266
0.40937500000000004 0.006585162242188069
0.384375 0.006656129011849641
0.359375 0.006642663461804967
0.33437500000000003 0.006694945999764279
0.309375 0.006791839476226982
0.284375 0.006794464281279664
0.259375 0.006781932610409616
0.234375 0.006844966856607221
0.209375 0.006854276927683605
0.184375 0.006828393239821296
0.15937500000000002 0.00688973330262478
0.134375 0.006938055898426238
0.109375 0.006911070553716872
0.084375 0.006930050905395827
0.059375000000000004 0.006988870565518933
0.034375 0.006977985027445538
0.009375000000000001 0.006997027474600355
-0.015625 0.007092445634574034
-0.040625 0.0071342747498266525
-0.065625 0.007126815329461085
-0.09062500000000001 0.007177759949731593
-0.115625 0.007216031832584656
-0.140625 0.007173560642391941
-0.16562500000000002 0.007163385065370084
-0.19062500000000002 0.007171048870740719
-0.215625 0.007085264967144485
-0.22812500000000002 0.007002935242551116

-0.4898629774119449 0.003125
-0.484375 -0.017810578530840414
-0.47841843948782786 0.003125
-0.48484449052108897 0.015625
-0.4898629774119449 0.003125

0.8343750000000001 -0.019406363831802782
0.8093750000000001 -0.021640953595347998
0.790625 -0.025512407362364882
0.7718750000000001 -0.03309684510309791
0.759375 -0.04403998651285261
0.7516760960130793 -0.059375000000000004
0.7478558290295653 -0.084375
0.7508205266615476 -0.109375
0.759375 -0.12576088421898876
0.7718750000000001 -0.13572778261035745
0.790625 -0.14187208656569716
0.815625 -0.14242531895447622
0.8343750000000001 -0.13873547653753318
0.853125 -0.13153130696626208
0.8693146176902796 -0.12187500000000001
0.8841677280281549 -0.109375
0.8955890121890968 -0.096875
0.9051509197263519 -0.084375
0.915625 -0.06769316813267219
0.9217183926855697 -0.046875
0.909375 -0.030790587445002147
0.890625 -0.02372833948639002
0.8718750000000001 -0.02050522514319054
0.846875 -0.01917021906702789
0.8343750000000001 -0.019406363831802782

-0.153125 0.10552052838670439
-0.178125 0.1034724143142341
-0.19687500000000002 0.0999135743380594
-0.215625 0.09456456474674549
-0.234375 0.08715866434416308
-0.25117937744956986 0.078125
-0.265625 0.06684042327478053
-0.27197855070833465 0.053125000000000006
-0.259375 0.045755415813114965
-0.23889336643160705 0.040625
-0.215625 0.03767814820518402
-0.19062500000000002 0.03667466558509285
-0.16562500000000002 0.03815196800220765
-0.146875 0.041349439160011575
-0.12812500000000002 0.04725700650974974
-0.109375 0.058520575830428974
-0.0993892784060234 0.07187500000000001
-0.10312500000000001 0.09144840741871542
-0.12187500000000001 0.101865934523397
-0.140625 0.10511064941287274
-0.153125 0.10552052838670439

-0.240625 0.014800590327513434
-0.265625 0.014842875401854909
-0.290625 0.014943861906645471
-0.31562500000000004 0.01508370387730714
-0.340625 0.015217438866540376
-0.36562500000000003 0.015411710966085738
-0.3852379941740992 0.015625
-0.36562500000000003 0.019492466050436707
-0.34687500000000004 0.026220031822023145
-0.33332665556832597 0.034375
-0.328147717926437 0.046875
-0.34687500000000004 0.05649270748246046
-0.36562500000000003 0.06299685351543473
-0.384375 0.06774279071935121
-0.40937500000000004 0.069156534096797
-0.4335973615911593 0.065625
-0.453125 0.0599245479664653
-0.4675554895933267 0.053125000000000006
-0.484375 0.042493649532878125
-0.4956021907641759 0.028125
-0.5023252921643826 0.009375000000000001
-0.5009045758277046 -0.015625
-0.491300480043914 -0.034375
-0.478125 -0.046334512397951375
-0.465625 -0.05372493908044143
-0.446875 -0.0618003832096624
-0.42812500000000003 -0.0670323143644781
-0.403125 -0.07156863606427216
-0.384375 -0.07389059966972268
-0.359375 -0.07550053849873062
-0.33437500000000003 -0.07541978141994016
-0.309375 -0.07258064328671791
-0.290625 -0.06692963185345281
-0.278125 -0.05888146702147038
-0.27187500000000003 -0.04448336143489158
-0.284375 -0.02962608767105738
-0.29989917956470546 -0.021875000000000002
-0.321875 -0.01901689113748558
-0.34687500000000004 -0.016370471355563115
-0.34687500000000004 -0.015579352282448125
-0.321875 -0.015443671429831921
-0.296875 -0.01533384450264335
-0.27187500000000003 -0.015237711061596609
-0.246875 -0.015102067377552375
-0.22187500000000002 -0.014966341300087685
-0.19687500000000002 -0.014877041362406269
-0.171875 -0.014799956301821104
-0.146875 -0.014707081657823726
-0.12187500000000001 -0.01466594203872697
-0.096875 -0.014628143252704576
-0.07187500000000001 -0.014547508675303697
-0.046875 -0.014493602262479205
-0.021875000000000002 -0.014474354093049209
0.003125 -0.014420344734887377
0.028125 -0.014359547503852264
0.053125000000000006 -0.014346306236226215
0.078125 -0.014291696799024063
0.10312500000000001 -0.014204727737758717
0.12812500000000002 -0.014168953926938711
0.153125 -0.014150206138601816
0.178125 -0.01408916870281663
0.203125 -0.01405980437794824
0.22812500000000002 -0.014063696921047322
0.253125 -0.014010337556468725
0.278125 -0.01396035790852018
0.30312500000000003 -0.01397315806466372
0.328125 -0.013981017172888296
0.353125 -0.013964863861957541
0.37812500000000004 -0.014022101630066949
0.403125 -0.014103840111011201
0.42812500000000003 -0.014194428002004274
0.453125 -0.014611330651505614
0.465625 -0.01850083338004212
0.44838305319549876 -0.028125
0.434375 -0.040229542043634506
0.4247411463545573 -0.053125000000000006
0.42120036992068705 -0.07187500000000001
0.42812500000000003 -0.08699330682301817
0.44062500000000004 -0.09730477111443508
0.45937500000000003 -0.10427306734088962
0.484375 -0.10504442224511748
0.503125 -0.09926625997299826
0.5160345376495988 -0.09062500000000001
0.5281250000000001 -0.07682764639151131
0.5353414149380289 -0.059375000000000004
0.535066857313792 -0.034375
0.5281250000000001 -0.021814966713246422
0.5117032119541067 -0.009375000000000001
0.4985837398202184 0.003125
0.5084118203655964 0.021875000000000002
0.515625 0.035004965215977984
0.534375 0.04685542652396525
0.553125 0.04016786416281023
0.565625 0.02615720398368839
0.578125 0.010402446716698759
0.5906250000000001 0.0024593124020272535
0.6145450121006144 -0.003125
0.634375 -0.0036645530289935915
0.6531250000000001 -0.0015135017702200026
0.671875 0.003926584176653876
0.6878941084331615 0.015625
0.6935644314151521 0.034375
0.6897046489596207 0.053125000000000006
0.6802207662564793 0.07187500000000001
0.6712472362105028 0.084375
0.659375 0.0973938656422458
0.6449261632458811 0.109375
0.628125 0.11961485010446263
0.609375 0.1272695996450251
0.5906250000000001 0.13218637626711552
0.571875 0.13494656248161085
0.546875 0.13634294132676075
0.521875 0.13573467751492585
0.503125 0.13410902789532225
0.478125 0.12999803497781634
0.45937500000000003 0.12471749027325588
0.44062500000000004 0.11621782966889267
0.42812500000000003 0.10605127141875871
0.42151354711099676 0.09062500000000001
0.42702901368718116 0.07187500000000001
0.4349714610923309 0.059375000000000004
0.446875 0.04358133565101252
0.4593658030391432 0.028125
0.4701725770952471 0.015625
0.446875 0.0144384542579453
0.421875 0.014329551905634062
0.39687500000000003 0.014193089598432615
0.371875 0.014146602279974867
0.34687500000000004 0.01413570538156057
0.321875 0.014090421387841855
0.296875 0.01407697615786847
0.27187500000000003 0.014102059221137043
0.246875 0.014073710582026758
0.22187500000000002 0.014048470319779441
0.19687500000000002 0.014081329145659524
0.171875 0.01410496973706573
0.146875 0.014097414517615476
0.12187500000000001 0.01414168568598198
0.096875 0.0141797490596232
0.07187500000000001 0.014163802464918267
0.046875 0.014183905794396776
0.021875000000000002 0.014245841047740397
-0.003125 0.014276634717183191
-0.028125 0.014308075444938
-0.053125000000000006 0.01439750033459181
-0.078125 0.014455074129442582
-0.10312500000000001 0.014484446319209181
-0.12812500000000002 0.014561357580502442
-0.153125 0.014653356892673625
-0.178125 0.014688340576462379
-0.203125 0.014728854527247844
-0.22812500000000002 0.014793076643337236
-0.240625 0.014800590327513434

-0.22812500000000002 0.007039360244629231
-0.253125 0.006973209999956324
-0.278125 0.006912875651176835
-0.30312500000000003 0.00677976029722397
-0.328125 0.006678404643159261
-0.353125 0.006625831074195423
-0.37812500000000004 0.0065115027349140885
-0.403125 0.0064070241974303645
-0.42812500000000003 0.006410713688435086
-0.453125 0.006415544382757406
-0.4762776631512492 0.003125
-0.45937500000000003 -0.004833755505914767
-0.434375 -0.006251917703916536
-0.40937500000000004 -0.006235823196858236
-0.384375 -0.006269456190237142
-0.359375 -0.006225839850952167
-0.33437500000000003 -0.0062397141199982
-0.309375 -0.006275739308265947
-0.284375 -0.006213499244431594
-0.259375 -0.006133059995660793
-0.234375 -0.006135034653642459
-0.209375 -0.00609639877107454
-0.184375 -0.006023192619111713
-0.15937500000000002 -0.006085248283042997
-0.134375 -0.006181903831704399
-0.109375 -0.006186048913674868
-0.084375 -0.006249773066675375
-0.059375000000000004 -0.006391479365142857
-0.034375 -0.006440459140430772
-0.009375000000000001 -0.006506695710315398
0.015625 -0.006656595680517114
0.040625 -0.006730658555319757
0.065625 -0.006743114465031161
0.09062500000000001 -0.0068255628570941165
0.115625 -0.006891966021559356
0.140625 -0.006881086416677524
0.16562500000000002 -0.006934618791318802
0.19062500000000002 -0.007025720868932793
0.215625 -0.007030237046999838
0.240625 -0.007024603663332349
0.265625 -0.0070880981104472435
0.290625 -0.007098698221865056
0.31562500000000004 -0.007074324740666331
0.340625 -0.007129465071601922
0.36562500000000003 -0.00716539750357284
0.390625 -0.007113259135968129
0.415625 -0.007088232114946271
0.44062500000000004 -0.006986099979543957
0.465625 -0.00745729346160388
0.484375 -0.01249925474534358
0.49062500000000003 -0.0009674524318999591
0.4830778990890996 0.009375000000000001
0.45937500000000003 0.006169922837455629
0.434375 0.006599032005149929
0.40937500000000004 0.006661932949190814
0.384375 0.0067344623768892855
0.359375 0.006722122488893624
0.33437500000000003 0.006775058451560113
0.309375 0.006871576733162296
0.284375 0.006873742501215837
0.259375 0.006860912349944774
0.234375 0.006922864890738273
0.209375 0.006930698939558857
0.184375 0.006903611349822532
0.15937500000000002 0.0069634101005966
0.134375 0.007009685511856571
0.109375 0.00698087041031689
0.084375 0.0069979376190505375
0.059375000000000004 0.0070543065866302814
0.034375 0.0070409364499004696
0.009375000000000001 0.007057641852703575
-0.015625 0.007150397999460892
-0.040625 0.007189463091139828
-0.065625 0.007179575065419386
-0.09062500000000001 0.00722798961336629
-0.115625 0.007263518735951679
-0.140625 0.007218582719650229
-0.16562500000000002 0.007206088254181009
-0.19062500000000002 0.007211180504267221
-0.215625 0.007122891932715556
-0.22812500000000002 0.007039360244629231

-0.489863928688224 0.003125
-0.484375 -0.017822092944970093
-0.4784174069881846 0.003125
-0.4848472920180109 0.015625
-0.489863928688224 0.003125

0.9092038284708812 -0.059375000000000004
0.909375 -0.0458162632971577
0.8968750000000001 -0.03255129643273623
0.878125 -0.025994595194151468
0.853125 -0.022624874230994636
0.828125 -0.022547323167662694
0.8031250000000001 -0.02536217143710025
0.784375 -0.03025236193379128
0.7661792022263478 -0.040625
0.7567979135183771 -0.053125000000000006
0.7511746218817359 -0.07187500000000001
0.7511312984025048 -0.096875
0.7573893070363565 -0.115625
0.7688650004500475 -0.12812500000000002
0.784375 -0.1354174432414228
0.8093750000000001 -0.13787556361030281
0.8303487018513315 -0.134375
0.8474545628267168 -0.12812500000000002
0.8656250000000001 -0.11730500101808533
0.878125 -0.10655238642487405
0.890625 -0.09229744965455304
0.9004262140673421 -0.078125
0.9092038284708812 -0.059375000000000004
0.9092038284708812 -0.059375000000000004

-0.240625 0.01471993128433649
-0.265625 0.014769870904629012
-0.290625 0.014879390065585602
-0.31562500000000004 0.015027488821377215
-0.340625 0.015167976469345023
-0.36562500000000003 0.015369319015756836
-0.3879501954976094 0.015625
-0.36562500000000003 0.02026113861507841
-0.3479826435687743 0.028125
-0.33437500000000003 0.040258480516820815
-0.340625 0.049735869618313104
-0.359375 0.05799628548529066
-0.37812500000000004 0.06403864052034942
-0.39687500000000003 0.06739505549630195
-0.421875 0.06688587455249041
-0.44062500000000004 0.06346489063278252
-0.45937500000000003 0.05722685013981031
-0.47757002928953907 0.046875
-0.49062500000000003 0.03648280495267274
-0.49919651290601047 0.021875000000000002
-0.4998600033316666 -0.003125
-0.496875 -0.02693097117697365
-0.48499383145578845 -0.040625
-0.47187500000000004 -0.05043680404082509
-0.453125 -0.05882912039930697
-0.434375 -0.06469012927606567
-0.415625 -0.06869950609113266
-0.390625 -0.07178576099639286
-0.371875 -0.07323707670901092
-0.34687500000000004 -0.07373909033164121
-0.321875 -0.07205675117935398
-0.30312500000000003 -0.06837673417395418
-0.284375 -0.0595373382075572
-0.276121201639477 -0.046875
-0.284375 -0.03299902814167327
-0.30312500000000003 -0.023500323230730678
-0.321875 -0.019980250472111685
-0.34687500000000004 -0.017106086315758853
-0.359375 -0.015623264204640915
-0.33437500000000003 -0.015469338361861807
-0.309375 -0.015325153304770097
-0.284375 -0.01521265235878153
-0.259375 -0.01510159781938383
-0.234375 -0.014964445017304383
-0.209375 -0.014861480723488318
-0.184375 -0.014779408418051084
-0.15937500000000002 -0.014665203219517794
-0.134375 -0.014574000998215497
-0.109375 -0.014536552750803525
-0.084375 -0.0144871686576002
-0.059375000000000004 -0.01441774263197677
-0.034375 -0.014398366404607935
-0.009375000000000001 -0.014352496157400193
0.015625 -0.014259397945621368
0.040625 -0.014206695038235675
0.065625 -0.014180012209498008
0.09062500000000001 -0.014110109879892935
0.115625 -0.014055049405499542
0.140625 -0.014046665067648671
0.16562500000000002 -0.013985063962478674
0.19062500000000002 -0.01390676223270695
0.215625 -0.013890436157069738
0.240625 -0.013880357780511332
0.265625 -0.013828740999777628
0.290625 -0.013828637972543025
0.31562500000000004 -0.013848498542248249
0.340625 -0.013811706963844782
0.36562500000000003 -0.013809654413724497
0.390625 -0.013887287016530227
0.415625 -0.013979184069644678
0.44062500000000004 -0.014244622397592967
0.465625 -0.01458444756086793
0.4585376489809349 -0.021875000000000002
0.44305146059215705 -0.034375
0.4321870224425675 -0.046875
0.4258470241715804 -0.065625
0.4324433025731185 -0.084375
0.446875 -0.09582458473319069
0.465625 -0.10191813868002962
0.49062500000000003 -0.10123623290927003
0.509375 -0.09364025976169518
0.521875 -0.08320264905805985
0.5326937941361719 -0.065625
0.5362529436943038 -0.046875
0.5323783178937437 -0.028125
0.5208233465988429 -0.015625
0.503125 -0.005293347471099554
0.503249406156063 0.009375000000000001
0.5115242281421499 0.028125
0.521875 0.04269673636252408
0.540625 0.04727299726451419
0.5534408679899196 0.040625
0.565625 0.02694269472966036
0.578125 0.011082418147516617
0.5906250000000001 0.002920976861583144
0.6156250000000001 -0.0028026106664922738
0.634375 -0.0031885595968946844
0.6531250000000001 -0.000796680123672159
0.671875 0.005186137257216108
0.6857249571796972 0.015625
0.6915745993718682 0.034375
0.6876160382362347 0.053125000000000006
0.6781250000000001 0.0712106315534844
0.6682065403241161 0.084375
0.6560018616965144 0.096875
0.640625 0.10874670859161721
0.628125 0.11587194704557999
0.609375 0.1235036644476854
0.5906250000000001 0.12817126357245937
0.565625 0.13127944788445667
0.540625 0.13172377902586943
0.515625 0.13031858528157192
0.496875 0.1279994351829258
0.47187500000000004 0.12237323244782597
0.4547348780432841 0.115625
0.44062500000000004 0.10595441492331185
0.4315625304728159 0.09062500000000001
0.434375 0.0716381028954997
0.44376837599227753 0.053125000000000006
0.453125 0.03903585722137739
0.465625 0.023533665702019993
0.45937500000000003 0.014785336311397097
0.434375 0.014245238968880443
0.40937500000000004 0.014113075660265262
0.384375 0.01403308623301958
0.359375 0.014022277685842747
0.33437500000000003 0.013973159884315333
0.309375 0.013913037147891973
0.284375 0.013919201779165249
0.259375 0.013936309531667763
0.234375 0.013912597169951838
0.209375 0.01393456094389757
0.184375 0.013973987142485073
0.15937500000000002 0.013952923237031095
0.134375 0.013953307748809167
0.109375 0.014005896610080932
0.084375 0.014031887240143726
0.059375000000000004 0.014040311086019986
0.034375 0.014107658013892348
0.009375000000000001 0.01415108161664499
-0.015625 0.014150967296877402
-0.040625 0.014203227019537759
-0.065625 0.014295604849181633
-0.09062500000000001 0.014351752033127827
-0.115625 0.014417566615396483
-0.140625 0.014524499831852089
-0.16562500000000002 0.01457295049064053
-0.19062500000000002 0.014591135443922282
-0.215625 0.014650725494132716
-0.240625 0.01471993128433649
-0.240625 0.01471993128433649

-0.22812500000000002 0.007075785246707345
-0.253125 0.007007063187824798
-0.278125 0.006943810530769759
-0.30312500000000003 0.0068076762434433145
-0.328125 0.006703151236248171
-0.353125 0.006647159309443916
-0.37812500000000004 0.006529308308724833
-0.403125 0.006421248894128057
-0.42812500000000003 0.006421297410596771
-0.453125 0.006422122346224411
-0.4762841861644275 0.003125
-0.45937500000000003 -0.0048398594676907734
-0.434375 -0.006261660646891747
-0.40937500000000004 -0.006249398552765599
-0.384375 -0.006286699554770306
-0.359375 -0.006246748042630207
-0.33437500000000003 -0.006264287366811755
-0.309375 -0.0063038906801934445
-0.284375 -0.006245345623315979
-0.259375 -0.0061688945737398875
-0.234375 -0.006174734288920262
-0.209375 -0.0061398233645913024
-0.184375 -0.0060706423019960005
-0.15937500000000002 -0.00613633198526992
-0.134375 -0.006235772441150845
-0.109375 -0.006242784033047878
-0.084375 -0.006309132550051869
-0.059375000000000004 -0.006452472873973351
-0.034375 -0.0065029925172064885
-0.009375000000000001 -0.006571029020983993
0.015625 -0.006722283543715877
0.040625 -0.006797599446338355
0.065625 -0.006811765242058251
0.09062500000000001 -0.0068957023459195275
0.115625 -0.006963174040937341
0.140625 -0.006953622090026964
0.16562500000000002 -0.007008511089150099
0.19062500000000002 -0.007100380294084342
0.215625 -0.0071057107241818416
0.240625 -0.00710112313830759
0.265625 -0.007164979009663031
0.290625 -0.0071754816557593895
0.31562500000000004 -0.007151221741448669
0.340625 -0.007206006848297956
0.36562500000000003 -0.007240797854054015
0.390625 -0.007187430012314404
0.415625 -0.007160537369109124
0.44062500000000004 -0.007054831542878207
0.465625 -0.007519911522549693
0.484375 -0.012672256778230358
0.49062500000000003 -0.0008800371023302274
0.4830148619271505 0.009375000000000001
0.45937500000000003 0.006237302172171263
0.434375 0.006672439079418592
0.40937500000000004 0.00673870365619356
0.384375 0.0068127957419289314
0.359375 0.006801581515982282
0.33437500000000003 0.006855170903355946
0.309375 0.006951313990097609
0.284375 0.00695302072115201
0.259375 0.006939892089479932
0.234375 0.007000762924869324
0.209375 0.00700712095143411
0.184375 0.006978829459823767
0.15937500000000002 0.00703708689856842
0.134375 0.0070813151252869045
0.109375 0.007050670266916908
0.084375 0.007065824332705247
0.059375000000000004 0.00711974260774163
0.034375 0.007103887872355401
0.009375000000000001 0.007118256230806795
-0.015625 0.0072083503643477495
-0.040625 0.0072446514324530035
-0.065625 0.007232334801377686
-0.09062500000000001 0.007278219277000985
-0.115625 0.0073110056393187
-0.140625 0.007263604796908516
-0.16562500000000002 0.007248791442991934
-0.19062500000000002 0.007251312137793722
-0.215625 0.007160518898286627
-0.22812500000000002 0.007075785246707345

-0.48986487996450306 0.003125
-0.484375 -0.017833607359099776
-0.4784163744885413 0.003125
-0.4848500935149329 0.015625
-0.48986487996450306 0.003125

0.790625 -0.03103955928963358
0.7718750000000001 -0.03966610278199399
0.7596304418477174 -0.053125000000000006
0.7534888152989464 -0.07187500000000001
0.7530170693661506 -0.09062500000000001
0.7582430510073205 -0.109375
0.7681409069509112 -0.12187500000000001
0.784375 -0.1304726281565976
0.8093750000000001 -0.13300380149240779
0.8335643216805658 -0.12812500000000002
0.8480798731858723 -0.12187500000000001
0.8656250000000001 -0.11002897820707751
0.878125 -0.09761056126465069
0.8880883358924656 -0.084375
0.8968750000000001 -0.067512960070253
0.8984288555123442 -0.046875
0.885487794176999 -0.034375
0.8660345026145333 -0.028125
0.846875 -0.025840755366325092
0.821875 -0.025871435761469334
0.8027207921364229 -0.028125
0.790625 -0.03103955928963358

-0.184375 0.0995270431668032
-0.203125 0.0952843296803182
-0.22187500000000002 0.08902783527930772
-0.240625 0.08006527000634907
-0.253125 0.07161251656487465
-0.26169155709523656 0.053125000000000006
-0.246875 0.04564294776132776
-0.22253241273070598 0.040625
-0.203125 0.039027250492784105
-0.178125 0.03925892799533063
-0.15937500000000002 0.04140774091772545
-0.1374725608897524 0.046875
-0.12187500000000001 0.05420769939216558
-0.10880766299186502 0.065625
-0.109375 0.08953320901080387
-0.12187500000000001 0.09737990082519282
-0.146875 0.10208706686863607
-0.171875 0.10129440160496087
-0.184375 0.0995270431668032

-0.240625 0.014639272241159549
-0.265625 0.01469686640740311
-0.290625 0.014814918224525736
-0.31562500000000004 0.014971273765447289
-0.340625 0.015118514072149671
-0.36562500000000003 0.015326927065427935
-0.390625 0.015624519003666923
-0.37812500000000004 0.0180747200985727
-0.359375 0.02313080582044515
-0.3430101379568477 0.034375
-0.34278924183977694 0.046875
-0.359375 0.055358658930942634
-0.37812500000000004 0.06175896357551001
-0.39687500000000003 0.0656452578643181
-0.421875 0.06578539949270178
-0.44062500000000004 0.06281534567345798
-0.45937500000000003 0.05684686571765478
-0.47726152639005875 0.046875
-0.49062500000000003 0.03639988358037529
-0.49919078439332715 0.021875000000000002
-0.4998598121241815 -0.003125
-0.496875 -0.02691655112498766
-0.48488983495864396 -0.040625
-0.47187500000000004 -0.050202628934388045
-0.453125 -0.058446482431137196
-0.434375 -0.06405680851204863
-0.415625 -0.06772365555276584
-0.390625 -0.07057179270005358
-0.36562500000000003 -0.07180526480415288
-0.35195221885579164 -0.07187500000000001
-0.328125 -0.07061415687190431
-0.3032600091219829 -0.065625
-0.2898893733898248 -0.059375000000000004
-0.28185753094197363 -0.040625
-0.296875 -0.029140545656071333
-0.314554286014747 -0.021875000000000002
-0.33437500000000003 -0.019245538898325084
-0.359375 -0.016296000347201342
-0.359375 -0.015581502892756206
-0.33437500000000003 -0.015421195798278924
-0.309375 -0.015270611130830565
-0.284375 -0.015153250243903255
-0.259375 -0.015037591746780765
-0.234375 -0.014895107359551754
-0.209375 -0.014787837698051183
-0.184375 -0.014701802574782784
-0.15937500000000002 -0.014581760531117304
-0.134375 -0.014484787027888595
-0.109375 -0.01444305941747125
-0.084375 -0.01438818991980324
-0.059375000000000004 -0.014312499958773066
-0.034375 -0.01428899062270493
-0.009375000000000001 -0.014238294259790632
0.015625 -0.014138448093140818
0.040625 -0.014081205047737251
0.065625 -0.01405132020390443
0.09062500000000001 -0.013976153319267295
0.115625 -0.013916873162929264
0.140625 -0.013906718977470322
0.16562500000000002 -0.01384111728359292
0.19062500000000002 -0.013758017032646706
0.215625 -0.01374025848933641
0.240625 -0.013728745519641695
0.265625 -0.01367380689985991
0.290625 -0.013673165017407425
0.31562500000000004 -0.01369380748005253
0.340625 -0.013655139648993713
0.36562500000000003 -0.013652980174738805
0.390625 -0.013734295210907565
0.415625 -0.013828851119914887
0.44062500000000004 -0.014100367027166444
0.465625 -0.01440860392385241
0.45937500000000003 -0.022559164835268677
0.44552526759122735 -0.034375
0.434375 -0.04931678243345797
0.4311556860263795 -0.07187500000000001
0.44062500000000004 -0.08655289061462577
0.4587827457501579 -0.096875
0.478125 -0.1000770574921993
0.49750622468195244 -0.096875
0.515625 -0.08731889515350091
0.5281250000000001 -0.07316634541876989
0.534375 -0.05785676632658632
0.534375 -0.03526512701845706
0.5276335060546758 -0.021875000000000002
0.5115122420751941 -0.009375000000000001
0.4985576317116418 0.003125
0.5082472301827388 0.021875000000000002
0.515625 0.03624323830683038
0.5281250000000001 0.04694391880466573
0.546875 0.04597060352031189
0.560519776065534 0.034375
0.571875 0.019006030098288745
0.584375 0.006825310794395013
0.603125 -0.0004151703204279826
0.628125 -0.002864026018249774
0.6531250000000001 -7.985847712431438e-5
0.671875 0.006445690337778342
0.6843750000000001 0.01687847660502428
0.6891040307591215 0.040625
0.682694239929111 0.059375000000000004
0.671875 0.07638708964462254
0.659375 0.0903561828070025
0.6468750000000001 0.10102553881317598
0.6338421129445158 0.109375
0.6156250000000001 0.11781648772695913
0.596875 0.12322561314698775
0.571875 0.12678853609633228
0.546875 0.12738530680806487
0.521875 0.12602102994941353
0.496875 0.12275573035504454
0.478125 0.11827821444393376
0.45937500000000003 0.11046182428831969
0.446875 0.10072156383413321
0.4393639238781882 0.084375
0.4423946222615505 0.065625
0.45080040396489096 0.046875
0.45937500000000003 0.032999395509540945
0.4713597337130759 0.015625
0.446875 0.014177175091974808
0.421875 0.014061500720751081
0.39687500000000003 0.0139110567033245
0.371875 0.01385905819183203
0.34687500000000004 0.01384566046941712
0.321875 0.013794422941709253
0.296875 0.013779394626948889
0.27187500000000003 0.01380738234151923
0.246875 0.013777080866331896
0.22187500000000002 0.013750551795946347
0.19687500000000002 0.013788777037768828
0.171875 0.013816075281704343
0.146875 0.013809733982275522
0.12187500000000001 0.013860966440070203
0.096875 0.013905609872064295
0.07187500000000001 0.013890955601547864
0.046875 0.013915832739421648
0.021875000000000002 0.013985941077953146
-0.003125 0.014020305992257584
-0.028125 0.014055216856504689
-0.053125000000000006 0.01415293115016885
-0.078125 0.014215657121275767
-0.10312500000000001 0.014247747443494725
-0.12812500000000002 0.014333991829329866
-0.153125 0.014438761620111068
-0.178125 0.014484888144891225
-0.203125 0.014540958687266488
-0.22812500000000002 0.014624083584763772
-0.240625 0.014639272241159549

-0.22812500000000002 0.007112210248785459
-0.253125 0.007040916375693275
-0.278125 0.0069747454103626805
-0.30312500000000003 0.006835592189662658
-0.328125 0.006727897829337082
-0.353125 0.006668487544692412
-0.37812500000000004 0.006547113882535578
-0.403125 0.006435473590825751
-0.42812500000000003 0.006431881132758457
-0.453125 0.006428700309691416
-0.47629070917760585 0.003125
-0.45937500000000003 -0.00484596342946678
-0.434375 -0.006271403589866958
-0.40937500000000004 -0.006262973908672961
-0.384375 -0.006303942919303471
-0.359375 -0.006267656234308248
-0.33437500000000003 -0.006288860613625309
-0.309375 -0.0063320420521209425
-0.284375 -0.006277192002200364
-0.259375 -0.006204729151818982
-0.234375 -0.006214433924198065
-0.209375 -0.0061832479581080645
-0.184375 -0.006118091984880288
-0.15937500000000002 -0.006187415687496843
-0.134375 -0.006289641050597292
-0.109375 -0.006299519152420888
-0.084375 -0.006368492033428362
-0.059375000000000004 -0.006513466382803845
-0.034375 -0.006565525893982203
-0.009375000000000001 -0.006635362331652589
0.015625 -0.0067879714069146386
0.040625 -0.006864540337356952
0.065625 -0.006880416019085341
0.09062500000000001 -0.006965841834744937
0.115625 -0.007034382060315326
0.140625 -0.007026157763376404
0.16562500000000002 -0.007082403386981398
0.19062500000000002 -0.007175039719235891
0.215625 -0.007181184401363844
0.240625 -0.00717764261328283
0.265625 -0.0072418599088788175
0.290625 -0.007252265089653723
0.31562500000000004 -0.007228118742231007
0.340625 -0.0072825486249939895
0.36562500000000003 -0.0073161982045351895
0.390625 -0.007261600888660679
0.415625 -0.007232842623271977
0.44062500000000004 -0.007123563106212456
0.465625 -0.007582529583495506
0.484375 -0.012845258811117137
0.49062500000000003 -0.0007926217727604948
0.48295182476520143 0.009375000000000001
0.45937500000000003 0.0063046815068868965
0.434375 0.006745846153687255
0.40937500000000004 0.006815474363196305
0.384375 0.006891129106968576
0.359375 0.0068810405430709395
0.33437500000000003 0.00693528335515178
0.309375 0.007031051247032923
0.284375 0.007032298941088183
0.259375 0.0070188718290150895
0.234375 0.007078660959000376
0.209375 0.007083542963309363
0.184375 0.007054047569825003
0.15937500000000002 0.0071107636965402395
0.134375 0.007152944738717238
0.109375 0.007120470123516926
0.084375 0.007133711046359958
0.059375000000000004 0.007185178628852978
0.034375 0.007166839294810333
0.009375000000000001 0.007178870608910015
-0.015625 0.007266302729234607
-0.040625 0.007299839773766178
-0.065625 0.007285094537335988
-0.09062500000000001 0.007328448940635682
-0.115625 0.007358492542685723
-0.140625 0.0073086268741668035
-0.16562500000000002 0.007291494631802859
-0.19062500000000002 0.007291443771320225
-0.215625 0.007198145863857698
-0.22812500000000002 0.007112210248785459

-0.48986583124078215 0.003125
-0.484375 -0.017845121773229458
-0.478415341988898 0.003125
-0.48485289501185486 0.015625
-0.48986583124078215 0.003125

0.7892237525039258 -0.034375
0.8093750000000001 -0.029995663723803793
0.8343750000000001 -0.028693037144326427
0.859375 -0.03158148088601001
0.878125 -0.038459478939256664
0.8896536020622554 -0.053125000000000006
0.884375 -0.0766382900376637
0.8757965484198629 -0.09062500000000001
0.8647846300531488 -0.10312500000000001
0.8484575942126057 -0.115625
0.8343750000000001 -0.122540744040102
0.8105084084861247 -0.12812500000000002
0.796766508496742 -0.12812500000000002
0.7759979197232671 -0.12187500000000001
0.762629326806606 -0.109375
0.7559797179306389 -0.09062500000000001
0.7574637067690375 -0.065625
0.765625 -0.04938772424182388
0.7781250000000001 -0.03915398257188558
0.7892237525039258 -0.034375

-0.12812500000000002 0.09496936252191215
-0.146875 0.09871274615362724
-0.171875 0.09832815813735295
-0.19062500000000002 0.09537576374900071
-0.209375 0.09036775000405496
-0.22812500000000002 0.0828161356865962
-0.24596167983239856 0.07187500000000001
-0.2550083695244244 0.059375000000000004
-0.240625 0.04719202535479945
-0.22187500000000002 0.04314291259708444
-0.19687500000000002 0.04100488630918886
-0.171875 0.04208855274826213
-0.146875 0.04679436365228727
-0.13070652441116348 0.053125000000000006
-0.115625 0.06482664865977769
-0.11281051476227348 0.084375
-0.12812500000000002 0.09496936252191215
-0.12812500000000002 0.09496936252191215

-0.240625 0.014558613197982608
-0.265625 0.014623861910177213
-0.290625 0.014750446383465869
-0.31562500000000004 0.014915058709517363
-0.340625 0.015069051674954318
-0.36562500000000003 0.015284535115099033
-0.390625 0.015589634784845052
-0.37812500000000004 0.01871605396967209
-0.359375 0.025309243262611684
-0.34687500000000004 0.035254320080600955
-0.353125 0.04961984489680573
-0.371875 0.057552096663540865
-0.390625 0.0629577844402795
-0.415625 0.0651682347739857
-0.44062500000000004 0.06216580071413344
-0.45937500000000003 0.056466881295499254
-0.4769530234905785 0.046875
-0.49062500000000003 0.036316962208077834
-0.4991850558806439 0.021875000000000002
-0.49985962091669645 -0.003125
-0.496875 -0.026902131073001673
-0.4847858384614994 -0.040625
-0.47187500000000004 -0.04996845382795101
-0.453125 -0.058063844462967425
-0.434375 -0.0634234877480316
-0.415625 -0.06674780501439902
-0.390625 -0.0693578244037143
-0.36562500000000003 -0.07031164578653185
-0.340625 -0.06972148918355395
-0.31562500000000004 -0.06642401431877508
-0.296875 -0.059929074109084005
-0.28525047047832597 -0.046875
-0.296875 -0.031827258306880726
-0.31562500000000004 -0.023686465715859226
-0.33437500000000003 -0.020100781443105703
-0.359375 -0.016940223757672426
-0.371875 -0.01561478091340818
-0.34687500000000004 -0.015444219750476123
-0.321875 -0.015289169504246553
-0.296875 -0.015163048929487234
-0.27187500000000003 -0.015053813097111757
-0.246875 -0.01490224779738784
-0.22187500000000002 -0.014750505207388919
-0.19687500000000002 -0.014649377472604818
-0.171875 -0.014558528242555187
-0.146875 -0.014448100754548734
-0.12187500000000001 -0.014393267940884599
-0.096875 -0.014341406893342365
-0.07187500000000001 -0.014240452560230267
-0.046875 -0.014169559890666705
-0.021875000000000002 -0.014138290434600928
0.003125 -0.014067168357741041
0.028125 -0.013989693362386379
0.053125000000000006 -0.013967516923921987
0.078125 -0.013899481694145432
0.10312500000000001 -0.013794594864119467
0.12812500000000002 -0.01374969084457321
0.153125 -0.013723945995835823
0.178125 -0.013649410020215224
0.203125 -0.013612204283311207
0.22812500000000002 -0.013614181465936025
0.253125 -0.013550840700890888
0.278125 -0.013491657080175783
0.30312500000000003 -0.013506111019591862
0.328125 -0.013513645902240664
0.353125 -0.01349416361085732
0.37812500000000004 -0.013559469498445866
0.403125 -0.013651846350001013
0.42812500000000003 -0.013747454086720384
0.453125 -0.014168896261656717
0.465625 -0.020255286439012185
0.453125 -0.029360619150400356
0.44062500000000004 -0.04350858350696253
0.43422819965503373 -0.059375000000000004
0.4385829392412531 -0.078125
0.45257682992925913 -0.09062500000000001
0.4718134212648142 -0.096875
0.4876184484365394 -0.096875
0.5074267826541383 -0.09062500000000001
0.521875 -0.07976337299729849
0.53106150646823 -0.065625
0.5352711226295946 -0.046875
0.5316589692948536 -0.028125
0.5204577871221542 -0.015625
0.503125 -0.005326512665790619
0.5031802098139864 0.009375000000000001
0.5111658471941636 0.028125
0.521875 0.04422469877426789
0.540625 0.04932414454328784
0.5553353573651842 0.040625
0.5659402127729268 0.028125
0.578125 0.012442361009152334
0.592615107789252 0.003125
0.6156250000000001 -0.0018742321394159109
0.640625 -0.0015183649595570188
0.6622204561420315 0.003125
0.6781250000000001 0.012301542317485469
0.6872733657465385 0.028125
0.6843750000000001 0.05063836690175361
0.6769033894658852 0.065625
0.665625 0.08060061084616321
0.6531250000000001 0.09282989226808454
0.6388845991633191 0.10312500000000001
0.6218750000000001 0.11203524488641506
0.603125 0.1182979268257385
0.5833061626747762 0.12187500000000001
0.5593750000000001 0.12332739659966407
0.534375 0.12238141760779402
0.515625 0.12055051632855183
0.49062500000000003 0.11612239576891455
0.47187500000000004 0.1098289183141928
0.45937500000000003 0.10250007908097088
0.446875 0.08446267397821156
0.446875 0.06870531118255936
0.453125 0.048714701847794376
0.46001864609482207 0.034375
0.47187500000000004 0.01578342611728914
0.45937500000000003 0.014552971768185468
0.434375 0.013980667694300012
0.40937500000000004 0.013837123816592127
0.384375 0.013748266185493808
0.359375 0.013735291200106952
0.33437500000000003 0.013680783022271516
0.309375 0.013614441840937973
0.284375 0.01362171267079074
0.259375 0.013640428567055059
0.234375 0.01361484265931737
0.209375 0.013640246231487307
0.184375 0.013685253836589185
0.15937500000000002 0.013664386656900116
0.134375 0.013667355290537565
0.109375 0.0137277640244048
0.084375 0.01375807457610827
0.059375000000000004 0.013769584209554583
0.034375 0.013845295314718847
0.009375000000000001 0.013894517959826606
-0.015625 0.013895477350628647
-0.040625 0.013953069045625946
-0.065625 0.01405328065148161
-0.09062500000000001 0.014113309760289915
-0.115625 0.014185535096174635
-0.140625 0.014304890372730722
-0.16562500000000002 0.014364157180595711
-0.19062500000000002 0.014393995327631734
-0.215625 0.014471442373245784
-0.240625 0.014558613197982608
-0.240625 0.014558613197982608

-0.22812500000000002 0.007148635250863574
-0.253125 0.00707476956356175
-0.278125 0.007005680289955603
-0.30312500000000003 0.006863508135882001
-0.328125 0.006752644422425992
-0.353125 0.006689815779940906
-0.37812500000000004 0.006564919456346323
-0.403125 0.0064496982875234445
-0.42812500000000003 0.006442464854920143
-0.453125 0.00643527827315842
-0.4762972321907841 0.003125
-0.45937500000000003 -0.004852067391242785
-0.434375 -0.006281146532842169
-0.40937500000000004 -0.006276549264580324
-0.384375 -0.006321186283836636
-0.359375 -0.00628856442598629
-0.33437500000000003 -0.006313433860438864
-0.309375 -0.006360193424048439
-0.284375 -0.006309038381084748
-0.259375 -0.006240563729898077
-0.234375 -0.006254133559475869
-0.209375 -0.0062266725516248265
-0.184375 -0.006165541667764576
-0.15937500000000002 -0.006238499389723767
-0.134375 -0.006343509660043739
-0.109375 -0.0063562542717938994
-0.084375 -0.006427851516804856
-0.059375000000000004 -0.00657445989163434
-0.034375 -0.00662805927075792
-0.009375000000000001 -0.0066996956423211835
0.015625 -0.006853659270113401
0.040625 -0.006931481228375549
0.065625 -0.00694906679611243
0.09062500000000001 -0.007035981323570348
0.115625 -0.007105590079693311
0.140625 -0.0070986934367258435
0.16562500000000002 -0.007156295684812696
0.19062500000000002 -0.00724969914438744
0.215625 -0.007256658078545848
0.240625 -0.00725416208825807
0.265625 -0.007318740808094604
0.290625 -0.007329048523548057
0.31562500000000004 -0.007305015743013345
0.340625 -0.007359090401690024
0.36562500000000003 -0.0073915985550163646
0.390625 -0.007335771765006953
0.415625 -0.007305147877434829
0.44062500000000004 -0.007192294669546705
0.465625 -0.0076451476444413195
0.484375 -0.013018260844003917
0.49062500000000003 -0.0007052064431907631
0.4828887876032523 0.009375000000000001
0.45937500000000003 0.006372060841602531
0.434375 0.006819253227955919
0.40937500000000004 0.00689224507019905
0.384375 0.006969462472008221
0.359375 0.006960499570159597
0.33437500000000003 0.0070153958069476136
0.309375 0.007110788503968237
0.284375 0.007111577161024357
0.259375 0.007097851568550247
0.234375 0.007156558993131428
0.209375 0.007159964975184615
0.184375 0.007129265679826239
0.15937500000000002 0.007184440494512059
0.134375 0.007224574352147572
0.109375 0.007190269980116944
0.084375 0.007201597760014668
0.059375000000000004 0.007250614649964326
0.034375 0.007229790717265264
0.009375000000000001 0.007239484987013235
-0.015625 0.007324255094121464
-0.040625 0.007355028115079354
-0.065625 0.007337854273294289
-0.09062500000000001 0.007378678604270378
-0.115625 0.007405979446052745
-0.140625 0.0073536489514250914
-0.16562500000000002 0.007334197820613785
-0.19062500000000002 0.007331575404846726
-0.215625 0.007235772829428768
-0.22812500000000002 0.007148635250863574

-0.11731215985139208 0.078125
-0.12752012767286397 0.059375000000000004
-0.140625 0.052130897853007105
-0.15937500000000002 0.046427760370240705
-0.184375 0.04347364965693789
-0.209375 0.044106536306752625
-0.22812500000000002 0.046978616984144274
-0.246875 0.05862843590953053
-0.240625 0.07030635933044897
-0.22812500000000002 0.07905708526645604
-0.209375 0.08720188412282412
-0.19062500000000002 0.09244279174369899
-0.16562500000000002 0.09577369551371356
-0.140625 0.09418959925091759
-0.12187500000000001 0.08577036437243672
-0.11731215985139208 0.078125

-0.4898667825170613 0.003125
-0.484375 -0.017856636187359137
-0.47841430948925473 0.003125
-0.4848556965087768 0.015625
-0.4898667825170613 0.003125

0.796875 -0.12350886225575955
0.7781250000000001 -0.11801039361535386
0.765625 -0.10694024641122826
0.7589603313713934 -0.09062500000000001
0.759375 -0.0691199301347957
0.7663916766820354 -0.053125000000000006
0.7817281858916963 -0.040625
0.8007281335002671 -0.034375
0.821875 -0.032102412778766666
0.846875 -0.03363293217735869
0.8656250000000001 -0.039221399032275554
0.878125 -0.05009463183084686
0.8784371632044319 -0.07187500000000001
0.8718750000000001 -0.08498605788771345
0.859375 -0.10033036399302689
0.846875 -0.11040983879022175
0.828125 -0.1195691065011222
0.8093750000000001 -0.12356493558367969
0.796875 -0.12350886225575955

