x y
0.44168099716367965 -0.021875000000000002
0.421875 -0.026426788138614866
0.403125 -0.03031212262655087
0.3803867301171515 -0.034375
0.359375 -0.037847813093788936
0.340625 -0.04067340215392199
0.31562500000000004 -0.04430692597061893
0.29628749678262795 -0.046875
0.27187500000000003 -0.05012758125988366
0.24690837000814927 -0.053125000000000006
0.22812500000000002 -0.05543015225000971
0.203125 -0.05816232474570386
0.184375 -0.0600774302311981
0.15937500000000002 -0.06248064348659116
0.134375 -0.0643719141222146
0.109375 -0.06560156545847441
0.09062500000000001 -0.06619793890774271
0.065625 -0.06574776553744226
0.046875 -0.06466367164232732
0.021875000000000002 -0.06175497056620303
0.003125 -0.058522599911072594
-0.021875000000000002 -0.053895119233569766
-0.040625 -0.050597521592406804
-0.06009682033580881 -0.046875
-0.084375 -0.04318974090058126
-0.10312500000000001 -0.04028670116332813
-0.12812500000000002 -0.037106443436522286
-0.1497737946356041 -0.034375
-0.171875 -0.032034462963128674
-0.19687500000000002 -0.02965698711596893
-0.215625 -0.027440304564307252
-0.240625 -0.025377381262049466
-0.265625 -0.02290942846357676
-0.284375 -0.021525160613870345
-0.309375 -0.02003025588062305
-0.33437500000000003 -0.018388351890181703
-0.359375 -0.0170127137868648
-0.384375 -0.01596513185691668
-0.371875 -0.015431413446196288
-0.34687500000000004 -0.015409829900882339
-0.321875 -0.01526953414822618
-0.296875 -0.015067262616578075
-0.27187500000000003 -0.014962337852122077
-0.246875 -0.01482748452786349
-0.22187500000000002 -0.014611832525498972
-0.19687500000000002 -0.01453299094844462
-0.171875 -0.01460319300007028
-0.146875 -0.014456545265642166
-0.12187500000000001 -0.014353933980683044
-0.096875 -0.01432131671024944
-0.07187500000000001 -0.014205494827936309
-0.046875 -0.014049744997405484
-0.021875000000000002 -0.014110335945094827
0.003125 -0.0141434129738601
0.028125 -0.014022356275382423
0.053125000000000006 -0.01401919172247216
0.078125 -0.014007952446083636
0.10312500000000001 -0.013913781575872015
0.12812500000000002 -0.013877141495683724
0.153125 -0.013986241899859912
0.178125 -0.013976277372963673
0.203125 -0.01396101656091309
0.22812500000000002 -0.014020146055034271
0.253125 -0.014028082818779602
0.278125 -0.014031303912897374
0.30312500000000003 -0.014106084035783608
0.328125 -0.014181752277962551
0.353125 -0.014241155371676157
0.37812500000000004 -0.014375454079528935
0.403125 -0.014522028584131047
0.42812500000000003 -0.014695287956097095
0.453125 -0.015080884805435516
0.465625 -0.017330727559180432
0.44168099716367965 -0.021875000000000002
0.44168099716367965 -0.021875000000000002

-0.4537556989895794 0.065625
-0.4394833825805238 0.07187500000000001
-0.42085416116073254 0.078125
-0.39687500000000003 0.08334509838161828
-0.37812500000000004 0.08466198493732056
-0.359375 0.08280608898233789
-0.340625 0.07325578501367516
-0.328125 0.06311173420870564
-0.309375 0.05454677415501886
-0.290625 0.04922037638646074
-0.284375 0.03869756522851369
-0.30312500000000003 0.030915426666079823
-0.31718469205116684 0.021875000000000002
-0.340625 0.01850114111287042
-0.340625 0.015498280416113043
-0.31562500000000004 0.015379663146833332
-0.290625 0.01524080276655922
-0.265625 0.015179090539666661
-0.240625 0.015098855297029872
-0.215625 0.014823384932374742
-0.19062500000000002 0.014716482372245175
-0.16562500000000002 0.014681367678907875
-0.140625 0.014553745945886529
-0.115625 0.014382333543667294
-0.09062500000000001 0.014337397503449263
-0.065625 0.014139532423454941
-0.040625 0.013807720613047667
-0.015625 0.013714821807767853
0.009375000000000001 0.013619168914425193
0.034375 0.013376884711622709
0.059375000000000004 0.013143863283630148
0.084375 0.013017411467746952
0.109375 0.012618656009031042
0.134375 0.012216564536147105
0.15937500000000002 0.0120227059366049
0.184375 0.011735323573351792
0.209375 0.011221548949739538
0.234375 0.010736358670686395
0.259375 0.010261081170853932
0.284375 0.009465967119804944
0.27187500000000003 0.009282291807420549
0.246875 0.009178190559945556
0.22187500000000002 0.00908875972053595
0.19687500000000002 0.008943948009260336
0.171875 0.008772435854304862
0.146875 0.008675167308858266
0.12187500000000001 0.00854611395507931
0.096875 0.008369531022471965
0.07187500000000001 0.008276328220722069
0.046875 0.008212069778454224
0.021875000000000002 0.007984380487751758
-0.003125 0.007777653639709607
-0.028125 0.007744581575910878
-0.053125000000000006 0.0075885241135995995
-0.078125 0.007385685895987688
-0.10312500000000001 0.00738843122659263
-0.12812500000000002 0.007331589139112608
-0.153125 0.006977300559760155
-0.178125 0.0068610897344875185
-0.203125 0.006931035673730539
-0.22812500000000002 0.006736085476501473
-0.253125 0.006616941281494216
-0.278125 0.006798526530936931
-0.30312500000000003 0.006722279514355401
-0.328125 0.006450767988707559
-0.353125 0.006642884468812894
-0.37812500000000004 0.006843556237047617
-0.403125 0.006846264823951737
-0.42812500000000003 0.007072283858004097
-0.453125 0.00747018752743366
-0.4765924470037048 0.003125
-0.484375 0.013462113595550131
-0.49062500000000003 1.173813981987645e-5
-0.49062500000000003 -0.019935574534053514
-0.496875 -0.008436706326523824
-0.5070683358073474 0.003125
-0.5027627444052883 0.021875000000000002
-0.49062500000000003 0.040232238675226385
-0.478125 0.05153757318427546
-0.4654029648713712 0.059375000000000004
-0.4537556989895794 0.065625

0.39687500000000003 -0.16869946491226223
0.37812500000000004 -0.16561605706621652
0.353125 -0.16107077247068105
0.33437500000000003 -0.15725373415857802
0.31550746090183746 -0.153125
0.290625 -0.14741883327802555
0.27187500000000003 -0.14292084820968737
0.253125 -0.1382824560340114
0.234375 -0.1335620838970043
0.21301341570750965 -0.12812500000000002
0.19062500000000002 -0.1223201203380457
0.171875 -0.11741644783847405
0.153125 -0.11256245026036883
0.134375 -0.10786113106011862
0.11418159048477061 -0.10312500000000001
0.09062500000000001 -0.0977967883392781
0.07187500000000001 -0.09407382520114065
0.046875 -0.09079192840588025
0.028125 -0.08893502175918273
0.003125 -0.08793930802824475
-0.021875000000000002 -0.08793157493223445
-0.046875 -0.08842916144321
-0.07187500000000001 -0.08917805900031028
-0.096875 -0.09003872899000288
-0.115625 -0.09070682728023423
-0.140625 -0.09158402149772686
-0.16562500000000002 -0.09247247969872198
-0.19062500000000002 -0.09329192470775803
-0.215625 -0.09389916881490878
-0.240625 -0.09407165880587033
-0.265625 -0.09351806982244695
-0.290625 -0.09187432023197548
-0.309375 -0.08976810849803739
-0.33437500000000003 -0.0855938667591973
-0.353125 -0.08125662988266324
-0.371875 -0.07557065031068638
-0.390625 -0.0683168944877705
-0.40830779528760747 -0.059375000000000004
-0.421875 -0.05095457827698244
-0.4344249801599389 -0.040625
-0.446875 -0.02707865080157325
-0.45937500000000003 -0.015468484599852804
-0.4730585393336588 -0.015625
-0.47617970259777115 -0.003125
-0.45937500000000003 -0.003652756685300726
-0.434375 -0.005300255909860811
-0.40937500000000004 -0.005486864849383488
-0.384375 -0.006180366337456916
-0.359375 -0.006356251748738884
-0.33437500000000003 -0.006405385374602531
-0.309375 -0.006754667831346345
-0.284375 -0.006864429252379371
-0.259375 -0.006592785221388661
-0.234375 -0.006673221760169344
-0.209375 -0.0068470074074727045
-0.184375 -0.0066948308885566065
-0.15937500000000002 -0.006670183027574321
-0.134375 -0.006868362585409201
-0.109375 -0.006693472138437439
-0.084375 -0.006367174684606753
-0.059375000000000004 -0.006476216926031251
-0.034375 -0.006430257358039399
-0.009375000000000001 -0.006144822925079103
0.015625 -0.006161559824430044
0.040625 -0.006178399270209205
0.065625 -0.005694935950900093
0.09062500000000001 -0.005370854559753827
0.115625 -0.0053553488867584004
0.140625 -0.004924174165180198
0.16562500000000002 -0.0044324219719798046
0.19062500000000002 -0.004226457136960501
0.215625 -0.0036227580008178608
0.234375 -0.0031130865195646185
0.259375 -0.0027886277085503865
0.284375 -0.002516955123967654
0.309375 -0.0023079717720553075
0.33437500000000003 -0.0020319269600621807
0.359375 -0.0018392969537952889
0.384375 -0.0016881081361936948
0.40937500000000004 -0.001431319515004043
0.434375 -0.0013210280427654415
0.45937500000000003 -0.0009493547367846406
0.48142440625084504 -0.003125
0.48758990886052855 -0.003125
0.5076759385152705 0.003125
0.521875 0.015032915388409705
0.546875 0.011501749447731536
0.5633620785323179 0.003125
0.5743605397083231 -0.009375000000000001
0.584375 -0.02461005892698117
0.5962730802306703 -0.040625
0.6050289891353534 -0.053125000000000006
0.614785170941381 -0.07187500000000001
0.6198652086074873 -0.09062500000000001
0.6181478792500282 -0.115625
0.609375 -0.13288020708775541
0.596875 -0.1456039861992544
0.584375 -0.15386455088971912
0.565625 -0.1623705695859207
0.546875 -0.16799124562908424
0.5262959639087855 -0.171875
0.503125 -0.17451669982929363
0.478125 -0.17536753775655228
0.453125 -0.1746536669674136
0.42812500000000003 -0.17259721545896325
0.40937500000000004 -0.17042915749710608
0.39687500000000003 -0.16869946491226223

0.47162272610845624 0.009375000000000001
0.478125 0.014943811816498988
0.47162272610845624 0.009375000000000001

-0.4420317932984967 -0.015625
-0.4420317932984967 -0.015625
-0.4420317932984967 -0.015625

0.5003563449202599 0.009375000000000001
0.49062500000000003 0.02380021670818565
0.478125 0.03843076716310596
0.45985176997964755 0.040625
0.45937500000000003 0.026271320885893824
0.478125 0.016387223631394
0.49062500000000003 0.007907663080146874
0.5003563449202599 0.009375000000000001

-0.39302211683678834 -0.015625
-0.39302211683678834 -0.015625
-0.39302211683678834 -0.015625

-0.41542660633939926 -0.015625
-0.41542660633939926 -0.015625
-0.41542660633939926 -0.015625

0.446875 -0.02204683506870441
0.4233825361329399 -0.028125
0.403125 -0.03279362478084865
0.384375 -0.03680861584040341
0.36541136657200796 -0.040625
0.340625 -0.04543680375171464
0.321875 -0.04900966428658166
0.2995555889012082 -0.053125000000000006
0.278125 -0.057288114080087355
0.259375 -0.060942859787864935
0.23610889664079818 -0.065625
0.215625 -0.07046192112218484
0.19687500000000002 -0.07585190016445718
0.1789434875464797 -0.084375
0.1822932447759833 -0.096875
0.19687500000000002 -0.10503722626509439
0.215625 -0.11301986569432648
0.234375 -0.11989546712479834
0.253125 -0.1261465109350968
0.27187500000000003 -0.13197415398973764
0.290625 -0.13746356585714262
0.309375 -0.14263946392901958
0.328125 -0.14748540736340596
0.3518639342522513 -0.153125
0.371875 -0.15745043801853492
0.390625 -0.16102373019293198
0.415625 -0.1649622684070332
0.434375 -0.167282437096694
0.45937500000000003 -0.1692583061145307
0.484375 -0.16972601777912347
0.509375 -0.16841017884030896
0.5293737738581779 -0.16562500000000002
0.553125 -0.1600963584342402
0.5715963535475231 -0.153125
0.584375 -0.1462815141725303
0.5992603121627745 -0.134375
0.609375 -0.12041591820098385
0.6155123343206016 -0.096875
0.611543701248554 -0.07187500000000001
0.603125 -0.054311497337876935
0.5944544540213141 -0.040625
0.584375 -0.026630995136680886
0.5732515690511297 -0.009375000000000001
0.5625254852494084 0.003125
0.546875 0.011252333384537298
0.521875 0.014945038901115214
0.5077066042333739 0.003125
0.4876273257717717 -0.003125
0.481390065587014 -0.003125
0.45937500000000003 -0.001003375996388332
0.434375 -0.0013906099781520265
0.40937500000000004 -0.0015109910046526669
0.384375 -0.001779504646935463
0.359375 -0.00194007398164223
0.33437500000000003 -0.002142396707733492
0.309375 -0.002429687101354838
0.284375 -0.002648432386078599
0.259375 -0.0029310600635169375
0.239604741866283 -0.003125
0.215625 -0.003982496659706514
0.19062500000000002 -0.0045557841731198
0.16562500000000002 -0.00474023428040274
0.140625 -0.005201378030358865
0.115625 -0.005609656773360624
0.09062500000000001 -0.005613060560108416
0.065625 -0.005914818474693448
0.040625 -0.006375505608632837
0.015625 -0.0063481590605788205
-0.009375000000000001 -0.006318560398156284
-0.034375 -0.006585320720321311
-0.059375000000000004 -0.006621263301038117
-0.084375 -0.006503361931956047
-0.109375 -0.006813535048138699
-0.134375 -0.006976662088444231
-0.15937500000000002 -0.006771987294110949
-0.184375 -0.006785765342128826
-0.209375 -0.006927076929328079
-0.234375 -0.0067473930956041435
-0.259375 -0.006659053142829848
-0.284375 -0.00692059413971418
-0.309375 -0.006804522840217139
-0.33437500000000003 -0.006450175592276732
-0.359375 -0.006393725790159873
-0.384375 -0.006212120121818994
-0.40937500000000004 -0.005514738162263698
-0.434375 -0.005321600128248987
-0.45937500000000003 -0.003667892816488158
-0.4761669375396617 -0.003125
-0.4730277530677314 -0.015625
-0.45937500000000003 -0.015452366483719041
-0.446875 -0.025814338040805997
-0.434375 -0.03960503139095783
-0.421875 -0.0496760820577525
-0.40559461306458516 -0.059375000000000004
-0.390625 -0.06654264110194624
-0.371875 -0.07353470920128287
-0.353125 -0.07880806313564917
-0.328125 -0.08388640919836306
-0.309375 -0.0865002282935726
-0.284375 -0.08842397053010759
-0.259375 -0.08895931699913404
-0.234375 -0.0884511072258035
-0.209375 -0.08717867269105038
-0.184375 -0.08537653698664768
-0.16562500000000002 -0.08374225653411309
-0.140625 -0.08107528693597453
-0.11772995054260155 -0.078125
-0.096875 -0.07364540357121842
-0.08133268373422996 -0.065625
-0.096875 -0.05359054311678761
-0.115625 -0.04762720241124081
-0.134375 -0.04341751842121521
-0.153125 -0.03964787725451143
-0.178125 -0.03562128799189169
-0.19687500000000002 -0.033043753062065744
-0.22187500000000002 -0.029908600102573794
-0.240625 -0.027697722788844033
-0.265625 -0.024869476966540623
-0.290625 -0.02206149840403112
-0.309375 -0.020900822055616296
-0.33437500000000003 -0.019155905457698522
-0.359375 -0.017641798807121405
-0.384375 -0.016485957507712215
-0.39687500000000003 -0.015547061225492917
-0.371875 -0.015360904356163631
-0.34687500000000004 -0.015328111346226914
-0.321875 -0.015172887417016336
-0.296875 -0.01495234394892064
-0.27187500000000003 -0.014834977984088593
-0.246875 -0.014685712772620431
-0.22187500000000002 -0.014449346113940217
-0.19687500000000002 -0.014358025759657242
-0.171875 -0.014421618066546403
-0.146875 -0.01425789583793702
-0.12187500000000001 -0.014140153348267114
-0.096875 -0.014100507944832922
-0.07187500000000001 -0.013969675733970966
-0.046875 -0.013797401552020984
-0.021875000000000002 -0.013855912292438488
0.003125 -0.013884373570813664
0.028125 -0.01374971984306855
0.053125000000000006 -0.013742845227729334
0.078125 -0.013729536161770245
0.10312500000000001 -0.013624946491961526
0.12812500000000002 -0.013585469468196231
0.153125 -0.013700563911193363
0.178125 -0.013689402221969495
0.203125 -0.013673992758476246
0.22812500000000002 -0.013740755061195268
0.253125 -0.013752390653955233
0.278125 -0.013760213857388091
0.30312500000000003 -0.013846735458385735
0.328125 -0.013933002978516826
0.353125 -0.014004013802948218
0.37812500000000004 -0.014156585571980788
0.403125 -0.014321515967948477
0.42812500000000003 -0.01451357935282311
0.453125 -0.014920840548304984
0.465625 -0.017848377244223695
0.446875 -0.02204683506870441
0.446875 -0.02204683506870441

-0.45317413603567297 0.065625
-0.43805615063131653 0.07187500000000001
-0.41735446426328365 0.078125
-0.39687500000000003 0.0818929182951358
-0.371875 0.08163658941316781
-0.353125 0.07511932098518294
-0.340625 0.06456113765221896
-0.3250614457439972 0.053125000000000006
-0.3119173324173701 0.040625
-0.3241934119274347 0.028125
-0.340625 0.020322076556510086
-0.36562500000000003 0.01629986672095128
-0.353125 0.015555896656189614
-0.328125 0.015421561371107523
-0.30312500000000003 0.01514443407743309
-0.278125 0.014994101745731195
-0.253125 0.014953280283392247
-0.22812500000000002 0.014841691880895206
-0.203125 0.014673845735566205
-0.178125 0.014615041861300002
-0.153125 0.0144685136620199
-0.12812500000000002 0.014129434841124269
-0.10312500000000001 0.014015024565911739
-0.078125 0.013943464834063463
-0.053125000000000006 0.01373865872835828
-0.028125 0.013510928368868726
-0.003125 0.01342294420937596
0.021875000000000002 0.013098697580983878
0.046875 0.012696850423053569
0.07187500000000001 0.01255125412509082
0.096875 0.012355567298863994
0.12187500000000001 0.011960328165095763
0.146875 0.011607125692549387
0.171875 0.011320869857228792
0.19687500000000002 0.010709365610217474
0.22187500000000002 0.010096467262720276
0.246875 0.009653534645530553
0.259375 0.00937363868035283
0.234375 0.009273170617790212
0.209375 0.009150196473850274
0.184375 0.008992749193514084
0.15937500000000002 0.008885093615306016
0.134375 0.008803336435201502
0.109375 0.008622886115747751
0.084375 0.008421545199467223
0.059375000000000004 0.0083434226757464
0.034375 0.008200019269148213
0.009375000000000001 0.0080026241393689
-0.015625 0.007939372858338074
-0.040625 0.007878876282698243
-0.065625 0.007583250434212431
-0.09062500000000001 0.007395323874675949
-0.115625 0.007404962010100775
-0.140625 0.007218679019861876
-0.16562500000000002 0.007026628372763842
-0.19062500000000002 0.0071023315212974504
-0.215625 0.007020309500077622
-0.240625 0.006640697047268894
-0.265625 0.006638041954044705
-0.290625 0.0067521405207015325
-0.31562500000000004 0.006599858165152811
-0.340625 0.006638233906628124
-0.36562500000000003 0.006924160157415692
-0.390625 0.006912539582422102
-0.415625 0.006891650452282593
-0.44062500000000004 0.006899285006153976
-0.465625 0.00856958602451979
-0.4785816488501926 0.003125
-0.49062500000000003 0.006656647934748898
-0.48587153497410845 -0.009375000000000001
-0.496875 -0.012960920979860627
-0.496875 -0.002081656282489736
-0.506404458857256 0.015625
-0.496875 0.03298432885391319
-0.484375 0.04621984541827433
-0.47187500000000004 0.055816381922668905
-0.45317413603567297 0.065625
-0.45317413603567297 0.065625

-0.4414788849005627 -0.015625
-0.4414788849005627 -0.015625
-0.4414788849005627 -0.015625

0.5002852420585018 0.009375000000000001
0.49062500000000003 0.022972035669350205
0.478125 0.0371026379030898
0.45856034271275103 0.034375
0.46763576084337904 0.021875000000000002
0.48800254873889953 0.015625
0.5002852420585018 0.009375000000000001
0.5002852420585018 0.009375000000000001

0.47307913786538375 0.009375000000000001
0.47307913786538375 0.009375000000000001
0.47307913786538375 0.009375000000000001

-0.41290943283743364 -0.015625
-0.41290943283743364 -0.015625
-0.41290943283743364 -0.015625

0.446875 -0.023229497125897343
0.42812500000000003 -0.028716570551805803
0.4065063808085615 -0.034375
0.384375 -0.039907847855766905
0.36562500000000003 -0.04445483856109371
0.34687500000000004 -0.04893202636183126
0.328125 -0.053409296444708404
0.30427346637120567 -0.059375000000000004
0.284375 -0.06486740520701909
0.265625 -0.07076305777406806
0.2471638602036094 -0.078125
0.234375 -0.08940033627872918
0.240625 -0.10307888151848026
0.253125 -0.11093139983278907
0.27187500000000003 -0.11972385659784508
0.290625 -0.12704461505309964
0.309375 -0.13348263999223228
0.328125 -0.13929375744525146
0.34687500000000004 -0.14458190406896682
0.36562500000000003 -0.1493614805951517
0.384375 -0.153574672860309
0.40937500000000004 -0.1583418291789508
0.42812500000000003 -0.1611766684035825
0.453125 -0.1637701430157608
0.478125 -0.16477539280170117
0.503125 -0.16399777066496526
0.5281250000000001 -0.1608737459041652
0.546875 -0.1566015418797507
0.565625 -0.1499377411535721
0.5826466167587789 -0.140625
0.596875 -0.12837867767289446
0.6056596107042841 -0.115625
0.61110332988429 -0.096875
0.609375 -0.07586843013049328
0.603125 -0.05871941602564232
0.592635827811958 -0.040625
0.5840620292641983 -0.028125
0.5721425983939363 -0.009375000000000001
0.5616888919664987 0.003125
0.546875 0.011002917321343057
0.521875 0.014857162413820723
0.5077372699514773 0.003125
0.4876647426830149 -0.003125
0.48135572492318296 -0.003125
0.45937500000000003 -0.0010573972559920234
0.434375 -0.001460191913538612
0.40937500000000004 -0.0015906624943012905
0.384375 -0.0018709011576772312
0.359375 -0.0020408510094891714
0.33437500000000003 -0.002252866455404803
0.309375 -0.0025514024306543684
0.284375 -0.0027799096481895434
0.259375 -0.0030734924184834885
0.240625 -0.0034533061387748455
0.215625 -0.004342235318595168
0.19062500000000002 -0.004885111209279098
0.16562500000000002 -0.005048046588825675
0.140625 -0.005478581895537531
0.115625 -0.005863964659962848
0.09062500000000001 -0.0058552665604630055
0.065625 -0.0061347009984868035
0.040625 -0.006572611947056468
0.015625 -0.006534758296727598
-0.009375000000000001 -0.006492297871233465
-0.034375 -0.006740384082603223
-0.059375000000000004 -0.006766309676044984
-0.084375 -0.006639549179305341
-0.109375 -0.006933597957839958
-0.134375 -0.007084961591479261
-0.15937500000000002 -0.006873791560647576
-0.184375 -0.006876699795701047
-0.209375 -0.007007146451183454
-0.234375 -0.006821564431038942
-0.259375 -0.006725321064271034
-0.284375 -0.006976759027048989
-0.309375 -0.006854377849087934
-0.33437500000000003 -0.006494965809950933
-0.359375 -0.006431199831580861
-0.384375 -0.006243873906181072
-0.40937500000000004 -0.005542611475143908
-0.434375 -0.005342944346637163
-0.45937500000000003 -0.0036830289476755913
-0.47615417248155234 -0.003125
-0.472996966801804 -0.015625
-0.45937500000000003 -0.015436248367585278
-0.446875 -0.015312564031315899
-0.446875 -0.024550025280038742
-0.434375 -0.03853899728065352
-0.421875 -0.04839758583852256
-0.403125 -0.05925760994789394
-0.38864559175572094 -0.065625
-0.3707067883490445 -0.07187500000000001
-0.34687500000000004 -0.07794551353038097
-0.328125 -0.08131667255989364
-0.30312500000000003 -0.08384406711312008
-0.284375 -0.08466490337925243
-0.259375 -0.08448971043598626
-0.240625 -0.08357017625856492
-0.215625 -0.08144447405832082
-0.19062500000000002 -0.07842262634472762
-0.171875 -0.07524240966183267
-0.153125 -0.07091004088530653
-0.13614890268660781 -0.059375000000000004
-0.153125 -0.048227901182966916
-0.171875 -0.04251968476071094
-0.19062500000000002 -0.038382674842138614
-0.21067840247489897 -0.034375
-0.234375 -0.031045181801894004
-0.25405956795431134 -0.028125
-0.278125 -0.025114074780773016
-0.30312500000000003 -0.022026172653208408
-0.321875 -0.020614276605550364
-0.34687500000000004 -0.018922275903730662
-0.371875 -0.018136332698259573
-0.39687500000000003 -0.016759272108601744
-0.39687500000000003 -0.015492260876419863
-0.371875 -0.015290395266130975
-0.34687500000000004 -0.015246392791571488
-0.321875 -0.015076240685806493
-0.296875 -0.014837425281263207
-0.27187500000000003 -0.014707618116055109
-0.246875 -0.014543941017377373
-0.22187500000000002 -0.01428685970238146
-0.19687500000000002 -0.014183060570869864
-0.171875 -0.014240043133022526
-0.146875 -0.014059246410231872
-0.12187500000000001 -0.013926372715851182
-0.096875 -0.013879699179416402
-0.07187500000000001 -0.013733856640005626
-0.046875 -0.013545058106636483
-0.021875000000000002 -0.013601488639782151
0.003125 -0.01362533416776723
0.028125 -0.013477083410754674
0.053125000000000006 -0.013466498732986507
0.078125 -0.013451119877456855
0.10312500000000001 -0.013336111408051039
0.12812500000000002 -0.013293797440708736
0.153125 -0.013414885922526813
0.178125 -0.013402527070975319
0.203125 -0.013386968956039405
0.22812500000000002 -0.013461364067356265
0.253125 -0.013476698489130867
0.278125 -0.013489123801878809
0.30312500000000003 -0.013587386880987862
0.328125 -0.013684253679071104
0.353125 -0.013766872234220278
0.37812500000000004 -0.01393771706443264
0.403125 -0.014121003351765906
0.42812500000000003 -0.014331870749549122
0.453125 -0.014760796291174454
0.465625 -0.01836602692926696
0.446875 -0.023229497125897343
0.446875 -0.023229497125897343

-0.240625 0.014831586115904443
-0.265625 0.014939411517462062
-0.290625 0.01502563349841047
-0.31562500000000004 0.015196299011294916
-0.340625 0.015337823628599763
-0.36562500000000003 0.015504626082699098
-0.353125 0.01876408683828851
-0.3344402031791715 0.028125
-0.32530417783339055 0.040625
-0.33509697601993677 0.053125000000000006
-0.34901043877879606 0.065625
-0.36562500000000003 0.07688958557364159
-0.384375 0.08053354787915004
-0.40937500000000004 0.07892457477680621
-0.42812500000000003 0.07497825387131792
-0.446875 0.06854289679876334
-0.4646703263492891 0.059375000000000004
-0.478125 0.051367694892647364
-0.49062500000000003 0.040181967198177314
-0.5027558948195454 0.021875000000000002
-0.5070677273494685 0.003125
-0.496875 -0.008437964961191396
-0.49062500000000003 -0.019899713812594526
-0.49062500000000003 1.0849216468030408e-5
-0.484375 0.013467071420756722
-0.47660105243885176 0.003125
-0.453125 0.007486092724021729
-0.42812500000000003 0.007100293125166553
-0.403125 0.006886012942693236
-0.37812500000000004 0.006894598465904457
-0.353125 0.006708185204641892
-0.328125 0.006531180685877273
-0.30312500000000003 0.006813528317049682
-0.278125 0.006903545683862507
-0.253125 0.006740153955670588
-0.22812500000000002 0.006871480626048202
-0.203125 0.007078417403814352
-0.178125 0.007026957336784185
-0.153125 0.0071563472447040985
-0.12812500000000002 0.007518863012728948
-0.10312500000000001 0.007590956270125177
-0.078125 0.007603606015380953
-0.053125000000000006 0.0078143593721839
-0.028125 0.007982097948211024
-0.003125 0.008028745879285329
0.021875000000000002 0.008242728929209846
0.046875 0.00847757958312766
0.07187500000000001 0.008551971727053454
0.096875 0.008651635646410931
0.12187500000000001 0.008832344354788258
0.146875 0.00896689615074915
0.171875 0.009067337254753196
0.19687500000000002 0.009240589302062105
0.22105543014967824 0.009375000000000001
0.19687500000000002 0.010009358434481704
0.171875 0.010690433916808337
0.146875 0.011019388561854537
0.12187500000000001 0.011420789688505446
0.096875 0.011869209359184816
0.07187500000000001 0.012095660744101885
0.046875 0.012268775783458977
0.021875000000000002 0.012717384386913506
-0.003125 0.013077650279792574
-0.028125 0.013186003932275005
-0.053125000000000006 0.013444235754701174
-0.078125 0.013678737985124399
-0.10312500000000001 0.013765802144783776
-0.12812500000000002 0.013901105438787455
-0.153125 0.014270960118166968
-0.178125 0.01443627559346299
-0.203125 0.014509106716054394
-0.22812500000000002 0.014697759342431916
-0.240625 0.014831586115904443

0.5002141391967436 0.009375000000000001
0.49062500000000003 0.02214385463051476
0.478125 0.03577450864307364
0.4634884322335471 0.028125
0.478125 0.019249510663123495
0.49062500000000003 0.007998632898841004
0.5002141391967436 0.009375000000000001

0.47458354099994876 0.009375000000000001
0.47458354099994876 0.009375000000000001
0.47458354099994876 0.009375000000000001

-0.4251625443331417 -0.015625
-0.4251625443331417 -0.015625
-0.4251625443331417 -0.015625

-0.410392259335468 -0.015625
-0.410392259335468 -0.015625
-0.410392259335468 -0.015625

0.22530907598603503 0.009375000000000001
0.22530907598603503 0.009375000000000001
0.22530907598603503 0.009375000000000001

0.446875 -0.024412159183090275
0.42812500000000003 -0.03039347456555418
0.40937500000000004 -0.03596084899365204
0.390625 -0.041318255544452835
0.37087004494197073 -0.046875
0.34916906617079363 -0.053125000000000006
0.3287606981802476 -0.059375000000000004
0.3102720439732765 -0.065625
0.29450624985310486 -0.07187500000000001
0.278125 -0.08129033300160288
0.27039365208926663 -0.096875
0.281990434787345 -0.109375
0.296875 -0.11780638654938137
0.31562500000000004 -0.12616205884152282
0.33437500000000003 -0.13314682961235247
0.353125 -0.13920576976216584
0.371875 -0.1445260225101115
0.390625 -0.1491493012453349
0.41000252950348276 -0.153125
0.434375 -0.15709830749151552
0.45724254798580505 -0.15937500000000002
0.478125 -0.16033797129720795
0.503125 -0.15952164842374494
0.521875 -0.15744233474994535
0.541905626649128 -0.153125
0.5604346657081632 -0.146875
0.578125 -0.13768650831675383
0.5906250000000001 -0.12756924414960316
0.603125 -0.10953552657169294
0.6076104532053567 -0.09062500000000001
0.603654629152602 -0.065625
0.596875 -0.050973462877744305
0.5869402281808878 -0.034375
0.578125 -0.02082286121125293
0.5669416739040956 -0.003125
0.553125 0.00798029293563723
0.534375 0.01394788656045071
0.509375 0.01128997770186697
0.496875 0.00209659430586087
0.484375 -0.013439140830724413
0.47187500000000004 -0.0015849720645544575
0.446875 -0.0014897559481604216
0.421875 -0.0015684138846787455
0.39687500000000003 -0.0018601133005882718
0.371875 -0.002100855862389869
0.34687500000000004 -0.0022400887456211684
0.321875 -0.002507573885344701
0.296875 -0.0027844082325531967
0.27187500000000003 -0.0030203208994332062
0.253125 -0.0035256309606125523
0.22812500000000002 -0.004201440973950051
0.203125 -0.004923505356606601
0.178125 -0.00518706619017705
0.153125 -0.0055137873900122265
0.12812500000000002 -0.0061079411151682556
0.10312500000000001 -0.006247878202018994
0.078125 -0.0062195854026737656
0.053125000000000006 -0.006511533274497005
0.028125 -0.006669146563625517
0.003125 -0.006552201605407183
-0.021875000000000002 -0.006813618979962063
-0.046875 -0.007081570161522648
-0.07187500000000001 -0.0069267653501221185
-0.096875 -0.006891250657263388
-0.12187500000000001 -0.007068862491585589
-0.146875 -0.0069750242699239155
-0.171875 -0.006854563207278867
-0.19687500000000002 -0.007133786195454952
-0.22187500000000002 -0.007153029409658607
-0.246875 -0.006887023666233666
-0.27187500000000003 -0.006884625478772976
-0.296875 -0.006911611203956797
-0.321875 -0.006580762492100695
-0.34687500000000004 -0.0064372670460299646
-0.371875 -0.006560640184870939
-0.39687500000000003 -0.006127950875903499
-0.421875 -0.005364222094812479
-0.446875 -0.005866592750984912
-0.4693098761829099 -0.003125
-0.48027929467840513 -0.009375000000000001
-0.4699371670862734 -0.015625
-0.453125 -0.02009086105919521
-0.434375 -0.015611907127253181
-0.40937500000000004 -0.01559783368609806
-0.384375 -0.015399523350561174
-0.359375 -0.015231858621231806
-0.33437500000000003 -0.015034858838262636
-0.309375 -0.014750702784213901
-0.284375 -0.014543061197417577
-0.259375 -0.01455064650208284
-0.234375 -0.01435733814511402
-0.209375 -0.014148528916409752
-0.184375 -0.01406009383576322
-0.15937500000000002 -0.013897129743055053
-0.134375 -0.013644184810122405
-0.109375 -0.01361945896701977
-0.084375 -0.013665845640952032
-0.059375000000000004 -0.013473097026527488
-0.034375 -0.013392646615426754
-0.009375000000000001 -0.013360730157209877
0.015625 -0.01320737261725764
0.040625 -0.013074908322375418
0.065625 -0.01318271537199803
0.09062500000000001 -0.013175328029061344
0.115625 -0.013074599579029497
0.140625 -0.0131154816469563
0.16562500000000002 -0.013111687642185595
0.19062500000000002 -0.013042863211075294
0.215625 -0.01308279747626295
0.240625 -0.013200397221910902
0.265625 -0.013216180196811603
0.290625 -0.013296695343382374
0.31562500000000004 -0.013414300681161416
0.340625 -0.013483649884542512
0.36562500000000003 -0.01361552780898189
0.390625 -0.013803809568436257
0.415625 -0.01399036811701776
0.44062500000000004 -0.014391908156444677
0.465625 -0.014508741522675072
0.45383960293625836 -0.021875000000000002
0.446875 -0.024412159183090275

-0.240625 0.014697951525341726
-0.265625 0.014819572006359765
-0.290625 0.014918048864336092
-0.31562500000000004 0.015104616943525707
-0.340625 0.015257595234843123
-0.36562500000000003 0.015432333842455272
-0.353125 0.020395330697584424
-0.340625 0.02973090082329586
-0.33437500000000003 0.041523839653489894
-0.34687500000000004 0.057917974900528406
-0.359375 0.06941173323896542
-0.37812500000000004 0.07764956477961843
-0.39687500000000003 0.07898855812217082
-0.415625 0.07697789206842205
-0.43520168673290194 0.07187500000000001
-0.453125 0.06519186671330063
-0.47187500000000004 0.05550502278733099
-0.484375 0.046127412440713486
-0.496875 0.03295401622086003
-0.5064006027036845 0.015625
-0.496875 -0.002081409086404795
-0.496875 -0.012956107568290845
-0.48587385872120237 -0.009375000000000001
-0.49062500000000003 0.0066576561750886065
-0.47857907750299905 0.003125
-0.465625 0.008582143852991816
-0.44062500000000004 0.006921215747343517
-0.415625 0.006925743274209398
-0.390625 0.006957734401351149
-0.36562500000000003 0.006981296254175888
-0.340625 0.006710901276343483
-0.31562500000000004 0.0066859165300856786
-0.290625 0.006850149790519544
-0.265625 0.006753447031155674
-0.240625 0.006771424428082295
-0.215625 0.007160247182599253
-0.19062500000000002 0.0072572350140483015
-0.16562500000000002 0.007199575907674333
-0.140625 0.007401601997771054
-0.115625 0.007600022060681978
-0.09062500000000001 0.007607542051432848
-0.065625 0.007805621939114676
-0.040625 0.008109139740387171
-0.015625 0.008183411593878087
0.009375000000000001 0.008257828716849564
0.034375 0.008461369077400253
0.059375000000000004 0.008614386219338466
0.084375 0.008701102261355786
0.109375 0.008907162958392754
0.134375 0.009092536341453626
0.15937500000000002 0.009179008894425252
0.184375 0.009288471288927387
0.184375 0.009760269174611307
0.15937500000000002 0.01018981571260082
0.134375 0.010495591367268662
0.109375 0.01107195109735426
0.084375 0.011620278094485112
0.059375000000000004 0.011831301793680943
0.034375 0.01217531389844983
0.009375000000000001 0.012536021801565916
-0.015625 0.01269493255174254
-0.040625 0.012857504825317712
-0.065625 0.013304378252681662
-0.09062500000000001 0.01358004894454209
-0.115625 0.013673725125132378
-0.140625 0.01392158181749624
-0.16562500000000002 0.014115999209478548
-0.19062500000000002 0.014188372618264123
-0.215625 0.0143517097894141
-0.240625 0.014697951525341726
-0.240625 0.014697951525341726

-0.44062500000000004 -0.015979967658007597
-0.4434569448910344 -0.028125
-0.43045221489196883 -0.040625
-0.415625 -0.05120694217207737
-0.39982167020005493 -0.059375000000000004
-0.384375 -0.06569668656445513
-0.36418159197383015 -0.07187500000000001
-0.340625 -0.07696268388020729
-0.321875 -0.07948922153769682
-0.296875 -0.08112132448069134
-0.27187500000000003 -0.08097214928612735
-0.246875 -0.0793049894868625
-0.22812500000000002 -0.07713730754419378
-0.203125 -0.07289063076998337
-0.184375 -0.06764061064746257
-0.17121368581180346 -0.059375000000000004
-0.18366641595416364 -0.046875
-0.2024915905406527 -0.040625
-0.22187500000000002 -0.03638561228964305
-0.240625 -0.03287909683314045
-0.265625 -0.02888127301875324
-0.284375 -0.026365877867431706
-0.309375 -0.023109214304689814
-0.328125 -0.02137981335175244
-0.353125 -0.0195879901884637
-0.37812500000000004 -0.017848511882288007
-0.403125 -0.016504300872026697
-0.42812500000000003 -0.01648736439678213
-0.44062500000000004 -0.015979967658007597

0.5001430363349855 0.009375000000000001
0.4891752848738938 0.015625
0.5001430363349855 0.009375000000000001
0.5001430363349855 0.009375000000000001

0.4732214575379134 0.021875000000000002
0.484375 0.025204355692828726
0.47187500000000004 0.03640143841836986
0.4732214575379134 0.021875000000000002
0.4732214575379134 0.021875000000000002

0.4760879441345138 0.009375000000000001
0.4760879441345138 0.009375000000000001
0.4760879441345138 0.009375000000000001

0.446875 -0.025594821240283203
0.42812500000000003 -0.032070378579302554
0.40937500000000004 -0.038251639982247926
0.390625 -0.044346715071144654
0.371875 -0.050543680476198026
0.353125 -0.057065228003272385
0.33437500000000003 -0.06426030211830085
0.3175535946750161 -0.07187500000000001
0.30312500000000003 -0.08176386408149049
0.29674412914113335 -0.096875
0.3067334480351768 -0.109375
0.321875 -0.11865716674692861
0.340625 -0.1273414663417246
0.359375 -0.13434054943511042
0.37812500000000004 -0.14022307905577822
0.39687500000000003 -0.14521623932020605
0.415625 -0.14935023818340795
0.43866745652924805 -0.153125
0.45937500000000003 -0.15542884645137772
0.484375 -0.15637257381722944
0.509375 -0.15504109865957882
0.5281250000000001 -0.1522106706453748
0.5483376322291891 -0.146875
0.565625 -0.1397783426896278
0.5833194837689266 -0.12812500000000002
0.5947342233533759 -0.115625
0.6029656350723667 -0.096875
0.6039231808043214 -0.078125
0.5990369657235398 -0.059375000000000004
0.5906250000000001 -0.043147874463268295
0.5816613601944893 -0.028125
0.571875 -0.012017517423269349
0.5600157054006796 0.003125
0.546875 0.01050408519495458
0.521875 0.014681409439231742
0.507798601387684 0.003125
0.48773957650550126 -0.003125
0.48128704359552094 -0.003125
0.45937500000000003 -0.0011654397751994059
0.434375 -0.0015993557843117822
0.40937500000000004 -0.001750005473598538
0.384375 -0.002053694179160768
0.359375 -0.0022424050651830532
0.33437500000000003 -0.002473805950747425
0.309375 -0.0027948330892534293
0.284375 -0.0030428641724114334
0.265625 -0.0036101975300564413
0.240625 -0.004254056455907256
0.215625 -0.005061712636372475
0.19062500000000002 -0.005543765281597695
0.16562500000000002 -0.005663671205671547
0.140625 -0.006032989625894863
0.115625 -0.0063725804331672955
0.09062500000000001 -0.006339678561172183
0.065625 -0.006574466046073514
0.040625 -0.006966824623903731
0.015625 -0.006907956769025152
-0.009375000000000001 -0.006839772817387828
-0.034375 -0.007050510807167046
-0.059375000000000004 -0.007056402426058718
-0.084375 -0.006911923674003929
-0.109375 -0.007173723777242476
-0.134375 -0.007301560597549321
-0.15937500000000002 -0.007077400093720831
-0.184375 -0.007058568702845487
-0.209375 -0.007167285494894202
-0.234375 -0.00696990710190854
-0.259375 -0.006857856907153408
-0.284375 -0.007089088801718608
-0.309375 -0.006954087866829522
-0.33437500000000003 -0.006584546245299335
-0.359375 -0.006506147914422836
-0.384375 -0.006307381474905227
-0.40937500000000004 -0.005598358100904329
-0.434375 -0.005385632783413516
-0.45937500000000003 -0.0037133012100504558
-0.47612864236533353 -0.003125
-0.4729353942699492 -0.015625
-0.45937500000000003 -0.015404012135317752
-0.446875 -0.015254487787045417
-0.421875 -0.015581472981773503
-0.39687500000000003 -0.015382660178273758
-0.371875 -0.015149377086065664
-0.34687500000000004 -0.015082955682260635
-0.321875 -0.014882947223386803
-0.296875 -0.014607587945948339
-0.27187500000000003 -0.01445289837998814
-0.246875 -0.01426039750689126
-0.22187500000000002 -0.013961886879263946
-0.19687500000000002 -0.013833130193295108
-0.171875 -0.013876893265974771
-0.146875 -0.013661947554821578
-0.12187500000000001 -0.013498811451019319
-0.096875 -0.013438081648583365
-0.07187500000000001 -0.013262218452074943
-0.046875 -0.013040371215867482
-0.021875000000000002 -0.013092641334469477
0.003125 -0.013107255361674362
0.028125 -0.012931810546126925
0.053125000000000006 -0.012913805743500855
0.078125 -0.012894287308830073
0.10312500000000001 -0.01275844124023006
0.12812500000000002 -0.012710453385733749
0.153125 -0.012843529945193714
0.178125 -0.012828776768986966
0.203125 -0.012812921351165721
0.22812500000000002 -0.012902582079678258
0.253125 -0.012925314159482131
0.278125 -0.012946943690860243
0.30312500000000003 -0.013068689726192115
0.328125 -0.013186755080179656
0.353125 -0.013292589096764399
0.37812500000000004 -0.013499980049336346
0.403125 -0.013719978119400766
0.42812500000000003 -0.013968453543001151
0.453125 -0.014440707776913392
0.465625 -0.019401326299353486
0.446875 -0.025594821240283203
0.446875 -0.025594821240283203

-0.259375 -0.07617277492706448
-0.284375 -0.07787693892810132
-0.309375 -0.07775825549770922
-0.33437500000000003 -0.0757177790796753
-0.35634081160431497 -0.07187500000000001
-0.37812500000000004 -0.06626618901040132
-0.3967790856160911 -0.059375000000000004
-0.40985470465189433 -0.053125000000000006
-0.42812500000000003 -0.04149912110777592
-0.44062500000000004 -0.030379245734452307
-0.446875 -0.02181879067595945
-0.421875 -0.016206791994190478
-0.39687500000000003 -0.017695823530951275
-0.371875 -0.019194726470972003
-0.34687500000000004 -0.020345643526716153
-0.328125 -0.022276228780884373
-0.30312500000000003 -0.02510648648688433
-0.28377140924994465 -0.028125
-0.259375 -0.032092108193364784
-0.240625 -0.03595239596560665
-0.22130930982915772 -0.040625
-0.203125 -0.048469984541062244
-0.20762670951407727 -0.065625
-0.22812500000000002 -0.07139282282297359
-0.246875 -0.07463473116833441
-0.259375 -0.07617277492706448

-0.240625 0.014564316934779012
-0.265625 0.014699732495257465
-0.290625 0.014810464230261715
-0.31562500000000004 0.0150129348757565
-0.340625 0.015177366841086483
-0.36562500000000003 0.015360041602211445
-0.36562500000000003 0.01934391364961773
-0.34784186957619645 0.028125
-0.34018493803065936 0.040625
-0.34722503831007934 0.053125000000000006
-0.359945137948282 0.065625
-0.37812500000000004 0.075501183394811
-0.403125 0.07747383221703799
-0.42812500000000003 0.07365548132427133
-0.446875 0.067757899903953
-0.463937687827207 0.059375000000000004
-0.478125 0.05119781660101927
-0.49062500000000003 0.04013169572112824
-0.5027490452338025 0.021875000000000002
-0.5070671188915895 0.003125
-0.496875 -0.008439223595858969
-0.49062500000000003 -0.019863853091135534
-0.49062500000000003 9.9602931161848e-6
-0.484375 0.013472029245963309
-0.4766096578739988 0.003125
-0.453125 0.0075019979206097966
-0.42812500000000003 0.00712830239232901
-0.403125 0.006925761061434736
-0.37812500000000004 0.006945640694761297
-0.353125 0.006773485940470892
-0.328125 0.0066115933830469854
-0.30312500000000003 0.006904777119743963
-0.278125 0.007008564836788085
-0.253125 0.00686336662984696
-0.22812500000000002 0.007006875775594933
-0.203125 0.007225799133898167
-0.178125 0.007192824939080851
-0.153125 0.0073353939296480425
-0.12812500000000002 0.007706136886345288
-0.10312500000000001 0.007793481313657724
-0.078125 0.007821526134774218
-0.053125000000000006 0.0080401946307682
-0.028125 0.008219614320511166
-0.003125 0.00827983811886105
0.021875000000000002 0.008501077370667933
0.046875 0.008743089387801096
0.07187500000000001 0.00882761523338484
0.096875 0.008933740270349898
0.12187500000000001 0.009118574754497205
0.146875 0.009258624992640033
0.171875 0.00936223865520153
0.15937500000000002 0.00957885230459946
0.134375 0.009921933644309181
0.109375 0.010556382793462
0.084375 0.011154566970064499
0.059375000000000004 0.011393781297031209
0.034375 0.011774790294058871
0.009375000000000001 0.012174972763946157
-0.015625 0.01235496946640077
-0.040625 0.012540766229407729
-0.065625 0.01302599352909057
-0.09062500000000001 0.013327599424906364
-0.115625 0.013437522318954072
-0.140625 0.013710860441366143
-0.16562500000000002 0.013927543053002107
-0.19062500000000002 0.014012336033603773
-0.215625 0.014194484741760553
-0.240625 0.014564316934779012
-0.240625 0.014564316934779012

0.5000719334732273 0.009375000000000001
0.48976165294139085 0.015625
0.5000719334732273 0.009375000000000001
0.5000719334732273 0.009375000000000001

0.4775923472690788 0.009375000000000001
0.4775923472690788 0.009375000000000001
0.4775923472690788 0.009375000000000001

0.48136737072258856 0.028125
0.4715412529566888 0.034375
0.48136737072258856 0.028125
0.48136737072258856 0.028125

0.4431858763143084 -0.028125
0.45937500000000003 -0.02146973380148056
0.45937500000000003 -0.014772236144856527
0.434375 -0.013893696765952052
0.40937500000000004 -0.01356761061048289
0.384375 -0.013304304192491607
0.359375 -0.013155221711685637
0.33437500000000003 -0.012981180118140803
0.309375 -0.012823121351986738
0.284375 -0.01276111196312276
0.259375 -0.012633453819507246
0.234375 -0.012539517084845946
0.209375 -0.012568838365612327
0.184375 -0.012559574869631992
0.15937500000000002 -0.012486242384904813
0.134375 -0.012555396782291107
0.109375 -0.012574841534961244
0.084375 -0.012443942162273281
0.059375000000000004 -0.012547043560270192
0.034375 -0.012714641662449164
0.009375000000000001 -0.012745136757349474
-0.015625 -0.012805408606253465
-0.040625 -0.013017187636242466
-0.065625 -0.012992866153030446
-0.09062500000000001 -0.012985394974652602
-0.115625 -0.013255195062166386
-0.140625 -0.013446753760863501
-0.16562500000000002 -0.013532677938227461
-0.19062500000000002 -0.013745889221917057
-0.215625 -0.013974959962579313
-0.240625 -0.01395442243238439
-0.265625 -0.014146528113345123
-0.290625 -0.014471550467018004
-0.31562500000000004 -0.014691773705472371
-0.340625 -0.014886224033441624
-0.36562500000000003 -0.015179770484125383
-0.390625 -0.015357256488262968
-0.415625 -0.015396955632582919
-0.44062500000000004 -0.01555628160803046
-0.45350669699676427 -0.015625
-0.47187500000000004 -0.01855762337486858
-0.478125 -0.004304588644197579
-0.465625 -0.008363313057005568
-0.44062500000000004 -0.004941300791103899
-0.415625 -0.006099438983691736
-0.390625 -0.006064814212457771
-0.36562500000000003 -0.006292599631184054
-0.340625 -0.006768896832716518
-0.31562500000000004 -0.006838110590752074
-0.290625 -0.006877114247325728
-0.265625 -0.007189506694885456
-0.240625 -0.007251005206699308
-0.215625 -0.007006989578720105
-0.19062500000000002 -0.0071335340066402304
-0.16562500000000002 -0.00728901538367295
-0.140625 -0.007163561232498523
-0.115625 -0.007207543316565665
-0.09062500000000001 -0.0074115399917095755
-0.065625 -0.007237310782134317
-0.040625 -0.007002389618586251
-0.015625 -0.007153062819097035
0.009375000000000001 -0.007095678425660176
0.034375 -0.00688004698831505
0.059375000000000004 -0.0069583489663791066
0.084375 -0.006952702210398088
0.109375 -0.006506949955616162
0.134375 -0.00628002944497094
0.15937500000000002 -0.006226312519848535
0.184375 -0.005771954781593119
0.209375 -0.005341902407147414
0.234375 -0.0050375546155043156
0.259375 -0.004263246143815215
0.284375 -0.003303930279342519
0.30312500000000003 -0.0029375662421886935
0.328125 -0.0027141208672762642
0.353125 -0.002457721294166976
0.37812500000000004 -0.00213126323525781
0.403125 -0.0019374517533856117
0.42812500000000003 -0.001747873561995172
0.453125 -0.0015811441832020478
0.478125 -0.00011775603198575964
0.4850343831363646 -0.009375000000000001
0.503125 0.0012676490383417439
0.515625 0.013924522735536595
0.540625 0.012298131598975965
0.5592407316148799 0.003125
0.5697306956407044 -0.009375000000000001
0.578125 -0.02450812875220137
0.5878575126329713 -0.040625
0.5968355972545869 -0.059375000000000004
0.6011710648547202 -0.078125
0.5970591881763155 -0.10312500000000001
0.5896579593055524 -0.115625
0.576770164002616 -0.12812500000000002
0.5593750000000001 -0.13846840583149572
0.540625 -0.14538350090765922
0.521875 -0.14965716274340976
0.496875 -0.15229308650671433
0.47187500000000004 -0.15232472304601266
0.446875 -0.15019325813088424
0.4263240450808784 -0.146875
0.403125 -0.1417504967606318
0.384375 -0.13641025736086432
0.36562500000000003 -0.1298781194487192
0.3470227821442032 -0.12187500000000001
0.33437500000000003 -0.11479759601467371
0.3205568661103346 -0.10312500000000001
0.321875 -0.08263563860751914
0.3351614624387267 -0.07187500000000001
0.353125 -0.06270691126940342
0.371875 -0.05467460819346885
0.390625 -0.04742443184187596
0.4091208106646822 -0.040625
0.4262451596305612 -0.034375
0.4431858763143084 -0.028125
0.4431858763143084 -0.028125

-0.259375 -0.07205516402719861
-0.284375 -0.0746694586667641
-0.309375 -0.07519483627331044
-0.33437500000000003 -0.07355288552647703
-0.353125 -0.07076475328248695
-0.374755722303176 -0.065625
-0.3933400529901227 -0.059375000000000004
-0.40937500000000004 -0.0521979725144966
-0.42774368125734935 -0.040625
-0.44062500000000004 -0.02934102840658586
-0.434375 -0.0170336744540256
-0.40937500000000004 -0.01693589716631778
-0.384375 -0.01856926011089436
-0.359375 -0.02015813888814783
-0.3379987102337072 -0.021875000000000002
-0.31562500000000004 -0.024867651693720457
-0.2939695510825265 -0.028125
-0.27187500000000003 -0.03215204617318077
-0.253125 -0.036190823772844695
-0.234375 -0.04173878281345988
-0.21637738595253914 -0.053125000000000006
-0.23095129699923814 -0.065625
-0.253125 -0.07098609552357746
-0.259375 -0.07205516402719861

-0.240625 0.014430682344216295
-0.265625 0.014579892984155168
-0.290625 0.014702879596187338
-0.31562500000000004 0.014921252807987293
-0.340625 0.015097138447329843
-0.36562500000000003 0.015287749361967617
-0.37812500000000004 0.01634765557331487
-0.35874804461462234 0.021875000000000002
-0.34677801179368006 0.034375
-0.35148084299568993 0.053125000000000006
-0.3643185510107086 0.065625
-0.37812500000000004 0.07335280201000356
-0.403125 0.07648464812639637
-0.42812500000000003 0.07299409505074804
-0.446875 0.06736540145654783
-0.463571368566166 0.059375000000000004
-0.478125 0.05111287745520522
-0.49062500000000003 0.04010655998260371
-0.502745620440931 0.021875000000000002
-0.50706681466265 0.003125
-0.496875 -0.008439852913192755
-0.49062500000000003 -0.019845922730406036
-0.49062500000000003 9.51583144026243e-6
-0.484375 0.013474508158566604
-0.4766139605915723 0.003125
-0.453125 0.00750995051890383
-0.42812500000000003 0.007142307025910238
-0.403125 0.006945635120805485
-0.37812500000000004 0.006971161809189717
-0.353125 0.006806136308385392
-0.328125 0.006651799731631842
-0.30312500000000003 0.006950401521091103
-0.278125 0.007061074413250874
-0.253125 0.006924972966935146
-0.22812500000000002 0.0070745733503682975
-0.203125 0.007299489998940073
-0.178125 0.007275758740229185
-0.153125 0.0074249172721200145
-0.12812500000000002 0.007799773823153457
-0.10312500000000001 0.007894743835423997
-0.078125 0.00793048619447085
-0.053125000000000006 0.00815311226006035
-0.028125 0.008338372506661237
-0.003125 0.008405384238648912
0.021875000000000002 0.008630251591396977
0.046875 0.008875844290137814
0.07187500000000001 0.008965436986550532
0.096875 0.009074792582319382
0.12187500000000001 0.009261689954351681
0.12187500000000001 0.0098021742587345
0.096875 0.01041013554014728
0.07187500000000001 0.010728880601135086
0.046875 0.010984551864675205
0.021875000000000002 0.01157344480470239
-0.003125 0.012041768491042418
-0.028125 0.012211230622493845
-0.053125000000000006 0.012560966833729854
-0.078125 0.012884557438307197
-0.10312500000000001 0.013018134881399884
-0.12812500000000002 0.01321611723177701
-0.153125 0.013678299486608172
-0.178125 0.013899976789951952
-0.203125 0.014014889657518962
-0.22812500000000002 0.014265961727042042
-0.240625 0.014430682344216295

0.5000008306114692 0.009375000000000001
0.49034802100888797 0.015625
0.5000008306114692 0.009375000000000001
0.5000008306114692 0.009375000000000001

0.4786486565727534 0.028125
0.4786486565727534 0.028125
0.4786486565727534 0.028125

0.1353365433030678 0.009375000000000001
0.1353365433030678 0.009375000000000001
0.1353365433030678 0.009375000000000001

0.44642367410871603 -0.028125
0.4604232182073553 -0.021875000000000002
0.45937500000000003 -0.014637871514928747
0.434375 -0.013718382414701746
0.40937500000000004 -0.013371167369141613
0.384375 -0.013087711023186465
0.359375 -0.012925115011845097
0.33437500000000003 -0.012736180767738681
0.309375 -0.012564473345736502
0.284375 -0.012495187180021643
0.259375 -0.01235844801683158
0.234375 -0.012256061147209722
0.209375 -0.01228540359051394
0.184375 -0.012274333165188674
0.15937500000000002 -0.012195863468742133
0.134375 -0.012269357410779162
0.109375 -0.01229147734410541
0.084375 -0.012156016145788236
0.059375000000000004 -0.012265858253157869
0.034375 -0.01244593582527043
0.009375000000000001 -0.012479621102576178
-0.015625 -0.012546787538818537
-0.040625 -0.012773917040102356
-0.065625 -0.012754513460504414
-0.09062500000000001 -0.012751879677577412
-0.115625 -0.013040325983259105
-0.140625 -0.013246931447409547
-0.16562500000000002 -0.013341323275592083
-0.19062500000000002 -0.013571436584129796
-0.215625 -0.013817308690976055
-0.240625 -0.013804396521095948
-0.265625 -0.014010762325938652
-0.290625 -0.01435590463963905
-0.31562500000000004 -0.014590301256331227
-0.340625 -0.014798091832762369
-0.36562500000000003 -0.015109146808703663
-0.390625 -0.015300738366410077
-0.415625 -0.015352054544339933
-0.44062500000000004 -0.015528297801999578
-0.465625 -0.012683969494254342
-0.478125 -0.014365055877422555
-0.47187500000000004 -0.0016809849356668818
-0.453125 -0.0044335752381790714
-0.42812500000000003 -0.005706095675531197
-0.403125 -0.0060517267463280535
-0.37812500000000004 -0.006240748566103346
-0.353125 -0.006737521060539347
-0.328125 -0.007000967924719416
-0.30312500000000003 -0.0068308732291561865
-0.278125 -0.00696425589404083
-0.253125 -0.007229134438169788
-0.22812500000000002 -0.007176367862513556
-0.203125 -0.007206777235968793
-0.178125 -0.007466449776004682
-0.153125 -0.0074169972841624365
-0.12812500000000002 -0.007179010483414976
-0.10312500000000001 -0.007335561224426808
-0.078125 -0.0074029129703403265
-0.053125000000000006 -0.007248836866441849
-0.028125 -0.007334390013385901
-0.003125 -0.007469608734989098
0.021875000000000002 -0.007188882288394158
0.046875 -0.006995596776299418
0.07187500000000001 -0.0071092988125035055
0.096875 -0.0069154866324085225
0.12187500000000001 -0.006660193527507879
0.146875 -0.00668351641066864
0.171875 -0.006459227731139684
0.19687500000000002 -0.005860418670818424
0.22187500000000002 -0.0055164350264855794
0.246875 -0.005040225215037526
0.27187500000000003 -0.0041391548105505
0.296875 -0.003280719604708289
0.31562500000000004 -0.002907570003653854
0.340625 -0.0026823632169512683
0.36562500000000003 -0.0023587100539611506
0.390625 -0.0021087415225757283
0.415625 -0.0019891429046537106
0.44062500000000004 -0.0016506502834338346
0.465625 -0.0020130034254429783
0.48287635173968035 -0.009375000000000001
0.49062500000000003 -0.0006045332131702601
0.508086470291185 0.009375000000000001
0.5281250000000001 0.014337715387431078
0.5485982005193731 0.009375000000000001
0.564641431933555 -0.003125
0.5722738758804368 -0.015625
0.5828707934135074 -0.034375
0.5906250000000001 -0.04930371243059954
0.596875 -0.06670692470230799
0.5974386196835024 -0.09062500000000001
0.5906250000000001 -0.10769271410022947
0.5785184176762121 -0.12187500000000001
0.565625 -0.13112508849713658
0.546875 -0.13968237597406305
0.5281250000000001 -0.14497296029726234
0.509375 -0.14791625040855894
0.484375 -0.1492012658472892
0.45937500000000003 -0.14785601625161474
0.44062500000000004 -0.14541406219200112
0.41705286206970577 -0.140625
0.39687500000000003 -0.13506295986235142
0.37812500000000004 -0.12845477029462044
0.3631568390881843 -0.12187500000000001
0.34687500000000004 -0.11202112035304955
0.33437500000000003 -0.09738073839604147
0.3361400452363737 -0.084375
0.34915854771086324 -0.07187500000000001
0.36562500000000003 -0.06239212782245782
0.384375 -0.05338976979700554
0.39953831663684414 -0.046875
0.415625 -0.040415673175689656
0.434375 -0.032964921573680396
0.44642367410871603 -0.028125

-0.240625 0.01429704775365358
-0.265625 0.014460053473052868
-0.290625 0.01459529496211296
-0.31562500000000004 0.014829570740218085
-0.340625 0.015016910053573203
-0.36562500000000003 0.015215457121723789
-0.3851515784077726 0.015625
-0.36562500000000003 0.021373278268728698
-0.353125 0.03145016543935556
-0.353125 0.0500147178934853
-0.36562500000000003 0.06349409339981585
-0.379789838403871 0.07187500000000001
-0.403125 0.07549546403575474
-0.42812500000000003 0.07233270877722475
-0.446875 0.06697290300914267
-0.4632050493051249 0.059375000000000004
-0.478125 0.05102793830939118
-0.49062500000000003 0.04008142424407917
-0.5027421956480596 0.021875000000000002
-0.5070665104337105 0.003125
-0.496875 -0.008440482230526541
-0.49062500000000003 -0.019827992369676542
-0.49062500000000003 9.071369764339192e-6
-0.484375 0.0134769870711699
-0.47661826330914575 0.003125
-0.453125 0.0075179031171978645
-0.42812500000000003 0.007156311659491466
-0.403125 0.006965509180176235
-0.37812500000000004 0.006996682923618137
-0.353125 0.006838786676299892
-0.328125 0.006692006080216698
-0.30312500000000003 0.006996025922438243
-0.278125 0.007113583989713662
-0.253125 0.006986579304023332
-0.22812500000000002 0.007142270925141663
-0.203125 0.00737318086398198
-0.178125 0.007358692541377517
-0.153125 0.0075144406145919865
-0.12812500000000002 0.007893410759961628
-0.10312500000000001 0.00799600635719027
-0.078125 0.008039446254167483
-0.053125000000000006 0.0082660298893525
-0.028125 0.008457130692811309
-0.003125 0.008530930358436772
0.021875000000000002 0.00875942581212602
0.046875 0.009008599192474528
0.07187500000000001 0.009103258739716225
0.096875 0.009215844894288864
0.11675984680600003 0.009375000000000001
0.096875 0.009923777600468102
0.07187500000000001 0.010273287220146154
0.046875 0.010556477225080614
0.021875000000000002 0.011192131610632018
-0.003125 0.011696474561459034
-0.028125 0.011886306185900124
-0.053125000000000006 0.012266543860072747
-0.078125 0.01261983058936813
-0.10312500000000001 0.01276891246027192
-0.12812500000000002 0.012987787829440198
-0.153125 0.01348074594275524
-0.178125 0.013721210522114941
-0.203125 0.013850150638007151
-0.22812500000000002 0.014122029188578753
-0.240625 0.01429704775365358

-0.44504957821571317 -0.021875000000000002
-0.421875 -0.017236872015253327
-0.39687500000000003 -0.018632374953300803
-0.371875 -0.020253120243684433
-0.34687500000000004 -0.021769011149701648
-0.328125 -0.024674466637647368
-0.30352923566629414 -0.028125
-0.284375 -0.0319336826608497
-0.265625 -0.03610128531632725
-0.246875 -0.042151754146801904
-0.23253192672125078 -0.053125000000000006
-0.246875 -0.06404635781079525
-0.265625 -0.06882927994053747
-0.2893586942958305 -0.07187500000000001
-0.309375 -0.07263141704891166
-0.3288467547443468 -0.07187500000000001
-0.353125 -0.06900902624538746
-0.371875 -0.06493485696570948
-0.390625 -0.05910447835653163
-0.40937500000000004 -0.051017459033756055
-0.42619277592523225 -0.040625
-0.44062500000000004 -0.028302811078719417
-0.44504957821571317 -0.021875000000000002

0.49992972774971106 0.009375000000000001
0.49062500000000003 0.008180572536229265
0.49992972774971106 0.009375000000000001

-0.240625 0.014163413163090865
-0.265625 0.014340213961950569
-0.290625 0.014487710328038583
-0.31562500000000004 0.014737888672448877
-0.340625 0.014936681659816563
-0.36562500000000003 0.015143164881479963
-0.3880965160956777 0.015625
-0.3667786597139976 0.021875000000000002
-0.3540556649162876 0.034375
-0.35424133572013794 0.046875
-0.36562500000000003 0.06045547457747999
-0.384375 0.07165495068699584
-0.403125 0.07450627994511312
-0.4271528983943217 0.07187500000000001
-0.446875 0.0665804045617375
-0.4628387300440839 0.059375000000000004
-0.478125 0.050942999163577134
-0.49062500000000003 0.040056288505554635
-0.502738770855188 0.021875000000000002
-0.5070662062047712 0.003125
-0.496875 -0.008441111547860328
-0.49062500000000003 -0.019810062008947044
-0.49062500000000003 8.626908088416822e-6
-0.484375 0.013479465983773194
-0.47662256602671926 0.003125
-0.453125 0.007525855715491898
-0.42812500000000003 0.007170316293072694
-0.403125 0.006985383239546984
-0.37812500000000004 0.007022204038046558
-0.353125 0.006871437044214391
-0.328125 0.006732212428801555
-0.30312500000000003 0.007041650323785384
-0.278125 0.0071660935661764505
-0.253125 0.007048185641111519
-0.22812500000000002 0.007209968499915027
-0.203125 0.007446871729023887
-0.178125 0.00744162634252585
-0.153125 0.007603963957063958
-0.12812500000000002 0.007987047696769797
-0.10312500000000001 0.008097268878956544
-0.078125 0.008148406313864116
-0.053125000000000006 0.008378947518644653
-0.028125 0.008575888878961381
-0.003125 0.008656476478224633
0.021875000000000002 0.008888600032855064
0.046875 0.009141354094811247
0.07187500000000001 0.009241080492881918
0.084375 0.009757433596802659
0.059375000000000004 0.010081219807082006
0.034375 0.010573219480885993
0.009375000000000001 0.01109182565108688
-0.015625 0.011335080210375457
-0.040625 0.011590550441677776
-0.065625 0.012190839358317291
-0.09062500000000001 0.01257025086599919
-0.115625 0.012728913900419156
-0.140625 0.013078696312975854
-0.16562500000000002 0.013362174583572778
-0.19062500000000002 0.013484226279622721
-0.215625 0.013722809598799911
-0.240625 0.014163413163090865
-0.240625 0.014163413163090865

0.034375 -0.012177229988091696
0.009375000000000001 -0.012214105447802883
-0.015625 -0.012288166471383609
-0.040625 -0.012530646443962247
-0.065625 -0.012516160767978384
-0.09062500000000001 -0.01251836438050222
-0.115625 -0.012825456904351823
-0.140625 -0.01304710913395559
-0.16562500000000002 -0.013149968612956706
-0.19062500000000002 -0.013396983946342533
-0.215625 -0.013659657419372797
-0.240625 -0.013654370609807506
-0.265625 -0.013874996538532181
-0.290625 -0.014240258812260096
-0.31562500000000004 -0.014488828807190083
-0.340625 -0.014709959632083113
-0.36562500000000003 -0.015038523133281944
-0.390625 -0.015244220244557185
-0.415625 -0.015307153456096949
-0.44062500000000004 -0.015500313995968698
-0.465625 -0.012648046875439922
-0.478125 -0.01435766915907541
-0.47187500000000004 -0.0016853445493954288
-0.453125 -0.004451438871482334
-0.42812500000000003 -0.005728408335260171
-0.403125 -0.006079421830287892
-0.37812500000000004 -0.006275121833966868
-0.353125 -0.006776529850192196
-0.328125 -0.0070452997574924296
-0.30312500000000003 -0.00688391498559391
-0.278125 -0.007024652896311279
-0.253125 -0.007294862990162191
-0.22812500000000002 -0.007251463584780375
-0.203125 -0.007291984555990316
-0.178125 -0.007557813964095507
-0.153125 -0.007518408328167442
-0.12812500000000002 -0.00729502162377573
-0.10312500000000001 -0.007460306823120828
-0.078125 -0.007536153026239307
-0.053125000000000006 -0.0073984873092587
-0.028125 -0.007496470902806788
-0.003125 -0.007640501132654819
0.021875000000000002 -0.007379087880682296
0.046875 -0.007206465735150988
0.07187500000000001 -0.007330484527288679
0.096875 -0.007154979759175457
0.12187500000000001 -0.006926687465733418
0.146875 -0.0069669343410714004
0.171875 -0.006764891191446862
0.19687500000000002 -0.00620188257604996
0.22187500000000002 -0.0058902944730668
0.246875 -0.005447495070993118
0.27187500000000003 -0.004593714813343529
0.296875 -0.003788288195077591
0.31562500000000004 -0.003025789465837084
0.340625 -0.002791387980986064
0.36562500000000003 -0.002456521911545121
0.390625 -0.0021964519448923
0.415625 -0.002068162635196308
0.44062500000000004 -0.0017168420579285742
0.465625 -0.0020737400311749477
0.4828230717305135 -0.009375000000000001
0.49062500000000003 -0.000638087766861709
0.5081968755113347 0.009375000000000001
0.5281250000000001 0.014232371829760775
0.5479162619282384 0.009375000000000001
0.5640112384487288 -0.003125
0.571875 -0.016601537840189255
0.5816975298562652 -0.034375
0.5906250000000001 -0.05288166728801528
0.5956574931399682 -0.07187500000000001
0.592410542196457 -0.096875
0.584375 -0.11071644735446834
0.571875 -0.12284679739870386
0.553125 -0.13366023115827383
0.534375 -0.1401375296317037
0.515625 -0.14398852643229337
0.49062500000000003 -0.1459030899333372
0.465625 -0.14505064786081384
0.44062500000000004 -0.14169007073097747
0.421875 -0.13765612945772962
0.403125 -0.1322052267028074
0.384375 -0.1250708289262445
0.3660033647628447 -0.115625
0.353125 -0.1049172872676548
0.3493726575746344 -0.084375
0.36073851642643434 -0.07187500000000001
0.37812500000000004 -0.06078958392129168
0.39262474985137585 -0.053125000000000006
0.40937500000000004 -0.04543377306713921
0.42812500000000003 -0.03720572212605698
0.446875 -0.02910683685339373
0.46229526267409576 -0.021875000000000002
0.47187500000000004 -0.015542083826260699
0.446875 -0.01374115835255863
0.421875 -0.013379600083181866
0.39687500000000003 -0.012984689114094698
0.371875 -0.012749678608149776
0.34687500000000004 -0.012573434990987634
0.321875 -0.012371536959080484
0.296875 -0.012263649815300292
0.27187500000000003 -0.012200220156104506
0.246875 -0.012061206424403772
0.22187500000000002 -0.012011985397404263
0.19687500000000002 -0.012012425192487531
0.171875 -0.011859164669707233
0.146875 -0.011856063215964155
0.12187500000000001 -0.01198755339140586
0.096875 -0.012002339610960672
0.07187500000000001 -0.01198959792953608
0.046875 -0.012169121819182125
0.034375 -0.012177229988091696

-0.44408077664725026 -0.021875000000000002
-0.421875 -0.01775191202578475
-0.39687500000000003 -0.019100650664475565
-0.371875 -0.020782317130040646
-0.353125 -0.0222219759986742
-0.328125 -0.025873585566028864
-0.309375 -0.028822557995716504
-0.284375 -0.03387892085052108
-0.265625 -0.03931598849262785
-0.24974633494687762 -0.046875
-0.25207161940942596 -0.059375000000000004
-0.26987254387134385 -0.065625
-0.290625 -0.06890973074315812
-0.31562500000000004 -0.07019447782445538
-0.340625 -0.06889934908180706
-0.3617089975137963 -0.065625
-0.384375 -0.059897378237256244
-0.4022219060090433 -0.053125000000000006
-0.415625 -0.046397652584129936
-0.43288768947486356 -0.034375
-0.44408077664725026 -0.021875000000000002
-0.44408077664725026 -0.021875000000000002

0.4998586248879529 0.009375000000000001
0.49062500000000003 0.00822605744557633
0.4998586248879529 0.009375000000000001

0.09488045667327859 0.009375000000000001
0.09488045667327859 0.009375000000000001
0.09488045667327859 0.009375000000000001

-0.240625 0.01402977857252815
-0.265625 0.01422037445084827
-0.290625 0.014380125693964206
-0.31562500000000004 0.01464620660467967
-0.340625 0.014856453266059921
-0.36562500000000003 0.015070872641236136
-0.390625 0.015616344492557985
-0.37812500000000004 0.01883148818330854
-0.362305463510395 0.028125
-0.35717500778644473 0.046875
-0.3674291557034351 0.059375000000000004
-0.384375 0.07008709607395691
-0.403125 0.0735170958544715
-0.4239962675924426 0.07187500000000001
-0.446875 0.06618790611433234
-0.4624724107830428 0.059375000000000004
-0.478125 0.050858060017763086
-0.49062500000000003 0.04003115276703009
-0.5027353460623166 0.021875000000000002
-0.5070659019758317 0.003125
-0.496875 -0.008441740865194114
-0.49062500000000003 -0.01979213164821755
-0.49062500000000003 8.182446412493584e-6
-0.484375 0.01348194489637649
-0.4766268687442928 0.003125
-0.453125 0.0075338083137859325
-0.42812500000000003 0.007184320926653922
-0.403125 0.007005257298917733
-0.37812500000000004 0.007047725152474977
-0.353125 0.0069040874121288915
-0.328125 0.006772418777386411
-0.30312500000000003 0.0070872747251325245
-0.278125 0.0072186031426392395
-0.253125 0.007109791978199705
-0.22812500000000002 0.007277666074688392
-0.203125 0.007520562594065794
-0.178125 0.007524560143674183
-0.153125 0.00769348729953593
-0.12812500000000002 0.008080684633577967
-0.10312500000000001 0.008198531400722818
-0.078125 0.008257366373560747
-0.053125000000000006 0.008491865147936801
-0.028125 0.008694647065111454
-0.003125 0.008782022598012494
0.021875000000000002 0.009017774253584108
0.046875 0.009274108997147965
0.07141022856315839 0.009375000000000001
0.046875 0.009700327945891433
0.021875000000000002 0.010429505222491274
-0.003125 0.011005886702292262
-0.028125 0.011236457312712684
-0.053125000000000006 0.011677697912758534
-0.078125 0.012090376891489996
-0.10312500000000001 0.012270467618015993
-0.12812500000000002 0.01253112902476657
-0.153125 0.013085638855049379
-0.178125 0.013363677986440916
-0.203125 0.01352067259898353
-0.22812500000000002 0.013834164111652171
-0.240625 0.01402977857252815

0.034375 -0.011908524150912963
0.009375000000000001 -0.011948589793029587
-0.015625 -0.012029545403948681
-0.040625 -0.012287375847822137
-0.065625 -0.012277808075452352
-0.09062500000000001 -0.012284849083427031
-0.115625 -0.01261058782544454
-0.140625 -0.012847286820501637
-0.16562500000000002 -0.012958613950321328
-0.19062500000000002 -0.013222531308555273
-0.215625 -0.01350200614776954
-0.240625 -0.013504344698519065
-0.265625 -0.01373923075112571
-0.290625 -0.014124612984881144
-0.31562500000000004 -0.014387356358048938
-0.340625 -0.014621827431403858
-0.36562500000000003 -0.014967899457860225
-0.390625 -0.015187702122704294
-0.415625 -0.015262252367853963
-0.44062500000000004 -0.015472330189937817
-0.465625 -0.0126121242566255
-0.478125 -0.014350282440728267
-0.47187500000000004 -0.0016897041631239755
-0.453125 -0.004469302504785597
-0.42812500000000003 -0.005750720994989146
-0.403125 -0.006107116914247729
-0.37812500000000004 -0.00630949510183039
-0.353125 -0.006815538639845046
-0.328125 -0.007089631590265443
-0.30312500000000003 -0.006936956742031635
-0.278125 -0.0070850498985817285
-0.253125 -0.007360591542154594
-0.22812500000000002 -0.007326559307047195
-0.203125 -0.007377191876011839
-0.178125 -0.007649178152186331
-0.153125 -0.007619819372172447
-0.12812500000000002 -0.007411032764136485
-0.10312500000000001 -0.007585052421814849
-0.078125 -0.007669393082138288
-0.053125000000000006 -0.007548137752075553
-0.028125 -0.007658551792227675
-0.003125 -0.007811393530320539
0.021875000000000002 -0.007569293472970433
0.046875 -0.00741733469400256
0.07187500000000001 -0.007551670242073852
0.096875 -0.007394472885942393
0.12187500000000001 -0.007193181403958956
0.146875 -0.007250352271474162
0.171875 -0.00707055465175404
0.19687500000000002 -0.0065433464812814975
0.22187500000000002 -0.006264153919648021
0.246875 -0.005854764926948709
0.27187500000000003 -0.005048274816136559
0.296875 -0.004295856785446893
0.3176693483762531 -0.003125
0.340625 -0.00290041274502086
0.36562500000000003 -0.002554333769129092
0.390625 -0.002284162367208873
0.415625 -0.0021471823657389063
0.44062500000000004 -0.0017830338324233141
0.465625 -0.0021344766369069176
0.4827697917213466 -0.009375000000000001
0.49062500000000003 -0.0006716423205531579
0.5083072807314845 0.009375000000000001
0.5281250000000001 0.014127028272090473
0.5472343233371036 0.009375000000000001
0.5633810449639026 -0.003125
0.571875 -0.018231594567927892
0.580524266299023 -0.034375
0.5892058634105859 -0.053125000000000006
0.5934979332634097 -0.07187500000000001
0.5906250000000001 -0.09298705595108434
0.581391086249543 -0.109375
0.5677537865020953 -0.12187500000000001
0.553125 -0.13030414810332447
0.534375 -0.13708819904302105
0.515625 -0.14090531686084012
0.49062500000000003 -0.14292192196211245
0.465625 -0.14183649605647894
0.446875 -0.13929585151306803
0.42467052825375917 -0.134375
0.4048599995037397 -0.12812500000000002
0.38993623873455985 -0.12187500000000001
0.371875 -0.11100868328827876
0.36009872213654087 -0.096875
0.36060355960280915 -0.084375
0.371875 -0.07086918499428486
0.38815764264265346 -0.059375000000000004
0.403125 -0.051230402645383775
0.421875 -0.04191049175161134
0.4376306890944019 -0.034375
0.453125 -0.027201318148731717
0.47187500000000004 -0.016456327695125728
0.45937500000000003 -0.01436914225507319
0.434375 -0.013367753712201138
0.40937500000000004 -0.012978280886459057
0.384375 -0.01265452468457618
0.359375 -0.012464901612164016
0.33437500000000003 -0.012246182066934438
0.309375 -0.012047177333236028
0.284375 -0.011963337613819411
0.259375 -0.011808436411480248
0.234375 -0.011689149271937278
0.209375 -0.011718534040317169
0.184375 -0.011703849756302039
0.15937500000000002 -0.011615105636416776
0.134375 -0.011697278667755273
0.109375 -0.011724748962393741
0.084375 -0.011580164112818144
0.059375000000000004 -0.011703487638933224
0.034375 -0.011908524150912963
0.034375 -0.011908524150912963

-0.4431119750787874 -0.021875000000000002
-0.421875 -0.018266952036316175
-0.39687500000000003 -0.01956892637565033
-0.371875 -0.02131151401639686
-0.353125 -0.02325521330332347
-0.328125 -0.02707270449441036
-0.309375 -0.030484490980936706
-0.290625 -0.03446264555483541
-0.2715346001490061 -0.040625
-0.25893717382439296 -0.053125000000000006
-0.27187500000000003 -0.06135499936176677
-0.290625 -0.0658441600216435
-0.31562500000000004 -0.06786482744977405
-0.340625 -0.06701608611709031
-0.359375 -0.06452554823396499
-0.38136706774840273 -0.059375000000000004
-0.39931026788572266 -0.053125000000000006
-0.415625 -0.045274533622594766
-0.43152809412825616 -0.034375
-0.4431119750787874 -0.021875000000000002
-0.4431119750787874 -0.021875000000000002

0.49978752202619475 0.009375000000000001
0.49062500000000003 0.008271542354923396
0.49978752202619475 0.009375000000000001

-0.240625 0.013896143981965434
-0.265625 0.014100534939745973
-0.290625 0.01427254105988983
-0.31562500000000004 0.014554524536910462
-0.340625 0.014776224872303281
-0.36562500000000003 0.01499858040099231
-0.390625 0.015555137388483565
-0.37812500000000004 0.01965943238663976
-0.36511513145878033 0.028125
-0.359375 0.0445320388205459
-0.37022881742053493 0.059375000000000004
-0.384375 0.06851924146091799
-0.403125 0.07252791176382987
-0.421875 0.07171294259073262
-0.446875 0.06579540766692717
-0.4621060915220017 0.059375000000000004
-0.478125 0.05077312087194904
-0.49062500000000003 0.04000601702850556
-0.5027319212694451 0.021875000000000002
-0.5070655977468922 0.003125
-0.496875 -0.0084423701825279
-0.49062500000000003 -0.019774201287488052
-0.49062500000000003 7.737984736570346e-6
-0.484375 0.013484423808979785
-0.4766311714618663 0.003125
-0.453125 0.007541760912079967
-0.42812500000000003 0.007198325560235151
-0.403125 0.007025131358288484
-0.37812500000000004 0.007073246266903398
-0.353125 0.006936737780043391
-0.328125 0.006812625125971267
-0.30312500000000003 0.007132899126479664
-0.278125 0.0072711127191020285
-0.253125 0.00717139831528789
-0.22812500000000002 0.007345363649461757
-0.203125 0.007594253459107701
-0.178125 0.007607493944822516
-0.153125 0.007783010642007902
-0.12812500000000002 0.008174321570386136
-0.10312500000000001 0.008299793922489092
-0.078125 0.00836632643325738
-0.053125000000000006 0.008604782777228953
-0.028125 0.008813405251261525
-0.003125 0.008907568717800355
0.021875000000000002 0.009146948474313151
0.045742043357940305 0.009375000000000001
0.021875000000000002 0.010048192028420904
-0.003125 0.010660592772708878
-0.028125 0.010911532876118964
-0.053125000000000006 0.011383274939101427
-0.078125 0.01182565004255093
-0.10312500000000001 0.012021245196888028
-0.12812500000000002 0.012302799622429755
-0.153125 0.012888085311196446
-0.178125 0.013184911718603903
-0.203125 0.013355933579471718
-0.22812500000000002 0.013690231573188879
-0.240625 0.013896143981965434

0.034375 -0.01163981831373423
0.009375000000000001 -0.011683074138256292
-0.015625 -0.011770924336513751
-0.040625 -0.012044105251682025
-0.065625 -0.01203945538292632
-0.09062500000000001 -0.01205133378635184
-0.115625 -0.012395718746537259
-0.140625 -0.012647464507047682
-0.16562500000000002 -0.012767259287685951
-0.19062500000000002 -0.013048078670768012
-0.215625 -0.013344354876166281
-0.240625 -0.013354318787230623
-0.265625 -0.013603464963719239
-0.290625 -0.014008967157502189
-0.31562500000000004 -0.014285883908907792
-0.340625 -0.014533695230724602
-0.36562500000000003 -0.014897275782438508
-0.390625 -0.015131184000851401
-0.415625 -0.015217351279610979
-0.44062500000000004 -0.015444346383906935
-0.465625 -0.012576201637811079
-0.478125 -0.014342895722381125
-0.47187500000000004 -0.001694063776852522
-0.453125 -0.004487166138088859
-0.42812500000000003 -0.00577303365471812
-0.403125 -0.006134811998207567
-0.37812500000000004 -0.006343868369693912
-0.353125 -0.0068545474294978955
-0.328125 -0.007133963423038457
-0.30312500000000003 -0.00698999849846936
-0.278125 -0.007145446900852177
-0.253125 -0.0074263200941469985
-0.22812500000000002 -0.007401655029314015
-0.203125 -0.007462399196033362
-0.178125 -0.007740542340277156
-0.153125 -0.0077212304161774535
-0.12812500000000002 -0.00752704390449724
-0.10312500000000001 -0.007709798020508868
-0.078125 -0.00780263313803727
-0.053125000000000006 -0.007697788194892405
-0.028125 -0.007820632681648561
-0.003125 -0.00798228592798626
0.021875000000000002 -0.007759499065258571
0.046875 -0.00762820365285413
0.07187500000000001 -0.0077728559568590256
0.096875 -0.007633966012709328
0.12187500000000001 -0.007459675342184493
0.146875 -0.0075337702018769236
0.171875 -0.007376218112061218
0.19687500000000002 -0.006884810386513035
0.22187500000000002 -0.006638013366229242
0.246875 -0.006262034782904301
0.27187500000000003 -0.005502834818929589
0.296875 -0.004803425375816197
0.321875 -0.003522652992168078
0.340625 -0.0030094375090556555
0.36562500000000003 -0.0026521456267130624
0.390625 -0.002371872789525445
0.415625 -0.0022262020962815036
0.44062500000000004 -0.001849225606918054
0.465625 -0.002195213242638887
0.4827165117121797 -0.009375000000000001
0.49062500000000003 -0.0007051968742446063
0.5084176859516341 0.009375000000000001
0.5281250000000001 0.014021684714420172
0.546875 0.009244391251098324
0.5627508514790764 -0.003125
0.571875 -0.019861651295666527
0.5793510027417808 -0.034375
0.5876831701542036 -0.053125000000000006
0.5913383733868514 -0.07187500000000001
0.5886748789342003 -0.09062500000000001
0.578125 -0.10858957787685544
0.565625 -0.11977980060207769
0.5507129530187993 -0.12812500000000002
0.5331876153346014 -0.134375
0.509375 -0.1389468614344323
0.484375 -0.13998297782632255
0.45937500000000003 -0.13804708836453244
0.439402582991025 -0.134375
0.4172071415883032 -0.12812500000000002
0.4014014124738584 -0.12187500000000001
0.384375 -0.11216106344742412
0.371875 -0.09915291361431809
0.371875 -0.08147076812131558
0.384375 -0.06720114300451599
0.39687500000000003 -0.05821427338812018
0.415625 -0.04725769276576385
0.4282412946485084 -0.040625
0.446875 -0.03138856752135611
0.465625 -0.02201186119774856
0.47187500000000004 -0.015261787396350392
0.446875 -0.013411390261379066
0.421875 -0.013010666450077032
0.39687500000000003 -0.012568213013637735
0.371875 -0.012299796526328762
0.34687500000000004 -0.012097438108105093
0.321875 -0.011865748419084662
0.296875 -0.011738765781178228
0.27187500000000003 -0.011663028990167029
0.246875 -0.011504104180964682
0.22187500000000002 -0.011446163181612073
0.19687500000000002 -0.011444790664256464
0.171875 -0.01127733576937379
0.146875 -0.011272044421244215
0.12187500000000001 -0.011418810935239991
0.096875 -0.011435471105046608
0.07187500000000001 -0.011423877865648916
0.046875 -0.011625719237571162
0.034375 -0.01163981831373423

-0.44214317351032456 -0.021875000000000002
-0.421875 -0.0187819920468476
-0.39687500000000003 -0.020037202086825096
-0.371875 -0.021840710902753076
-0.353125 -0.02428845060797274
-0.32893295918554577 -0.028125
-0.309375 -0.03214642396615691
-0.290625 -0.037303500353516525
-0.27187500000000003 -0.04648723047783689
-0.278125 -0.05850498838166688
-0.296875 -0.06352977166916347
-0.31855702568608596 -0.065625
-0.33437500000000003 -0.06552103132069059
-0.359375 -0.06296122252766385
-0.37812500000000004 -0.05895528945447059
-0.39687500000000003 -0.05292727852480192
-0.415625 -0.04415141466105959
-0.43016849878164876 -0.034375
-0.44214317351032456 -0.021875000000000002
-0.44214317351032456 -0.021875000000000002

0.4997164191644366 0.009375000000000001
0.49062500000000003 0.00831702726427046
0.4997164191644366 0.009375000000000001

0.05568149465166148 0.009375000000000001
0.05568149465166148 0.009375000000000001
0.05568149465166148 0.009375000000000001

