x y
-0.415625 -0.07668085161447204
-0.434375 -0.07063276501448651
-0.453125 -0.0628608163299861
-0.469371792352737 -0.053125000000000006
-0.484375 -0.042536035268519644
-0.49525172917585647 -0.028125
-0.5022464221914817 -0.009375000000000001
-0.5009427117685992 0.015625
-0.49143301599185957 0.034375
-0.4783797837210044 0.046875
-0.465625 0.056150583478891174
-0.446875 0.06537954784752223
-0.4300957260170355 0.07187500000000001
-0.4094855464564031 0.078125
-0.390625 0.08258651458318253
-0.371875 0.08573890730855732
-0.34687500000000004 0.08868526775259251
-0.321875 0.0903053875410063
-0.30312500000000003 0.09088500518756004
-0.278125 0.09088658247337672
-0.259375 0.09041203161116443
-0.234375 0.08931949163320055
-0.209375 0.08772729099355583
-0.184375 0.08562374715817928
-0.16562500000000002 0.08363756451728228
-0.140625 0.08008848278874203
-0.12187500000000001 0.0760040051934475
-0.10395196715552232 0.065625
-0.12071719757903272 0.053125000000000006
-0.13907732085518595 0.046875
-0.15937500000000002 0.041551053920902595
-0.178125 0.037256818738559405
-0.19687500000000002 0.033299769046622775
-0.22187500000000002 0.028603967108805382
-0.240625 0.023311658289704065
-0.259375 0.020810432764144668
-0.284375 0.018792524057343763
-0.309375 0.016942796843392182
-0.321875 0.015607661391207972
-0.296875 0.015535810093454908
-0.27187500000000003 0.015488875999215432
-0.246875 0.015418416901538327
-0.22187500000000002 0.015359530712634892
-0.19687500000000002 0.01532792652096867
-0.171875 0.01528545627312184
-0.146875 0.015239889831113199
-0.12187500000000001 0.015227928255351752
-0.096875 0.015206132059286054
-0.07187500000000001 0.015152024770825397
-0.046875 0.015124897210244199
-0.021875000000000002 0.01511140666454306
0.003125 0.015075582792057046
0.028125 0.015050945971604897
0.053125000000000006 0.015058512246947127
0.078125 0.015033344958824264
0.10312500000000001 0.01499113862183157
0.12812500000000002 0.014985159123685279
0.153125 0.014976217001281733
0.178125 0.014947796018568927
0.203125 0.014948074499784046
0.22812500000000002 0.014962736956002233
0.253125 0.014936136699038767
0.278125 0.014919516104234122
0.30312500000000003 0.014934664712918953
0.328125 0.014934481992397584
0.353125 0.014933258985833565
0.37812500000000004 0.01497807480363831
0.403125 0.015027935802623044
0.42812500000000003 0.015079508086535572
0.453125 0.015386484554723577
0.4436889724417168 0.021875000000000002
0.42812500000000003 0.02965162603843221
0.40937500000000004 0.03798019283609873
0.390625 0.046280974438735495
0.3749545261341861 0.053125000000000006
0.359375 0.06017864269930001
0.340625 0.06919893440212023
0.32479310063818 0.078125
0.3135335963135417 0.09062500000000001
0.321875 0.10734135289220545
0.33437500000000003 0.1158180159274905
0.353125 0.12471989258763953
0.371875 0.13187714336825299
0.390625 0.13778195595940343
0.40937500000000004 0.14258912878351174
0.4320280369862905 0.146875
0.453125 0.14943715200874236
0.478125 0.15014538066925723
0.503125 0.147763847781233
0.521875 0.14334584681012877
0.540625 0.13515095059487592
0.553125 0.12577332593347645
0.5638688606211814 0.109375
0.565625 0.09068125176252459
0.5593750000000001 0.0721478249319777
0.5512464295815453 0.059375000000000004
0.540476989081568 0.046875
0.5281250000000001 0.03405356306446084
0.515625 0.020928851370234702
0.503125 0.007145192344547652
0.5072851495757008 -0.009375000000000001
0.5170672306964926 -0.021875000000000002
0.5285947922315122 -0.034375
0.540625 -0.04710771583723047
0.553125 -0.06248858970170429
0.5623196165443674 -0.078125
0.5660347179181042 -0.096875
0.5610202946414105 -0.115625
0.550554716710515 -0.12812500000000002
0.534375 -0.1384607193598942
0.515625 -0.14514259715143213
0.496875 -0.1487175967483004
0.47187500000000004 -0.15022505656067142
0.446875 -0.14886067814139095
0.42812500000000003 -0.14627703277451706
0.403125 -0.1410926029974059
0.384375 -0.13594525173297595
0.36562500000000003 -0.1296628380981557
0.34687500000000004 -0.12206004548902939
0.33397604021164945 -0.115625
0.3171397628488359 -0.10312500000000001
0.31562500000000004 -0.08734198898103614
0.328125 -0.07620394983808713
0.34687500000000004 -0.0659598644427618
0.36093920109850597 -0.059375000000000004
0.37812500000000004 -0.05182445216514105
0.39687500000000003 -0.0435531010795797
0.415625 -0.03518303225088694
0.4313224785653556 -0.028125
0.446875 -0.02102590128256902
0.446875 -0.01521354334267814
0.421875 -0.015082843723448595
0.39687500000000003 -0.014981596812647416
0.371875 -0.0149581806486299
0.34687500000000004 -0.014947436973677173
0.321875 -0.014923271414325883
0.296875 -0.014929699362277454
0.27187500000000003 -0.014953749545363163
0.246875 -0.01493747631251255
0.22187500000000002 -0.014929699865158224
0.19687500000000002 -0.014954435424284535
0.171875 -0.014962508541297062
0.146875 -0.014963667899330848
0.12187500000000001 -0.015000942284383829
0.096875 -0.015027289044967796
0.07187500000000001 -0.015017225111900736
0.046875 -0.01503628604600352
0.021875000000000002 -0.015070975026835236
-0.003125 -0.015082654008960802
-0.028125 -0.015104107166291465
-0.053125000000000006 -0.015156231377135627
-0.078125 -0.015178108039010006
-0.10312500000000001 -0.015183589687822064
-0.12812500000000002 -0.015223663790229684
-0.153125 -0.015263086802942279
-0.178125 -0.015287475479298228
-0.203125 -0.015335760803092699
-0.22812500000000002 -0.015398297907184865
-0.253125 -0.015431109588678639
-0.278125 -0.015476849648417185
-0.30312500000000003 -0.015555397045232271
-0.32530537815154525 -0.015625
-0.30312500000000003 -0.017285803133502014
-0.278125 -0.01940919673535609
-0.253125 -0.02127223120539442
-0.234375 -0.025161466374490397
-0.215625 -0.02976876694725313
-0.1912472929833309 -0.034375
-0.171875 -0.03863238833315689
-0.153125 -0.04323667253144977
-0.134375 -0.04857026698094738
-0.115625 -0.05589145565821154
-0.109375 -0.07165222747793294
-0.12812500000000002 -0.07773360423544673
-0.146875 -0.08108818395117581
-0.171875 -0.08435765858687988
-0.19062500000000002 -0.0862012181612028
-0.215625 -0.08817175468198853
-0.240625 -0.08964090504099036
-0.265625 -0.09060064291712915
-0.284375 -0.09096321520277341
-0.309375 -0.09074417030831775
-0.328125 -0.0900009559478217
-0.353125 -0.08809636460847535
-0.37812500000000004 -0.08468629036765364
-0.39687500000000003 -0.08135636848653638
-0.415625 -0.07668085161447204
-0.415625 -0.07668085161447204

-0.353125 0.006323138280908038
-0.37812500000000004 0.006257669754210226
-0.403125 0.006206902272858066
-0.42812500000000003 0.006256150831550705
-0.453125 0.006296555711814358
-0.47611967383695714 0.003125
-0.45937500000000003 -0.004864401000134257
-0.434375 -0.006269130826794336
-0.40937500000000004 -0.00625414037733904
-0.384375 -0.00628305617954577
-0.359375 -0.00625438729203448
-0.33437500000000003 -0.006298057339697523
-0.309375 -0.006354342693125118
-0.284375 -0.006336941725180653
-0.259375 -0.0063475075325311586
-0.234375 -0.0063974201615277955
-0.209375 -0.006379351310197942
-0.184375 -0.006358832612347482
-0.15937500000000002 -0.006419041825005681
-0.134375 -0.006441656643517804
-0.109375 -0.006414322549872142
-0.084375 -0.0064462366844576045
-0.059375000000000004 -0.006477812595673265
-0.034375 -0.006434539401729939
-0.009375000000000001 -0.006438919303151796
0.015625 -0.006501744135453359
0.040625 -0.006492984492467124
0.065625 -0.00647220983295255
0.09062500000000001 -0.006514997806664395
0.115625 -0.0065165247590326415
0.140625 -0.0064682837964817955
0.16562500000000002 -0.006497514114526188
0.19062500000000002 -0.006538167357882963
0.215625 -0.006505230519429545
0.240625 -0.006501452141855652
0.265625 -0.006535746087165408
0.290625 -0.006499415634697789
0.31562500000000004 -0.006460362139313251
0.340625 -0.006500890368435626
0.36562500000000003 -0.006499142669754937
0.390625 -0.006442716196489841
0.415625 -0.006445217333336264
0.44062500000000004 -0.006356607294206704
0.465625 -0.0069396524665831455
0.484375 -0.011897889082134789
0.4847026036866889 0.009375000000000001
0.47187500000000004 0.005976112792943014
0.446875 0.006422637844292295
0.421875 0.006395234270925731
0.39687500000000003 0.006484148748106787
0.371875 0.006475707012809471
0.34687500000000004 0.006472342437463515
0.321875 0.0065206869595102225
0.296875 0.006509424432083041
0.27187500000000003 0.006469133328423818
0.246875 0.006510642397488204
0.22187500000000002 0.006537047068509669
0.19687500000000002 0.0064986183979450045
0.171875 0.006506559192474761
0.146875 0.006534208667943122
0.12187500000000001 0.006486127036522468
0.096875 0.0064623705694819115
0.07187500000000001 0.006511349036772895
0.046875 0.006501487849413725
0.021875000000000002 0.0064595788709085195
-0.003125 0.006483335215368676
-0.028125 0.006484900137984454
-0.053125000000000006 0.006420519505110016
-0.078125 0.006422711524017811
-0.10312500000000001 0.006461253672585562
-0.12812500000000002 0.006424046714322198
-0.153125 0.0063969524251631365
-0.178125 0.006423422711886737
-0.203125 0.0063925915935725795
-0.22812500000000002 0.00633595261020997
-0.253125 0.006361283949497682
-0.278125 0.0063710645295167396
-0.30312500000000003 0.0063181193727993076
-0.328125 0.006312163526292022
-0.353125 0.006323138280908038
-0.353125 0.006323138280908038

-0.482973499712373 0.015625
-0.4814917224732048 -0.009375000000000001
-0.4854038443970339 -0.009375000000000001
-0.48487787699638135 0.015625
-0.482973499712373 0.015625

0.460970486076118 -0.015625
0.460970486076118 -0.015625
0.460970486076118 -0.015625

0.46607867501197375 0.015625
0.46607867501197375 0.015625
0.46607867501197375 0.015625

0.465625 0.1421310379853614
0.446875 0.14040135060158615
0.421875 0.135730852132421
0.403125 0.13038266297248108
0.384375 0.12322187858960365
0.3693138178061865 0.115625
0.3538787820365877 0.10312500000000001
0.35172748556934647 0.084375
0.36319144177416385 0.07187500000000001
0.37812500000000004 0.06162567768219292
0.3919017940582195 0.053125000000000006
0.40937500000000004 0.04340305612858417
0.425771352800001 0.034375
0.44062500000000004 0.026475693682838794
0.45937500000000003 0.0166236661109994
0.45937500000000003 0.015536918974425364
0.434375 0.014994898936879093
0.40937500000000004 0.014873325481690843
0.384375 0.014825599589170702
0.359375 0.014827523349868761
0.33437500000000003 0.014799276944558296
0.309375 0.014770186564056726
0.284375 0.014784337199004804
0.259375 0.014789873834828604
0.234375 0.014780715438939397
0.209375 0.014808155910588603
0.184375 0.01483871302961532
0.15937500000000002 0.014825989555037678
0.134375 0.014834935340567994
0.109375 0.014870445800644913
0.084375 0.014882589553016416
0.059375000000000004 0.014896287723221269
0.034375 0.014948041227155864
0.009375000000000001 0.014975981944555038
-0.015625 0.014974350300474068
-0.040625 0.015009189408116474
-0.065625 0.015051295868779398
-0.09062500000000001 0.015071063871363196
-0.115625 0.015109401511879398
-0.140625 0.015171756700634215
-0.16562500000000002 0.015199331158172128
-0.19062500000000002 0.015223948949051703
-0.215625 0.015282546255744094
-0.240625 0.015336417061879024
-0.265625 0.015384643539470333
-0.290625 0.015466085585297388
-0.31562500000000004 0.015560197008531947
-0.33461690256081467 0.015625
-0.31562500000000004 0.017139544757616323
-0.290625 0.01965741080710153
-0.26721960962545976 0.021875000000000002
-0.246875 0.02790010070270489
-0.22812500000000002 0.031892272735919124
-0.209375 0.036299900557605444
-0.19062500000000002 0.041248933924167466
-0.171875 0.04760903456321178
-0.15369577124684067 0.059375000000000004
-0.1703979335372611 0.07187500000000001
-0.19062500000000002 0.07618980270798999
-0.209375 0.07904995053297227
-0.234375 0.08183345696874966
-0.259375 0.08386507654160537
-0.278125 0.08501444385466778
-0.30312500000000003 0.08595673571569477
-0.328125 0.08597007564548244
-0.353125 0.08477770696862963
-0.371875 0.08307118097642613
-0.39687500000000003 0.0793051689252301
-0.415625 0.07527699339981257
-0.434375 0.06969753274862503
-0.453125 0.06223012825715482
-0.4688638021724057 0.053125000000000006
-0.484375 0.04238037926932449
-0.49523303665983914 0.028125
-0.5022462353413223 0.009375000000000001
-0.5009410109614785 -0.015625
-0.49139504433404774 -0.034375
-0.47816434881233816 -0.046875
-0.465625 -0.05574010540971569
-0.446875 -0.06477589430136176
-0.42812500000000003 -0.07150768148276562
-0.40937500000000004 -0.07671239176134484
-0.390625 -0.08048151534435992
-0.36562500000000003 -0.08371019573814126
-0.34687500000000004 -0.0852101372407132
-0.321875 -0.08606706192219533
-0.296875 -0.08579938396543507
-0.27187500000000003 -0.08465847381335072
-0.253125 -0.08342052942043476
-0.22812500000000002 -0.08121462936429237
-0.203125 -0.07821469321682221
-0.184375 -0.07500696907422015
-0.16562500000000002 -0.07005252773187896
-0.15937500000000002 -0.053865190944615185
-0.17329196486762932 -0.046875
-0.1924118280438393 -0.040625
-0.215625 -0.034692553074139876
-0.234375 -0.030631336461559792
-0.253125 -0.025894737668665808
-0.27187500000000003 -0.0212937534803879
-0.296875 -0.019142863771172112
-0.321875 -0.017024942359957846
-0.33437500000000003 -0.015624231884801464
-0.309375 -0.01551293120868644
-0.284375 -0.015444037444373842
-0.259375 -0.015378947033185448
-0.234375 -0.015310504886591251
-0.209375 -0.015274919911452585
-0.184375 -0.015244029431194467
-0.15937500000000002 -0.015179155002918996
-0.134375 -0.015133481303858701
-0.109375 -0.01510988623449066
-0.084375 -0.015066653453254268
-0.059375000000000004 -0.015026281642564017
-0.034375 -0.015023053380077712
-0.009375000000000001 -0.014996163954591043
0.015625 -0.014940754234146338
0.040625 -0.014921269262694119
0.065625 -0.01490801875960226
0.09062500000000001 -0.014870111380318119
0.115625 -0.014853937700157851
0.140625 -0.0148647370069896
0.16562500000000002 -0.014834070328482989
0.19062500000000002 -0.014798967009661807
0.215625 -0.014802061261677737
0.240625 -0.014793826042604314
0.265625 -0.014771605591635026
0.290625 -0.014788554313432027
0.31562500000000004 -0.014808892060570056
0.340625 -0.014789753185885449
0.36562500000000003 -0.014799925147130667
0.390625 -0.014847032393271408
0.415625 -0.014895073690821395
0.44062500000000004 -0.015071272700179338
0.465625 -0.015343370079474112
0.453125 -0.01990745936700464
0.4376977520528275 -0.028125
0.421875 -0.036591835650691185
0.403125 -0.04678625404249664
0.390625 -0.05397070442477607
0.371875 -0.0655661603994838
0.359375 -0.07550905691696978
0.34959780155081877 -0.09062500000000001
0.359375 -0.10854972116397908
0.371875 -0.11701188182355918
0.390625 -0.1258361295178343
0.40937500000000004 -0.13234913397794007
0.42812500000000003 -0.1371762736441068
0.4487693181066193 -0.140625
0.47187500000000004 -0.14232448185557642
0.496875 -0.1408305720721469
0.515625 -0.1369767454989895
0.534375 -0.1292360720914068
0.546875 -0.12014586342645281
0.5580750449314945 -0.10312500000000001
0.5596194832711584 -0.084375
0.553125 -0.06624029512877574
0.54460178418582 -0.053125000000000006
0.5338219685970327 -0.040625
0.521875 -0.027866286357267345
0.509375 -0.014089292574060223
0.4999869292377673 0.003125
0.5117628113050539 0.015625
0.5222592736644533 0.028125
0.534375 0.041508296758483075
0.546875 0.05676533761452144
0.5560768630942869 0.07187500000000001
0.5601165634434604 0.09062500000000001
0.555304689665879 0.109375
0.5449398309161934 0.12187500000000001
0.5281250000000001 0.13238979562546482
0.509375 0.13861027582192773
0.49062500000000003 0.14157958279538263
0.465625 0.1421310379853614
0.465625 0.1421310379853614

-0.353125 0.006343283505663324
-0.37812500000000004 0.0062745026212051875
-0.403125 0.006220348392183238
-0.42812500000000003 0.006266168868057755
-0.453125 0.006302793442441278
-0.47612595982046485 0.003125
-0.45937500000000003 -0.004870089160673757
-0.434375 -0.006278200973362362
-0.40937500000000004 -0.006266741837392693
-0.384375 -0.0062990447902203555
-0.359375 -0.0062737151298662645
-0.33437500000000003 -0.0063206581980076
-0.309375 -0.006380146753742341
-0.284375 -0.006365908722786013
-0.259375 -0.006379569458218061
-0.234375 -0.006432483371025956
-0.209375 -0.0064173637693411625
-0.184375 -0.006399732188237667
-0.15937500000000002 -0.00646273829510453
-0.134375 -0.006488078088709273
-0.109375 -0.006463426661278623
-0.084375 -0.006497897574105165
-0.059375000000000004 -0.006531927509033569
-0.034375 -0.006491049898087984
-0.009375000000000001 -0.006497725181618062
0.015625 -0.0065627173377207585
0.040625 -0.006556053066461095
0.065625 -0.006537283554131834
0.09062500000000001 -0.006581883162354279
0.115625 -0.00658510999065095
0.140625 -0.006538462486753372
0.16562500000000002 -0.006569114315798468
0.19062500000000002 -0.006611009691075898
0.215625 -0.0065792002372412495
0.240625 -0.0065763287484006516
0.265625 -0.006611251489141868
0.290625 -0.006575352576257637
0.31562500000000004 -0.006536459813696971
0.340625 -0.006576774307378913
0.36562500000000003 -0.006574417142565559
0.390625 -0.006516905358228464
0.415625 -0.006517473682630682
0.44062500000000004 -0.006425652441415892
0.465625 -0.007002498939088381
0.484375 -0.012111470490025736
0.4847303399309385 0.009375000000000001
0.47187500000000004 0.006034424956056446
0.446875 0.006490658899401449
0.421875 0.006466825449233606
0.39687500000000003 0.006557883328599539
0.371875 0.006550787207676878
0.34687500000000004 0.00654816181324255
0.321875 0.006596738688453032
0.296875 0.006585420114447165
0.27187500000000003 0.006544787168192703
0.246875 0.006585664770205835
0.22187500000000002 0.006611230036975019
0.19687500000000002 0.006571805640326709
0.171875 0.00657850390388327
0.146875 0.006604731151831184
0.12187500000000001 0.006555131679201217
0.096875 0.006529696747031079
0.07187500000000001 0.006576846146002787
0.046875 0.0065650659526723144
0.021875000000000002 0.006521133633007239
-0.003125 0.006542689541069113
-0.028125 0.006541979417649365
-0.053125000000000006 0.00647525422691423
-0.078125 0.006474984914216041
-0.10312500000000001 0.00651097576414615
-0.12812500000000002 0.0064711633939783155
-0.153125 0.0064413634842111715
-0.178125 0.006465017863606879
-0.203125 0.006431331263544032
-0.22812500000000002 0.006371765744548206
-0.253125 0.00639408846040377
-0.278125 0.006400803073466348
-0.30312500000000003 0.006344738931795807
-0.328125 0.006335575816286176
-0.353125 0.006343283505663324
-0.353125 0.006343283505663324

-0.48296599702518656 0.015625
-0.48149028581403036 -0.009375000000000001
-0.4854043570423579 -0.009375000000000001
-0.48488056906061455 0.015625
-0.48296599702518656 0.015625

0.4038491286113817 0.053125000000000006
0.421875 0.040935855280058074
0.434375 0.03315564107097179
0.4521790354704742 0.021875000000000002
0.46723967766493163 0.015625
0.446875 0.014944531314849577
0.421875 0.014808616809556398
0.39687500000000003 0.014695627620217755
0.371875 0.014669034953538343
0.34687500000000004 0.01465638465074687
0.321875 0.014627674793074986
0.296875 0.014635109075271116
0.27187500000000003 0.014663295485075408
0.246875 0.014646124824477372
0.22187500000000002 0.014639301828833029
0.19687500000000002 0.014670502959945837
0.171875 0.014682279016201494
0.146875 0.014686227644687966
0.12187500000000001 0.01473218569199505
0.096875 0.01476599279076811
0.07187500000000001 0.01475913301233898
0.046875 0.014785737102531359
0.021875000000000002 0.014830451253777585
-0.003125 0.014848381602871594
-0.028125 0.014877812772687248
-0.053125000000000006 0.014942018477331686
-0.078125 0.014972602568773013
-0.10312500000000001 0.014985324901241706
-0.12812500000000002 0.01503685630501
-0.153125 0.015087474726952679
-0.178125 0.015120840696992873
-0.203125 0.01518089004377465
-0.22812500000000002 0.015256316356222006
-0.253125 0.015299244520182692
-0.278125 0.015355995593286528
-0.30312500000000003 0.01544771916257946
-0.328125 0.015542910592081887
-0.340625 0.016114102151388046
-0.31562500000000004 0.018319434007309225
-0.290625 0.0211024540866945
-0.27187500000000003 0.02506814757805668
-0.253125 0.030447939041269214
-0.234375 0.035035555534472
-0.21521638128617765 0.040625
-0.19687500000000002 0.04868255659530911
-0.19062500000000002 0.06173908736842647
-0.209375 0.06984378681608726
-0.22812500000000002 0.073731257292135
-0.253125 0.0771655460082085
-0.27187500000000003 0.07908685626479348
-0.296875 0.0810169895892507
-0.321875 0.08208155619465418
-0.34687500000000004 0.08206022660514548
-0.371875 0.08066029516088694
-0.3919982059798384 0.078125
-0.415625 0.07387303862361745
-0.434375 0.06876220039855262
-0.453125 0.06159932089112284
-0.4683556185500079 0.053125000000000006
-0.484375 0.04222456856903644
-0.4952142477976484 0.028125
-0.5022459676864595 0.009375000000000001
-0.5009394334283108 -0.015625
-0.4913571545224219 -0.034375
-0.478125 -0.04677478941867732
-0.465625 -0.0553297562882778
-0.446875 -0.06417233403671863
-0.42812500000000003 -0.07056222073153448
-0.40937500000000004 -0.07527321743224075
-0.390625 -0.0783766048356624
-0.36562500000000003 -0.08115973414667228
-0.340625 -0.08218243075471567
-0.31562500000000004 -0.08190675621086489
-0.290625 -0.08060999031767543
-0.265625 -0.07848081027026087
-0.246875 -0.07642277782312111
-0.22187500000000002 -0.07265509883170132
-0.203125 -0.06805225967592424
-0.18793317186447575 -0.059375000000000004
-0.1994042294023557 -0.046875
-0.215625 -0.04051073708756864
-0.23653366665042325 -0.034375
-0.259375 -0.029014060662819377
-0.278125 -0.023541129227057596
-0.296875 -0.020494237664248037
-0.321875 -0.018063714795536024
-0.345073634922723 -0.015625
-0.321875 -0.015508208340334145
-0.296875 -0.01542460558651014
-0.27187500000000003 -0.01536709864049185
-0.246875 -0.015283712177439698
-0.22187500000000002 -0.015212365007473054
-0.19687500000000002 -0.015171061366617567
-0.171875 -0.01511731809981372
-0.146875 -0.015059651713645468
-0.12187500000000001 -0.015039381808224297
-0.096875 -0.015008586114130567
-0.07187500000000001 -0.014942020486478346
-0.046875 -0.014905740855240669
-0.021875000000000002 -0.014885423863847488
0.003125 -0.014839222371767042
0.028125 -0.014805755567819809
0.053125000000000006 -0.014809132752570507
0.078125 -0.014776133636786953
0.10312500000000001 -0.014724005312358079
0.12812500000000002 -0.014713765464393106
0.153125 -0.014700541048621852
0.178125 -0.014664434676773475
0.203125 -0.014661749277813116
0.22812500000000002 -0.014676146305757634
0.253125 -0.014644142432190772
0.278125 -0.014623969647307783
0.30312500000000003 -0.01464139788019545
0.328125 -0.014641057549378765
0.353125 -0.014639470825024797
0.37812500000000004 -0.014691164809328916
0.403125 -0.01474811901582207
0.42812500000000003 -0.014803794468722787
0.453125 -0.01511661001580762
0.465625 -0.01755246646010244
0.446875 -0.02555635568140749
0.43212099310726965 -0.034375
0.415625 -0.04509549337227552
0.403125 -0.05374079994546287
0.38808495383962505 -0.065625
0.3771064414615665 -0.078125
0.37812500000000004 -0.10171429492671591
0.390625 -0.11265736320627355
0.40832575714401953 -0.12187500000000001
0.4263041044732531 -0.12812500000000002
0.446875 -0.13284774449072934
0.465625 -0.13505052174344107
0.49062500000000003 -0.13475287317115142
0.509375 -0.13163355563814988
0.5281250000000001 -0.12467861238462905
0.5413449458864811 -0.115625
0.553125 -0.09831148684462719
0.554602061719634 -0.078125
0.547037545398341 -0.059375000000000004
0.5383727319812258 -0.046875
0.5275524898852506 -0.034375
0.515625 -0.021241352142299275
0.503125 -0.007178383781758682
0.5072195299463993 0.009375000000000001
0.5165876503169415 0.021875000000000002
0.5281250000000001 0.03534069180782452
0.540625 0.05042551454542793
0.5505072467729966 0.065625
0.5553100711981116 0.084375
0.5511234003785204 0.10312500000000001
0.540625 0.11627852809781718
0.521875 0.12749727583301373
0.503125 0.1330064264079184
0.484375 0.13522222537230255
0.45937500000000003 0.13450669205962015
0.44062500000000004 0.13167852900258364
0.421875 0.1267906088530305
0.403125 0.11952989247088625
0.38577403420143336 0.109375
0.37495393663693 0.096875
0.37812500000000004 0.07691701179026622
0.390625 0.0636572430158795
0.4038491286113817 0.053125000000000006
0.4038491286113817 0.053125000000000006

-0.353125 0.00636342873041861
-0.37812500000000004 0.006291335488200148
-0.403125 0.006233794511508411
-0.42812500000000003 0.0062761869045648054
-0.453125 0.006309031173068198
-0.47613224580397256 0.003125
-0.45937500000000003 -0.004875777321213256
-0.434375 -0.006287271119930389
-0.40937500000000004 -0.006279343297446344
-0.384375 -0.006315033400894942
-0.359375 -0.00629304296769805
-0.33437500000000003 -0.006343259056317678
-0.309375 -0.0064059508143595656
-0.284375 -0.0063948757203913745
-0.259375 -0.006411631383904964
-0.234375 -0.006467546580524115
-0.209375 -0.006455376228484384
-0.184375 -0.0064406317641278535
-0.15937500000000002 -0.00650643476520338
-0.134375 -0.006534499533900742
-0.109375 -0.006512530772685104
-0.084375 -0.006549558463752726
-0.059375000000000004 -0.006586042422393872
-0.034375 -0.00654756039444603
-0.009375000000000001 -0.006556531060084328
0.015625 -0.006623690539988158
0.040625 -0.006619121640455067
0.065625 -0.006602357275311116
0.09062500000000001 -0.006648768518044164
0.115625 -0.006653695222269258
0.140625 -0.006608641177024949
0.16562500000000002 -0.00664071451707075
0.19062500000000002 -0.006683852024268833
0.215625 -0.006653169955052956
0.240625 -0.006651205354945651
0.265625 -0.006686756891118329
0.290625 -0.0066512895178174845
0.31562500000000004 -0.00661255748808069
0.340625 -0.006652658246322199
0.36562500000000003 -0.00664969161537618
0.390625 -0.006591094519967087
0.415625 -0.006589730031925101
0.44062500000000004 -0.00649469758862508
0.465625 -0.0070653454115936175
0.484375 -0.012325051897916682
0.4847580761751882 0.009375000000000001
0.47187500000000004 0.006092737119169879
0.446875 0.006558679954510603
0.421875 0.00653841662754148
0.39687500000000003 0.006631617909092291
0.371875 0.006625867402544285
0.34687500000000004 0.006623981189021584
0.321875 0.006672790417395843
0.296875 0.006661415796811289
0.27187500000000003 0.006620441007961588
0.246875 0.006660687142923465
0.22187500000000002 0.006685413005440368
0.19687500000000002 0.006644992882708414
0.171875 0.006650448615291778
0.146875 0.006675253635719244
0.12187500000000001 0.0066241363218799655
0.096875 0.006597022924580247
0.07187500000000001 0.00664234325523268
0.046875 0.0066286440559309035
0.021875000000000002 0.006582688395105959
-0.003125 0.00660204386676955
-0.028125 0.006599058697314276
-0.053125000000000006 0.006529988948718443
-0.078125 0.00652725830441427
-0.10312500000000001 0.006560697855706737
-0.12812500000000002 0.006518280073634433
-0.153125 0.006485774543259206
-0.178125 0.00650661301532702
-0.203125 0.006470070933515486
-0.22812500000000002 0.006407578878886442
-0.253125 0.006426892971309859
-0.278125 0.006430541617415957
-0.30312500000000003 0.0063713584907923075
-0.328125 0.006358988106280331
-0.353125 0.00636342873041861
-0.353125 0.00636342873041861

-0.4829584943380001 0.015625
-0.4814888491548559 -0.009375000000000001
-0.485404869687682 -0.009375000000000001
-0.4848832611248477 0.015625
-0.4829584943380001 0.015625

-0.33437500000000003 -0.07880154777144366
-0.359375 -0.07884986227600013
-0.37812500000000004 -0.07781178309531961
-0.403125 -0.07494441117971465
-0.421875 -0.07107384451683053
-0.44062500000000004 -0.06552305879605642
-0.45937500000000003 -0.05809348208059166
-0.4775912188458317 -0.046875
-0.49062500000000003 -0.035965943744528606
-0.49891041070452496 -0.021875000000000002
-0.49997363178155985 0.003125
-0.496875 0.02688870297035472
-0.48529535301998744 0.040625
-0.47187500000000004 0.05131632344695077
-0.4557823942434383 0.059375000000000004
-0.44021348584349723 0.065625
-0.41776316322878143 0.07187500000000001
-0.39687500000000003 0.07586650890311941
-0.3733888307103065 0.078125
-0.353125 0.07898175549056785
-0.328125 0.07857076102374778
-0.309375 0.0775119745037113
-0.284375 0.07533598786998058
-0.259375 0.07215120153575004
-0.240625 0.06869496733710764
-0.22187500000000002 0.06279351430801458
-0.215625 0.05157759034967594
-0.23350223990463545 0.040625
-0.2524230322615767 0.034375
-0.27187500000000003 0.02930652894578415
-0.290625 0.023561466349894904
-0.309375 0.020474443782667596
-0.33437500000000003 0.017517220153498776
-0.3536972402495295 0.015625
-0.33437500000000003 0.015531719708066064
-0.309375 0.015407146278831208
-0.284375 0.015327185671075246
-0.259375 0.015250378036030465
-0.234375 0.015169012066327484
-0.209375 0.01512324818165706
-0.184375 0.015082655195014505
-0.15937500000000002 0.015004967169647245
-0.134375 0.014948310897444082
-0.109375 0.014916453717112343
-0.084375 0.014862211445014213
-0.059375000000000004 0.014811132790767947
-0.034375 0.014801709270981102
-0.009375000000000001 0.014766387837721735
0.015625 0.014699424038751165
0.040625 0.014673145855943332
0.065625 0.014654250979362342
0.09062500000000001 0.014606900479343227
0.115625 0.014584566037364764
0.140625 0.014593109834987303
0.16562500000000002 0.014555472899320925
0.19062500000000002 0.01451312733885269
0.215625 0.014514951927258934
0.240625 0.014503861302549503
0.265625 0.0144767342432211
0.290625 0.014494917118968949
0.31562500000000004 0.014517570920639197
0.340625 0.014496106451391932
0.36562500000000003 0.01450837041591721
0.390625 0.0145630052681973
0.415625 0.014615921795065661
0.44062500000000004 0.014804587339825656
0.465625 0.015027132588497463
0.45489101710695534 0.021875000000000002
0.44062500000000004 0.03216311312727877
0.42812500000000003 0.040982327130228285
0.41281703245490464 0.053125000000000006
0.4002484286458329 0.065625
0.39068741281396874 0.084375
0.39827209217076165 0.10312500000000001
0.415625 0.11506491779555028
0.4323736108049562 0.12187500000000001
0.453125 0.1270206982822316
0.47187500000000004 0.12909720650266182
0.49518719144146195 0.12812500000000002
0.515625 0.1234373432633112
0.5313379242516117 0.115625
0.54442562776064 0.10312500000000001
0.5512059143621629 0.084375
0.546875 0.06335164946147168
0.537319752064066 0.046875
0.5271114331198445 0.034375
0.515625 0.02139962827438647
0.503125 0.00719682837731928
0.5071888605847199 -0.009375000000000001
0.5163506145824328 -0.021875000000000002
0.5281250000000001 -0.03608105860786355
0.540625 -0.05208337266738664
0.5481302789664801 -0.065625
0.5502007165617111 -0.09062500000000001
0.540625 -0.1078425155850861
0.5281250000000001 -0.11771825243126863
0.509375 -0.1254189464014791
0.49062500000000003 -0.12869754031961117
0.465625 -0.1286567565943766
0.446875 -0.12581645419911455
0.42812500000000003 -0.12041914784840062
0.40937500000000004 -0.11157135387056275
0.39687500000000003 -0.1013968129410513
0.3922516246481521 -0.078125
0.403125 -0.06276002661848688
0.415625 -0.05096981045332405
0.428513776356409 -0.040625
0.44663090944505957 -0.028125
0.45937500000000003 -0.019350011790518568
0.45937500000000003 -0.01529640127080462
0.434375 -0.014723114814548697
0.40937500000000004 -0.014591552411619142
0.384375 -0.014537618848516618
0.359375 -0.014539183462125568
0.33437500000000003 -0.014506715761772686
0.309375 -0.014473900395088016
0.284375 -0.01449100385958314
0.259375 -0.014498171355806541
0.234375 -0.014488634372318366
0.209375 -0.014521674407045604
0.184375 -0.014558536368850423
0.15937500000000002 -0.01454710829059093
0.134375 -0.014560751446299841
0.109375 -0.014604904851120865
0.084375 -0.014621969433098016
0.059375000000000004 -0.0146412709288303
0.034375 -0.014703891194564288
0.009375000000000001 -0.014739973952573407
-0.015625 -0.01474353454108231
-0.040625 -0.014788249523517845
-0.065625 -0.014841037213229777
-0.09062500000000001 -0.014868322159227548
-0.115625 -0.014916816068514612
-0.140625 -0.014991856648222755
-0.16562500000000002 -0.01502876085927689
-0.19062500000000002 -0.0150626765207677
-0.215625 -0.015133848713363712
-0.240625 -0.015199170518545514
-0.265625 -0.015257811513102909
-0.290625 -0.015352214472216087
-0.31562500000000004 -0.015459255849103976
-0.340625 -0.015554351381148298
-0.353125 -0.01572774910470418
-0.328125 -0.018316791265816413
-0.30312500000000003 -0.021138354529296282
-0.284375 -0.025596420504422145
-0.265625 -0.03096546265724056
-0.246875 -0.036252311255050844
-0.22812500000000002 -0.04328695264956939
-0.21384991482345883 -0.053125000000000006
-0.22812500000000002 -0.06555453813716536
-0.246875 -0.069991854574437
-0.265625 -0.07305527824709052
-0.290625 -0.07596769284237119
-0.31562500000000004 -0.07791099595047361
-0.33437500000000003 -0.07880154777144366
-0.33437500000000003 -0.07880154777144366

-0.353125 0.006383573955173897
-0.37812500000000004 0.006308168355195109
-0.403125 0.006247240630833583
-0.42812500000000003 0.006286204941071856
-0.453125 0.006315268903695118
-0.4761385317874802 0.003125
-0.45937500000000003 -0.0048814654817527555
-0.434375 -0.006296341266498415
-0.40937500000000004 -0.0062919447574999975
-0.384375 -0.006331022011569527
-0.359375 -0.006312370805529835
-0.33437500000000003 -0.006365859914627757
-0.309375 -0.006431754874976789
-0.284375 -0.006423842717996736
-0.259375 -0.006443693309591868
-0.234375 -0.0065026097900222745
-0.209375 -0.006493388687627605
-0.184375 -0.006481531340018039
-0.15937500000000002 -0.006550131235302229
-0.134375 -0.006580920979092211
-0.109375 -0.006561634884091585
-0.084375 -0.006601219353400285
-0.059375000000000004 -0.006640157335754175
-0.034375 -0.006604070890804075
-0.009375000000000001 -0.006615336938550594
0.015625 -0.006684663742255558
0.040625 -0.006682190214449038
0.065625 -0.006667430996490399
0.09062500000000001 -0.006715653873734049
0.115625 -0.006722280453887567
0.140625 -0.006678819867296524
0.16562500000000002 -0.0067123147183430305
0.19062500000000002 -0.006756694357461768
0.215625 -0.00672713967286466
0.240625 -0.006726081961490651
0.265625 -0.0067622622930947895
0.290625 -0.006727226459377334
0.31562500000000004 -0.006688655162464412
0.340625 -0.006728542185265486
0.36562500000000003 -0.006724966088186802
0.390625 -0.00666528368170571
0.415625 -0.0066619863812195194
0.44062500000000004 -0.0065637427358342685
0.465625 -0.007128191884098852
0.484375 -0.01253863330580763
0.4847858124194378 0.009375000000000001
0.47187500000000004 0.006151049282283312
0.446875 0.006626701009619757
0.421875 0.006610007805849354
0.39687500000000003 0.006705352489585044
0.371875 0.006700947597411692
0.34687500000000004 0.006699800564800619
0.321875 0.006748842146338653
0.296875 0.006737411479175414
0.27187500000000003 0.006696094847730474
0.246875 0.006735709515641094
0.22187500000000002 0.006759595973905718
0.19687500000000002 0.006718180125090118
0.171875 0.006722393326700287
0.146875 0.006745776119607305
0.12187500000000001 0.0066931409645587135
0.096875 0.006664349102129416
0.07187500000000001 0.006707840364462573
0.046875 0.006692222159189493
0.021875000000000002 0.006644243157204678
-0.003125 0.0066613981924699885
-0.028125 0.006656137976979187
-0.053125000000000006 0.006584723670522655
-0.078125 0.0065795316946125
-0.10312500000000001 0.006610419947267324
-0.12812500000000002 0.006565396753290552
-0.153125 0.006530185602307241
-0.178125 0.006548208167047161
-0.203125 0.006508810603486939
-0.22812500000000002 0.0064433920132246775
-0.253125 0.006459697482215948
-0.278125 0.0064602801613655655
-0.30312500000000003 0.006397978049788807
-0.328125 0.006382400396274486
-0.353125 0.006383573955173897
-0.353125 0.006383573955173897

-0.4829509916508136 0.015625
-0.4814874124956815 -0.009375000000000001
-0.48540538233300606 -0.009375000000000001
-0.4848859531890809 0.015625
-0.4829509916508136 0.015625

-0.353125 0.006403719179929183
-0.37812500000000004 0.00632500122219007
-0.403125 0.006260686750158756
-0.42812500000000003 0.006296222977578906
-0.453125 0.006321506634322039
-0.47614481777098794 0.003125
-0.45937500000000003 -0.004887153642292256
-0.434375 -0.006305411413066442
-0.40937500000000004 -0.006304546217553649
-0.384375 -0.006347010622244112
-0.359375 -0.006331698643361619
-0.33437500000000003 -0.006388460772937836
-0.309375 -0.006457558935594013
-0.284375 -0.006452809715602097
-0.259375 -0.006475755235278772
-0.234375 -0.006537672999520435
-0.209375 -0.006531401146770826
-0.184375 -0.006522430915908225
-0.15937500000000002 -0.006593827705401078
-0.134375 -0.006627342424283681
-0.109375 -0.006610738995498066
-0.084375 -0.006652880243047846
-0.059375000000000004 -0.0066942722491144776
-0.034375 -0.0066605813871621206
-0.009375000000000001 -0.00667414281701686
0.015625 -0.0067456369445229565
0.040625 -0.00674525878844301
0.065625 -0.006732504717669681
0.09062500000000001 -0.006782539229423933
0.115625 -0.006790865685505874
0.140625 -0.0067489985575681
0.16562500000000002 -0.006783914919615311
0.19062500000000002 -0.006829536690654703
0.215625 -0.006801109390676365
0.240625 -0.006800958568035649
0.265625 -0.00683776769507125
0.290625 -0.006803163400937182
0.31562500000000004 -0.006764752836848131
0.340625 -0.006804426124208772
0.36562500000000003 -0.006800240560997425
0.390625 -0.006739472843444333
0.415625 -0.006734242730513939
0.44062500000000004 -0.006632787883043456
0.465625 -0.0071910383566040886
0.484375 -0.012752214713698577
0.4848135486636874 0.009375000000000001
0.47187500000000004 0.006209361445396744
0.446875 0.00669472206472891
0.421875 0.006681598984157228
0.39687500000000003 0.006779087070077796
0.371875 0.0067760277922790995
0.34687500000000004 0.006775619940579654
0.321875 0.006824893875281462
0.296875 0.006813407161539539
0.27187500000000003 0.006771748687499359
0.246875 0.006810731888358724
0.22187500000000002 0.006833778942371069
0.19687500000000002 0.0067913673674718225
0.171875 0.006794338038108796
0.146875 0.006816298603495367
0.12187500000000001 0.006762145607237462
0.096875 0.006731675279678584
0.07187500000000001 0.0067733374736924645
0.046875 0.0067558002624480825
0.021875000000000002 0.006705797919303397
-0.003125 0.006720752518170425
-0.028125 0.006713217256644099
-0.053125000000000006 0.00663945839232687
-0.078125 0.006631805084810729
-0.10312500000000001 0.006660142038827911
-0.12812500000000002 0.006612513432946669
-0.153125 0.006574596661355277
-0.178125 0.0065898033187673025
-0.203125 0.006547550273458392
-0.22812500000000002 0.006479205147562914
-0.253125 0.006492501993122037
-0.278125 0.0064900187053151745
-0.30312500000000003 0.0064245976087853075
-0.328125 0.006405812686268641
-0.353125 0.006403719179929183
-0.353125 0.006403719179929183

-0.24866323288718756 -0.040625
-0.265625 -0.034373947598087644
-0.2879585868015385 -0.028125
-0.3074488408320153 -0.021875000000000002
-0.328125 -0.019308529819253694
-0.353125 -0.016450619523600857
-0.340625 -0.015509382492531983
-0.31562500000000004 -0.01540877137941536
-0.290625 -0.015295266155240668
-0.265625 -0.015194391849393621
-0.240625 -0.015130546731487027
-0.215625 -0.015059478810127954
-0.19062500000000002 -0.014982023736225716
-0.16562500000000002 -0.014943468935507551
-0.140625 -0.014901899610863821
-0.115625 -0.014820519311507395
-0.09062500000000001 -0.014766964680340826
-0.065625 -0.014735910122462377
-0.040625 -0.01467775920250043
-0.015625 -0.014628122014089352
0.009375000000000001 -0.014621972029937902
0.034375 -0.014581816274480575
0.059375000000000004 -0.014513772888320705
0.084375 -0.014491685908894176
0.109375 -0.01447213175179776
0.134375 -0.014423648262190952
0.15937500000000002 -0.014407676744049379
0.184375 -0.014418458386928205
0.209375 -0.014378443374897132
0.234375 -0.014342621529097975
0.259375 -0.01435235143429983
0.284375 -0.014344337305516045
0.309375 -0.014325765072418662
0.33437500000000003 -0.014360456444733985
0.359375 -0.014395033625223486
0.384375 -0.014393651476172283
0.40937500000000004 -0.014450700103241919
0.434375 -0.014587244662528755
0.45937500000000003 -0.015176130940835121
0.45937500000000003 -0.02071340232548184
0.446875 -0.03032784462074159
0.4335145946085568 -0.040625
0.42003702121746167 -0.053125000000000006
0.40937500000000004 -0.06664097986651103
0.40479604376012046 -0.09062500000000001
0.415625 -0.10434978434269804
0.434375 -0.11492746495417169
0.453125 -0.12068326534955018
0.47187500000000004 -0.12339238594027363
0.496875 -0.12247876107861823
0.515625 -0.1177052417524487
0.5308566520224071 -0.109375
0.5425132922482808 -0.096875
0.5478825459230533 -0.078125
0.5435622346342376 -0.059375000000000004
0.534375 -0.044862847715115055
0.521875 -0.02912987912498084
0.5114318723794508 -0.015625
0.49994820326416806 -0.003125
0.509375 0.014304960828724293
0.5213445582964151 0.028125
0.5317182383452189 0.040625
0.540625 0.05424594227250975
0.5473736350248996 0.07187500000000001
0.5455688594791739 0.09062500000000001
0.534375 0.10658041496059999
0.5202723021899041 0.115625
0.5000495513606261 0.12187500000000001
0.478125 0.12367353009927697
0.45937500000000003 0.12186349080166664
0.43615975068131707 0.115625
0.421875 0.10871318497798241
0.4081989822097018 0.096875
0.40628462275923033 0.07187500000000001
0.415625 0.05826325079560932
0.42812500000000003 0.045524642493953354
0.4412494563242119 0.034375
0.4573136344186092 0.021875000000000002
0.465625 0.014869030298527595
0.44062500000000004 0.01467123259830749
0.415625 0.014476335290485993
0.390625 0.014420962530728765
0.36562500000000003 0.014362557298584884
0.340625 0.014349263132242624
0.31562500000000004 0.014371892881223685
0.290625 0.01434808012665672
0.265625 0.014329296360762531
0.240625 0.01435888114369982
0.215625 0.014371366248114085
0.19062500000000002 0.01437018388633097
0.16562500000000002 0.014416167254240182
0.140625 0.01445728797100108
0.115625 0.014449874437415265
0.09062500000000001 0.01447530947555567
0.065625 0.014527368510224774
0.040625 0.014549060251521258
0.015625 0.014578752741894088
-0.009375000000000001 0.014651501601977307
-0.034375 0.014691037299309526
-0.059375000000000004 0.0147035664089399
-0.084375 0.014760011668330339
-0.109375 0.01481973479079901
-0.134375 0.014855716426949307
-0.15937500000000002 0.014917879894257833
-0.184375 0.015001976733308175
-0.209375 0.01504742134230913
-0.234375 0.015098284181321801
-0.259375 0.015186114048014603
-0.284375 0.015268762989113883
-0.309375 0.015354261696457358
-0.33437500000000003 0.015485478217153233
-0.3577075635268452 0.015625
-0.33437500000000003 0.018455243386692098
-0.309375 0.021651659429092734
-0.290625 0.02718529744179779
-0.27187500000000003 0.032588507921971134
-0.253125 0.03903473701268593
-0.23772583775012063 0.046875
-0.2387380875371671 0.059375000000000004
-0.25607310006098194 0.065625
-0.278125 0.0698308108953134
-0.296875 0.07234362693141948
-0.321875 0.07482758908643156
-0.34687500000000004 0.0761947578377039
-0.371875 0.07614949227713762
-0.39687500000000003 0.07428123769715109
-0.415625 0.07127159117304353
-0.43773335326305857 0.065625
-0.4547304396557819 0.059375000000000004
-0.47187500000000004 0.051088111168327274
-0.48519602829825914 0.040625
-0.496875 0.026874872635981116
-0.4999734535963871 0.003125
-0.4989047956863773 -0.021875000000000002
-0.49062500000000003 -0.035879117267753835
-0.4772974860316058 -0.046875
-0.45937500000000003 -0.05771826563047771
-0.44062500000000004 -0.06490922357978855
-0.421875 -0.07008942702031697
-0.403125 -0.07344328303990368
-0.37812500000000004 -0.07587214421569659
-0.353125 -0.07633099529543176
-0.328125 -0.07528175802171742
-0.30312500000000003 -0.07306320179621821
-0.284375 -0.07075179071981177
-0.259375 -0.06636137650634971
-0.240625 -0.06020038442425965
-0.234375 -0.05234935931258851
-0.24866323288718756 -0.040625
-0.24866323288718756 -0.040625

-0.48294348896362715 0.015625
-0.48148597583650704 -0.009375000000000001
-0.4854058949783301 -0.009375000000000001
-0.4848886452533141 0.015625
-0.48294348896362715 0.015625

-0.353125 0.006423864404684469
-0.37812500000000004 0.006341834089185031
-0.403125 0.006274132869483929
-0.42812500000000003 0.006306241014085957
-0.453125 0.006327744364948958
-0.47615110375449565 0.003125
-0.45937500000000003 -0.004892841802831756
-0.434375 -0.006314481559634468
-0.40937500000000004 -0.0063171476776073005
-0.384375 -0.006362999232918698
-0.359375 -0.0063510264811934055
-0.33437500000000003 -0.006411061631247913
-0.309375 -0.006483362996211238
-0.284375 -0.006481776713207457
-0.259375 -0.006507817160965675
-0.234375 -0.006572736209018595
-0.209375 -0.006569413605914047
-0.184375 -0.006563330491798411
-0.15937500000000002 -0.006637524175499928
-0.134375 -0.006673763869475149
-0.109375 -0.006659843106904546
-0.084375 -0.0067045411326954055
-0.059375000000000004 -0.006748387162474781
-0.034375 -0.0067170918835201664
-0.009375000000000001 -0.006732948695483127
0.015625 -0.006806610146790355
0.040625 -0.006808327362436982
0.065625 -0.006797578438848964
0.09062500000000001 -0.006849424585113817
0.115625 -0.006859450917124183
0.140625 -0.006819177247839677
0.16562500000000002 -0.006855515120887593
0.19062500000000002 -0.006902379023847638
0.215625 -0.00687507910848807
0.240625 -0.006875835174580649
0.265625 -0.006913273097047711
0.290625 -0.00687910034249703
0.31562500000000004 -0.006840850511231852
0.340625 -0.006880310063152059
0.36562500000000003 -0.006875515033808046
0.390625 -0.006813662005182956
0.415625 -0.0068064990798083575
0.44062500000000004 -0.006701833030252645
0.465625 -0.007253884829109325
0.484375 -0.012965796121589525
0.48484128490793704 0.009375000000000001
0.47187500000000004 0.006267673608510176
0.446875 0.006762743119838065
0.421875 0.006753190162465102
0.39687500000000003 0.006852821650570547
0.371875 0.0068511079871465055
0.34687500000000004 0.006851439316358688
0.321875 0.006900945604224273
0.296875 0.006889402843903663
0.27187500000000003 0.0068474025272682445
0.246875 0.006885754261076354
0.22187500000000002 0.006907961910836417
0.19687500000000002 0.006864554609853527
0.171875 0.006866282749517305
0.146875 0.006886821087383427
0.12187500000000001 0.006831150249916211
0.096875 0.006799001457227752
0.07187500000000001 0.0068388345829223565
0.046875 0.0068193783657066725
0.021875000000000002 0.006767352681402117
-0.003125 0.006780106843870862
-0.028125 0.00677029653630901
-0.053125000000000006 0.006694193114131082
-0.078125 0.006684078475008959
-0.10312500000000001 0.006709864130388498
-0.12812500000000002 0.006659630112602787
-0.153125 0.006619007720403312
-0.178125 0.006631398470487443
-0.203125 0.006586289943429845
-0.22812500000000002 0.006515018281901151
-0.253125 0.0065253065040281255
-0.278125 0.0065197572492647834
-0.30312500000000003 0.006451217167781808
-0.328125 0.006429224976262796
-0.353125 0.006423864404684469
-0.353125 0.006423864404684469

-0.33437500000000003 0.015439236726240403
-0.359375 0.015601749268540677
-0.359375 0.01603276543671296
-0.33437500000000003 0.019393266619885424
-0.3155227672958664 0.021875000000000002
-0.296875 0.02836020692749582
-0.27678561772022675 0.034375
-0.259375 0.04227907811088813
-0.253125 0.05513939180159268
-0.27187500000000003 0.0635066993676087
-0.290625 0.06742140845401913
-0.31562500000000004 0.07081476407466708
-0.33437500000000003 0.07259716770660203
-0.359375 0.0739793791025178
-0.384375 0.0736684617833093
-0.4035346790824737 0.07187500000000001
-0.42812500000000003 0.06772594846310188
-0.446875 0.062361769830287295
-0.465625 0.05409886503589332
-0.478125 0.046407012817628844
-0.4912435690983366 0.034375
-0.5009348241509154 0.015625
-0.5022450839042294 -0.009375000000000001
-0.4951577841467237 -0.028125
-0.484375 -0.04175696509692507
-0.4668308634868029 -0.053125000000000006
-0.453125 -0.05970674869606877
-0.434375 -0.06595607495494936
-0.40937500000000004 -0.07115549737124172
-0.390625 -0.07326204775278823
-0.36562500000000003 -0.07407937349725055
-0.340625 -0.07307610933739037
-0.321875 -0.07145454429765435
-0.296875 -0.0684096056482571
-0.278125 -0.06505272833937673
-0.2588101983011249 -0.059375000000000004
-0.253125 -0.04652145989082867
-0.27187500000000003 -0.03645135553136313
-0.290625 -0.03022041548943844
-0.309375 -0.024113109040724293
-0.328125 -0.020300268372690975
-0.353125 -0.01717348994249754
-0.36562500000000003 -0.01562355626204201
-0.340625 -0.015464413603915666
-0.31562500000000004 -0.015358286909726744
-0.290625 -0.01523831783826525
-0.265625 -0.015130972185684335
-0.240625 -0.01506192294442854
-0.215625 -0.014985108906892195
-0.19062500000000002 -0.014901370951683732
-0.16562500000000002 -0.014858177011738211
-0.140625 -0.014811942573504887
-0.115625 -0.01472422255450018
-0.09062500000000001 -0.014665607201454104
-0.065625 -0.014630783031694976
-0.040625 -0.014567268881483015
-0.015625 -0.014512709487096393
0.009375000000000001 -0.014503970107302394
0.034375 -0.014459741354396859
0.059375000000000004 -0.014386274847811109
0.084375 -0.014361402384690334
0.109375 -0.014339358652474658
0.134375 -0.014286545078082061
0.15937500000000002 -0.014268245197507828
0.184375 -0.014278380405005986
0.209375 -0.01423521234274866
0.234375 -0.014196608685877585
0.259375 -0.014206531512793118
0.284375 -0.01419767075144895
0.309375 -0.014177629749749308
0.33437500000000003 -0.014214197127695283
0.359375 -0.014250883788321405
0.384375 -0.014249684103827947
0.40937500000000004 -0.014309847794864695
0.434375 -0.014451374510508815
0.45937500000000003 -0.015055860610865623
0.4596482427972247 -0.021875000000000002
0.446875 -0.03267117007858436
0.434375 -0.04415791380458478
0.421875 -0.05883647813548012
0.41513662831379444 -0.07187500000000001
0.4163651063971409 -0.09062500000000001
0.42812500000000003 -0.10335512019565006
0.446875 -0.11270950264828149
0.465625 -0.11732726284506179
0.49062500000000003 -0.1182680345907272
0.509375 -0.11469024176127678
0.5281250000000001 -0.10553163579938987
0.540625 -0.09148335982609801
0.5448533106320288 -0.07187500000000001
0.5389648678701379 -0.053125000000000006
0.5281250000000001 -0.03756424995756082
0.5158728705063929 -0.021875000000000002
0.507124667924066 -0.009375000000000001
0.503125 0.007231252399167031
0.515625 0.021713479543820975
0.52623090185704 0.034375
0.5352149273857313 0.046875
0.5438705448166904 0.065625
0.5410887845082671 0.09062500000000001
0.5310384967816273 0.10312500000000001
0.515625 0.1124824783920818
0.496875 0.11753255084443588
0.47187500000000004 0.11810990466981776
0.453125 0.11464574883341273
0.434375 0.10719617617348605
0.42071458313880106 0.096875
0.4138495085128922 0.078125
0.42141814191871624 0.059375000000000004
0.43140672845094097 0.046875
0.44450919438216085 0.034375
0.45937500000000003 0.02211455217075545
0.465625 0.014710928008557729
0.44062500000000004 0.014537877856789323
0.415625 0.014336748785906323
0.390625 0.01427891979326023
0.36562500000000003 0.014216744181252558
0.340625 0.01420241981309332
0.31562500000000004 0.014226214841808176
0.290625 0.014201243134344493
0.265625 0.014181858478303964
0.240625 0.014213900984850139
0.215625 0.014227780568969235
0.19062500000000002 0.014227240433809251
0.16562500000000002 0.014276861609159437
0.140625 0.014321466107014857
0.115625 0.01431518283746577
0.09062500000000001 0.01434371847176811
0.065625 0.014400486041087207
0.040625 0.014424974647099185
0.015625 0.014458081445037015
-0.009375000000000001 0.01453661536623288
-0.034375 0.01458036532763795
-0.059375000000000004 0.014596000027111854
-0.084375 0.014657811891646461
-0.109375 0.014723015864485677
-0.134375 0.014763121956454527
-0.15937500000000002 0.014830792618868422
-0.184375 0.014921298271601845
-0.209375 0.014971594502961202
-0.234375 0.015027556296316118
-0.259375 0.015121850059998738
-0.284375 0.015210340307152518
-0.309375 0.015301377114083508
-0.33437500000000003 0.015439236726240403
-0.33437500000000003 0.015439236726240403

-0.4829359862764407 0.015625
-0.4814845391773326 -0.009375000000000001
-0.48540640762365417 -0.009375000000000001
-0.4848913373175473 0.015625
-0.4829359862764407 0.015625

-0.34687500000000004 0.07087473803419261
-0.366925017858485 0.07187500000000001
-0.384375 0.07186298355275307
-0.40937500000000004 0.07002920187170068
-0.432213998415313 0.065625
-0.4524553370802991 0.059375000000000004
-0.46632288406041666 0.053125000000000006
-0.484375 0.04160132576788424
-0.4951390923488854 0.028125
-0.5022448970670085 0.009375000000000001
-0.5009331232956401 -0.015625
-0.4912055952759186 -0.034375
-0.478125 -0.04628430260965888
-0.465625 -0.05368835980252624
-0.446875 -0.061758092978146086
-0.42812500000000003 -0.06678037772660994
-0.403125 -0.0707073375321839
-0.38367498386825877 -0.07187500000000001
-0.36562500000000003 -0.07184783031039885
-0.340625 -0.07037391366467556
-0.31562500000000004 -0.06756268441466069
-0.296875 -0.06448452485109393
-0.27655843494240645 -0.059375000000000004
-0.2654056250670936 -0.046875
-0.278125 -0.03827037877195853
-0.296875 -0.03105218627180977
-0.31562500000000004 -0.02447842380222924
-0.33437500000000003 -0.020330940340200956
-0.359375 -0.01673024384882237
-0.359375 -0.015561981252845376
-0.33437500000000003 -0.015393023307747172
-0.309375 -0.015248504981506174
-0.284375 -0.015151919696984019
-0.259375 -0.015057627441692631
-0.234375 -0.01495686567642226
-0.209375 -0.01489578189870852
-0.184375 -0.014840635804452863
-0.15937500000000002 -0.014743718371128998
-0.134375 -0.014670501991554303
-0.109375 -0.01462628774700487
-0.084375 -0.014555660382040838
-0.059375000000000004 -0.014488450445094149
-0.034375 -0.014469690303938982
-0.009375000000000001 -0.014421735884250289
0.015625 -0.014337397638379752
0.040625 -0.01430083315369369
0.065625 -0.014273610553373003
0.09062500000000001 -0.014212168120884142
0.115625 -0.01418048066434574
0.140625 -0.01418562990671901
0.16562500000000002 -0.014137551335425458
0.19062500000000002 -0.014084249575831395
0.215625 -0.014084130393701306
0.240625 -0.014068940428947458
0.265625 -0.014034431292121249
0.290625 -0.014054374798461819
0.31562500000000004 -0.01408051317296991
0.340625 -0.014055550792500562
0.36562500000000003 -0.014070865516912416
0.390625 -0.014136829360925762
0.415625 -0.014197161706055986
0.44062500000000004 -0.014404515088003627
0.465625 -0.01455287305445568
0.45937500000000003 -0.02371897426659447
0.446875 -0.03516612734453192
0.434375 -0.04894496717564331
0.42424379010417645 -0.065625
0.42632954395569683 -0.09062500000000001
0.4404618858330196 -0.10312500000000001
0.45483653728955653 -0.109375
0.478125 -0.11374286044636672
0.503125 -0.11179682089801153
0.521875 -0.10445583009174249
0.534375 -0.09381783408597191
0.5417832449454175 -0.078125
0.5401931248152654 -0.059375000000000004
0.530317111932782 -0.040625
0.5208383171307617 -0.028125
0.509375 -0.014445831896701542
0.4999200390981083 0.003125
0.5112078752476004 0.015625
0.521875 0.030094229655253164
0.5342098335567618 0.046875
0.540625 0.06146083438692342
0.540625 0.08228422108708647
0.5315764786887675 0.096875
0.515625 0.10767606224461033
0.496875 0.11297458951520599
0.47187500000000004 0.11316972564758346
0.453125 0.1088267384495439
0.434375 0.09896477598723281
0.42327031924973074 0.084375
0.4271969407805196 0.059375000000000004
0.4357337992503114 0.046875
0.4475151679894195 0.034375
0.4614966557934491 0.021875000000000002
0.45937500000000003 0.014935549632194338
0.434375 0.014315534888336104
0.40937500000000004 0.014169055126844727
0.384375 0.014105747488636624
0.359375 0.014106760583272315
0.33437500000000003 0.014067972757034787
0.309375 0.014029494404614918
0.284375 0.014050987107416668
0.259375 0.014060773931143716
0.234375 0.01405065073324805
0.209375 0.014091990102191563
0.184375 0.014138318823294735
0.15937500000000002 0.014128830320391675
0.134375 0.014149406520752212
0.109375 0.014206573345018347
0.084375 0.014231179387952224
0.059375000000000004 0.01425879779556228
0.034375 0.014337662017572708
0.009375000000000001 0.014385974671965207
-0.015625 0.014397287008008977
-0.040625 0.014456730392777804
-0.065625 0.014525662949616085
-0.09062500000000001 0.014564284127792586
-0.115625 0.014627917796252079
-0.140625 0.014721972048585073
-0.16562500000000002 0.014772875575225494
-0.19062500000000002 0.01482068454376451
-0.215625 0.01491069529462806
-0.240625 0.014993302957909856
-0.265625 0.015067549453309017
-0.290625 0.015181344994641247
-0.31562500000000004 0.015307776759488155
-0.340625 0.015419415399029336
-0.36562500000000003 0.015584681372652388
-0.353125 0.017896699047464635
-0.328125 0.021292223169048146
-0.309375 0.026876415468741793
-0.290625 0.03305011067067117
-0.2727336106132836 0.040625
-0.265625 0.05051893336326571
-0.278125 0.05985436241992014
-0.3030917237746321 0.065625
-0.321875 0.06838932835430024
-0.34687500000000004 0.07087473803419261
-0.34687500000000004 0.07087473803419261

-0.353125 0.006444009629439755
-0.37812500000000004 0.006358666956179992
-0.403125 0.006287578988809101
-0.42812500000000003 0.0063162590505930075
-0.453125 0.006333982095575877
-0.47615738973800337 0.003125
-0.45937500000000003 -0.004898529963371256
-0.434375 -0.006323551706202495
-0.40937500000000004 -0.006329749137660953
-0.384375 -0.006378987843593283
-0.359375 -0.00637035431902519
-0.33437500000000003 -0.006433662489557991
-0.309375 -0.006509167056828462
-0.284375 -0.006510743710812818
-0.259375 -0.006539879086652578
-0.234375 -0.006607799418516755
-0.209375 -0.006607426065057268
-0.184375 -0.006604230067688597
-0.15937500000000002 -0.006681220645598777
-0.134375 -0.006720185314666618
-0.109375 -0.006708947218311027
-0.084375 -0.006756202022342965
-0.059375000000000004 -0.006802502075835084
-0.034375 -0.0067736023798782114
-0.009375000000000001 -0.006791754573949392
0.015625 -0.006867583349057755
0.040625 -0.006871395936430953
0.065625 -0.006862652160028247
0.09062500000000001 -0.006916309940803702
0.115625 -0.006928036148742491
0.140625 -0.006889355938111253
0.16562500000000002 -0.006927115322159873
0.19062500000000002 -0.006975221357040573
0.215625 -0.0069490488262997745
0.240625 -0.006950711781125649
0.265625 -0.006988778499024171
0.290625 -0.0069550372840568786
0.31562500000000004 -0.006916948185615572
0.340625 -0.006956194002095345
0.36562500000000003 -0.006950789506618668
0.390625 -0.00688785116692158
0.415625 -0.006878755429102776
0.44062500000000004 -0.006770878177461833
0.465625 -0.00731673130161456
0.484375 -0.013179377529480472
0.4848690211521867 0.009375000000000001
0.47187500000000004 0.006325985771623609
0.446875 0.006830764174947218
0.421875 0.006824781340772977
0.39687500000000003 0.006926556231063299
0.371875 0.006926188182013913
0.34687500000000004 0.0069272586921377225
0.321875 0.006976997333167083
0.296875 0.006965398526267787
0.27187500000000003 0.00692305636703713
0.246875 0.006960776633793984
0.22187500000000002 0.006982144879301768
0.19687500000000002 0.006937741852235231
0.171875 0.006938227460925813
0.146875 0.006957343571271488
0.12187500000000001 0.00690015489259496
0.096875 0.0068663276347769205
0.07187500000000001 0.006904331692152248
0.046875 0.006882956468965261
0.021875000000000002 0.006828907443500837
-0.003125 0.0068394611695712995
-0.028125 0.0068273758159739205
-0.053125000000000006 0.006748927835935296
-0.078125 0.006736351865207188
-0.10312500000000001 0.0067595862219490856
-0.12812500000000002 0.006706746792258905
-0.153125 0.006663418779451347
-0.178125 0.006672993622207584
-0.203125 0.006625029613401299
-0.22812500000000002 0.006550831416239387
-0.253125 0.006558111014934215
-0.278125 0.006549495793214392
-0.30312500000000003 0.0064778367267783075
-0.328125 0.006452637266256951
-0.353125 0.006444009629439755
-0.353125 0.006444009629439755

-0.4829284835892542 0.015625
-0.4814831025181581 -0.009375000000000001
-0.4854069202689782 -0.009375000000000001
-0.48489402938178044 0.015625
-0.4829284835892542 0.015625

-0.34687500000000004 0.06846059130399516
-0.371875 0.07012677694306933
-0.39687500000000003 0.06990208282256567
-0.421875 0.06713627996743614
-0.44062500000000004 0.06306782424118344
-0.45937500000000003 0.05659273455605145
-0.4764164890604192 0.046875
-0.49062500000000003 0.03561881502378539
-0.49888804900589057 0.021875000000000002
-0.49997271303452967 -0.003125
-0.496875 -0.026833272895297182
-0.4848979350662417 -0.040625
-0.47187500000000004 -0.050403352210083796
-0.453125 -0.05881564941864891
-0.434375 -0.06455571945423666
-0.415625 -0.06813337028615209
-0.390625 -0.07016622223287092
-0.36562500000000003 -0.06986510657958656
-0.340625 -0.06780800587077696
-0.321875 -0.0653423421116927
-0.296875 -0.060499684679507816
-0.279026923111478 -0.053125000000000006
-0.28254922183670694 -0.040625
-0.296875 -0.033744548247680695
-0.31562500000000004 -0.027118158224055645
-0.33437500000000003 -0.021269011970754596
-0.359375 -0.017428246623476126
-0.371875 -0.01560585152273561
-0.34687500000000004 -0.0154194799535561
-0.321875 -0.015259470855761554
-0.296875 -0.015146525322840899
-0.27187500000000003 -0.015062594037657714
-0.246875 -0.01494689541923867
-0.22187500000000002 -0.014844451499024315
-0.19687500000000002 -0.014778902805901745
-0.171875 -0.014696866400489906
-0.146875 -0.01460898618174767
-0.12187500000000001 -0.014567991061257633
-0.096875 -0.01451469477232473
-0.07187500000000001 -0.014417004610294389
-0.046875 -0.014357932126834396
-0.021875000000000002 -0.014320472852050096
0.003125 -0.014248230850621432
0.028125 -0.014192774100839167
0.053125000000000006 -0.014185704336763444
0.078125 -0.014133119249063615
0.10312500000000001 -0.014056245581384793
0.12812500000000002 -0.014035421260842638
0.153125 -0.014011339343046679
0.178125 -0.013956001322282861
0.203125 -0.013945998835326243
0.22812500000000002 -0.013959735558016812
0.253125 -0.013914226948772973
0.278125 -0.013885260505416719
0.30312500000000003 -0.013908388202469313
0.328125 -0.013907524081959438
0.353125 -0.013905075138741481
0.37812500000000004 -0.013974012375054117
0.403125 -0.014048691810907631
0.42812500000000003 -0.014114622476794694
0.453125 -0.014442008622337446
0.465625 -0.021017453701284997
0.453125 -0.031479390090076366
0.44062500000000004 -0.04559812603080482
0.432151826047178 -0.059375000000000004
0.43123636293367235 -0.084375
0.44202829950044425 -0.096875
0.45937500000000003 -0.10553136950010036
0.48141728507131104 -0.109375
0.496875 -0.10871099493682566
0.5157684797915413 -0.10312500000000001
0.5322342082153737 -0.09062500000000001
0.5399748553635212 -0.07187500000000001
0.534375 -0.04938194910888841
0.5253514150156435 -0.034375
0.5155022155318667 -0.021875000000000002
0.503125 -0.007264448309785428
0.5070590224772563 0.009375000000000001
0.515625 0.0221706553724274
0.5281250000000001 0.0390486979776737
0.5365438139818737 0.053125000000000006
0.5388703814186545 0.078125
0.5281250000000001 0.09503521163710099
0.515625 0.10319871996408508
0.49062500000000003 0.10933228581843453
0.478125 0.10922496711039464
0.453125 0.10314433550692959
0.44062500000000004 0.09573448848553114
0.4292912717519392 0.078125
0.434375 0.05542230644837693
0.4442540072193405 0.040625
0.45614545536690787 0.028125
0.47014218429732635 0.015625
0.446875 0.014271941924474186
0.421875 0.014122934460772726
0.39687500000000003 0.013980608289087874
0.371875 0.013946121158266368
0.34687500000000004 0.013928597392676127
0.321875 0.01388851118015735
0.296875 0.013898545275232748
0.27187500000000003 0.013937081487780782
0.246875 0.013917667362044289
0.22187500000000002 0.013913313903269862
0.19687500000000002 0.013960681992432965
0.171875 0.01398155694627081
0.146875 0.01399253106090144
0.12187500000000001 0.014060268200444797
0.096875 0.014112720773138705
0.07187500000000001 0.014113890706124153
0.046875 0.014159444645880365
0.021875000000000002 0.014229141207508265
-0.003125 0.014262600835468767
-0.028125 0.014312064878645014
-0.053125000000000006 0.014406503496645746
-0.078125 0.014458852210540645
-0.10312500000000001 0.01448971875427941
-0.12812500000000002 0.01456994341775066
-0.153125 0.014648434824723503
-0.178125 0.014704231786081871
-0.203125 0.01479375793307811
-0.22812500000000002 0.014901414971898091
-0.253125 0.014969639892397149
-0.278125 0.015053960248916549
-0.30312500000000003 0.01517862395677359
-0.328125 0.01530351347342241
-0.353125 0.01545080352544239
-0.3735926865675114 0.015625
-0.353125 0.018619550409158036
-0.33056081746799443 0.021875000000000002
-0.3130609023185139 0.028125
-0.29496466486617084 0.034375
-0.278125 0.04552247388368334
-0.284375 0.0559530347212847
-0.30312500000000003 0.06196782325435957
-0.32384403647529586 0.065625
-0.34687500000000004 0.06846059130399516
-0.34687500000000004 0.06846059130399516

-0.353125 0.006464154854195041
-0.37812500000000004 0.006375499823174952
-0.403125 0.006301025108134274
-0.42812500000000003 0.006326277087100058
-0.453125 0.006340219826202797
-0.476163675721511 0.003125
-0.45937500000000003 -0.004904218123910756
-0.434375 -0.006332621852770521
-0.40937500000000004 -0.006342350597714605
-0.384375 -0.006394976454267869
-0.359375 -0.006389682156856974
-0.33437500000000003 -0.00645626334786807
-0.309375 -0.006534971117445686
-0.284375 -0.006539710708418179
-0.259375 -0.006571941012339481
-0.234375 -0.006642862628014914
-0.209375 -0.0066454385242004895
-0.184375 -0.006645129643578784
-0.15937500000000002 -0.0067249171156976255
-0.134375 -0.006766606759858088
-0.109375 -0.006758051329717508
-0.084375 -0.006807862911990525
-0.059375000000000004 -0.0068566169891953865
-0.034375 -0.0068301128762362565
-0.009375000000000001 -0.006850560452415658
0.015625 -0.006928556551325155
0.040625 -0.006934464510424925
0.065625 -0.00692772588120753
0.09062500000000001 -0.006983195296493586
0.115625 -0.006996621380360799
0.140625 -0.00695953462838283
0.16562500000000002 -0.006998715523432154
0.19062500000000002 -0.007048063690233509
0.215625 -0.0070230185441114805
0.240625 -0.007025588387670648
0.265625 -0.007064283901000631
0.290625 -0.007030974225616727
0.31562500000000004 -0.006993045859999292
0.340625 -0.007032077941038632
0.36562500000000003 -0.00702606397942929
0.390625 -0.006962040328660203
0.415625 -0.006951011778397196
0.44062500000000004 -0.0068399233246710205
0.465625 -0.007379577774119796
0.484375 -0.01339295893737142
0.48489675739643634 0.009375000000000001
0.47187500000000004 0.006384297934737041
0.446875 0.0068987852300563725
0.421875 0.006896372519080851
0.39687500000000003 0.007000290811556051
0.371875 0.00700126837688132
0.34687500000000004 0.007003078067916758
0.321875 0.007053049062109893
0.296875 0.007041394208631912
0.27187500000000003 0.006998710206806015
0.246875 0.007035799006511614
0.22187500000000002 0.007056327847767118
0.19687500000000002 0.007010929094616936
0.171875 0.007010172172334322
0.146875 0.0070278660551595495
0.12187500000000001 0.006969159535273708
0.096875 0.006933653812326089
0.07187500000000001 0.00696982880138214
0.046875 0.006946534572223851
0.021875000000000002 0.0068904622055995565
-0.003125 0.006898815495271738
-0.028125 0.006884455095638832
-0.053125000000000006 0.006803662557739509
-0.078125 0.006788625255405417
-0.10312500000000001 0.006809308313509673
-0.12812500000000002 0.006753863471915023
-0.153125 0.006707829838499383
-0.178125 0.006714588773927726
-0.203125 0.006663769283372751
-0.22812500000000002 0.0065866445505776226
-0.253125 0.006590915525840304
-0.278125 0.006579234337164001
-0.30312500000000003 0.006504456285774808
-0.328125 0.006476049556251106
-0.353125 0.006464154854195041
-0.353125 0.006464154854195041

-0.48292098090206775 0.015625
-0.4814816658589837 -0.009375000000000001
-0.4854074329143023 -0.009375000000000001
-0.48489672144601365 0.015625
-0.48292098090206775 0.015625

-0.34687500000000004 0.0660464445737977
-0.371875 0.06828248934039678
-0.39687500000000003 0.06857094524768645
-0.421875 0.06615186603806131
-0.44062500000000004 0.062453992687641915
-0.45937500000000003 0.05621752202175567
-0.47612275769973217 0.046875
-0.49062500000000003 0.03553199074759404
-0.49888243404058064 0.021875000000000002
-0.4999725348447127 -0.003125
-0.496875 -0.026819442058193383
-0.484798609277513 -0.040625
-0.47187500000000004 -0.05017513657653199
-0.453125 -0.05843619557924588
-0.434375 -0.06390611043533505
-0.415625 -0.06708732593476945
-0.390625 -0.06871615327114519
-0.36562500000000003 -0.06788238284877425
-0.34350537716262464 -0.065625
-0.321875 -0.062462164475239564
-0.30312500000000003 -0.058084676028363806
-0.2868193064931736 -0.046875
-0.3025663849286857 -0.034375
-0.319595871955447 -0.028125
-0.3364071088337156 -0.021875000000000002
-0.359375 -0.01812624939812988
-0.371875 -0.015568782331993401
-0.34687500000000004 -0.015376382833091616
-0.321875 -0.015209723358847037
-0.296875 -0.015090909270107051
-0.27187500000000003 -0.015001693117090887
-0.246875 -0.014879532067598462
-0.22187500000000002 -0.014770868797334568
-0.19687500000000002 -0.01470047109375858
-0.171875 -0.014612776060625145
-0.146875 -0.01451885307536811
-0.12187500000000001 -0.014473712911864299
-0.096875 -0.014415916503963563
-0.07187500000000001 -0.014312001435057597
-0.046875 -0.014248370381153142
-0.021875000000000002 -0.014207482649690618
0.003125 -0.01413003254639231
0.028125 -0.014070177807443037
0.053125000000000006 -0.01406101865360203
0.078125 -0.014004516371518947
0.10312500000000001 -0.013922693635190136
0.12812500000000002 -0.013899752420132546
0.153125 -0.013873499001931643
0.178125 -0.013814314651384739
0.203125 -0.013802848746828867
0.22812500000000002 -0.013816453408468647
0.253125 -0.013768243852089414
0.278125 -0.013737518677038504
0.30312500000000003 -0.013761786266924085
0.328125 -0.013760817388475573
0.353125 -0.013758196001484818
0.37812500000000004 -0.013830581888199158
0.403125 -0.013908806369924743
0.42812500000000003 -0.013976788078409077
0.453125 -0.014307088343643411
0.465625 -0.02171045114952151
0.453125 -0.03354067628691062
0.4426513630824539 -0.046875
0.4350487917344112 -0.065625
0.44062500000000004 -0.08725171042795701
0.453125 -0.09752109194703432
0.47187500000000004 -0.10412701183457075
0.496875 -0.1048512295767465
0.515625 -0.09921721493573549
0.5281250000000001 -0.09024626186596171
0.5377002346762821 -0.07187500000000001
0.534375 -0.05146935707622005
0.5249112000417222 -0.034375
0.5153746246296798 -0.021875000000000002
0.503125 -0.007281661215390776
0.5070269209834277 0.009375000000000001
0.515625 0.02247522872816681
0.5281250000000001 0.03979029921164353
0.5353336607874207 0.053125000000000006
0.5360196472651676 0.078125
0.5277158226584462 0.09062500000000001
0.509375 0.10181927733813505
0.49062500000000003 0.10547008654188342
0.46775639191091545 0.10312500000000001
0.4519916764908058 0.096875
0.4384671638729051 0.084375
0.4365628173962028 0.059375000000000004
0.446875 0.041103002487368284
0.4580000444325941 0.028125
0.47072268562380526 0.015625
0.446875 0.01413742404639911
0.421875 0.01398579799101599
0.39687500000000003 0.013837604422861896
0.371875 0.013801538399211975
0.34687500000000004 0.013783039941061979
0.321875 0.013740678457573822
0.296875 0.013751232515225073
0.27187500000000003 0.013791838688321855
0.246875 0.013771975869557671
0.22187500000000002 0.01376811631815723
0.19687500000000002 0.013818717798930388
0.171875 0.013841412532284676
0.146875 0.013853791744144132
0.12187500000000001 0.013925884702134749
0.096875 0.013982066369612824
0.07187500000000001 0.013984842244881186
0.046875 0.014034186154550165
0.021875000000000002 0.0141088791982544
-0.003125 0.014145444681988202
-0.028125 0.014198915299836568
-0.053125000000000006 0.01429940050050856
-0.078125 0.014356102138894173
-0.10312500000000001 0.014390597524886951
-0.12812500000000002 0.014476560840298792
-0.153125 0.014560626844277669
-0.178125 0.01462091000389967
-0.203125 0.014716331510938803
-0.22812500000000002 0.014830434695033309
-0.253125 0.014903718966840042
-0.278125 0.014993553180042554
-0.30312500000000003 0.015124804915612416
-0.328125 0.015255634049690513
-0.353125 0.015408754422361315
-0.37691462772468654 0.015625
-0.353125 0.01934240177085144
-0.33437500000000003 0.022584395638524067
-0.31562500000000004 0.029583990244108214
-0.296875 0.037652354771301536
-0.290625 0.052672456781233806
-0.3072722040039884 0.059375000000000004
-0.328125 0.06352559899833383
-0.34687500000000004 0.0660464445737977
-0.34687500000000004 0.0660464445737977

-0.353125 0.006484300078950327
-0.37812500000000004 0.006392332690169913
-0.403125 0.0063144712274594466
-0.42812500000000003 0.006336295123607108
-0.453125 0.0063464575568297175
-0.47616996170501874 0.003125
-0.45937500000000003 -0.004909906284450255
-0.434375 -0.006341691999338548
-0.40937500000000004 -0.006354952057768258
-0.384375 -0.006410965064942454
-0.359375 -0.00640900999468876
-0.33437500000000003 -0.006478864206178148
-0.309375 -0.0065607751780629095
-0.284375 -0.00656867770602354
-0.259375 -0.006604002938026385
-0.234375 -0.006677925837513074
-0.209375 -0.006683450983343711
-0.184375 -0.006686029219468969
-0.15937500000000002 -0.006768613585796475
-0.134375 -0.006813028205049556
-0.109375 -0.0068071554411239885
-0.084375 -0.006859523801638085
-0.059375000000000004 -0.00691073190255569
-0.034375 -0.006886623372594302
-0.009375000000000001 -0.006909366330881924
0.015625 -0.006989529753592554
0.040625 -0.006997533084418897
0.065625 -0.006992799602386812
0.09062500000000001 -0.007050080652183471
0.115625 -0.007065206611979107
0.140625 -0.007029713318654406
0.16562500000000002 -0.007070315724704435
0.19062500000000002 -0.007120906023426443
0.215625 -0.007096988261923185
0.240625 -0.007100464994215647
0.265625 -0.007139789302977092
0.290625 -0.007106911167176575
0.31562500000000004 -0.007069143534383013
0.340625 -0.007107961879981918
0.36562500000000003 -0.007101338452239912
0.390625 -0.007036229490398827
0.415625 -0.007023268127691613
0.44062500000000004 -0.006908968471880208
0.465625 -0.007442424246625032
0.484375 -0.013606540345262368
0.48492449364068596 0.009375000000000001
0.47187500000000004 0.006442610097850474
0.446875 0.006966806285165526
0.421875 0.0069679636973887255
0.39687500000000003 0.007074025392048803
0.371875 0.007076348571748727
0.34687500000000004 0.007078897443695793
0.321875 0.007129100791052704
0.296875 0.007117389890996037
0.27187500000000003 0.007074364046574901
0.246875 0.007110821379229244
0.22187500000000002 0.0071305108162324675
0.19687500000000002 0.0070841163369986405
0.171875 0.00708211688374283
0.146875 0.00709838853904761
0.12187500000000001 0.007038164177952457
0.096875 0.007000979989875257
0.07187500000000001 0.007035325910612033
0.046875 0.00701011267548244
0.021875000000000002 0.006952016967698276
-0.003125 0.006958169820972174
-0.028125 0.006941534375303742
-0.053125000000000006 0.006858397279543722
-0.078125 0.006840898645603647
-0.10312500000000001 0.00685903040507026
-0.12812500000000002 0.006800980151571141
-0.153125 0.006752240897547418
-0.178125 0.006756183925647867
-0.203125 0.006702508953344205
-0.22812500000000002 0.006622457684915859
-0.253125 0.006623720036746392
-0.278125 0.00660897288111361
-0.30312500000000003 0.0065310758447713075
-0.328125 0.006499461846245261
-0.353125 0.006484300078950327
-0.353125 0.006484300078950327

-0.4829134782148813 0.015625
-0.48148022919980926 -0.009375000000000001
-0.48540794555962635 -0.009375000000000001
-0.48489941351024685 0.015625
-0.4829134782148813 0.015625

-0.353125 0.006504445303705614
-0.37812500000000004 0.006409165557164875
-0.403125 0.006327917346784619
-0.42812500000000003 0.006346313160114158
-0.453125 0.006352695287456638
-0.47617624768852646 0.003125
-0.45937500000000003 -0.004915594444989756
-0.434375 -0.006350762145906574
-0.40937500000000004 -0.00636755351782191
-0.384375 -0.006426953675617041
-0.359375 -0.006428337832520545
-0.33437500000000003 -0.006501465064488227
-0.309375 -0.006586579238680134
-0.284375 -0.006597644703628901
-0.259375 -0.006636064863713289
-0.234375 -0.006712989047011234
-0.209375 -0.006721463442486931
-0.184375 -0.006726928795359155
-0.15937500000000002 -0.006812310055895325
-0.134375 -0.006859449650241026
-0.109375 -0.006856259552530469
-0.084375 -0.006911184691285646
-0.059375000000000004 -0.006964846815915993
-0.034375 -0.006943133868952348
-0.009375000000000001 -0.00696817220934819
0.015625 -0.007050502955859954
0.040625 -0.007060601658412868
0.065625 -0.007057873323566095
0.09062500000000001 -0.007116966007873355
0.115625 -0.0071337918435974155
0.140625 -0.007099892008925982
0.16562500000000002 -0.007141915925976716
0.19062500000000002 -0.007193748356619378
0.215625 -0.00717095797973489
0.240625 -0.007175341600760647
0.265625 -0.007215294704953553
0.290625 -0.007182848108736424
0.31562500000000004 -0.007145241208766733
0.340625 -0.007183845818925205
0.36562500000000003 -0.007176612925050533
0.390625 -0.00711041865213745
0.415625 -0.007095524476986033
0.44062500000000004 -0.006978013619089396
0.465625 -0.007505270719130267
0.484375 -0.013820121753153315
0.48495222988493564 0.009375000000000001
0.47187500000000004 0.006500922260963906
0.446875 0.0070348273402746795
0.421875 0.007039554875696599
0.39687500000000003 0.007147759972541555
0.371875 0.007151428766616134
0.34687500000000004 0.007154716819474828
0.321875 0.007205152519995513
0.296875 0.0071933855733601615
0.27187500000000003 0.007150017886343786
0.246875 0.007185843751946874
0.22187500000000002 0.007204693784697817
0.19687500000000002 0.007157303579380344
0.171875 0.0071540615951513386
0.146875 0.007168911022935672
0.12187500000000001 0.007107168820631206
0.096875 0.007068306167424425
0.07187500000000001 0.007100823019841925
0.046875 0.007073690778741029
0.021875000000000002 0.007013571729796995
-0.003125 0.007017524146672612
-0.028125 0.006998613654968654
-0.053125000000000006 0.006913132001347936
-0.078125 0.006893172035801877
-0.10312500000000001 0.006908752496630847
-0.12812500000000002 0.006848096831227259
-0.153125 0.006796651956595453
-0.178125 0.006797779077368008
-0.203125 0.006741248623315658
-0.22812500000000002 0.006658270819254095
-0.253125 0.006656524547652481
-0.278125 0.006638711425063218
-0.30312500000000003 0.006557695403767808
-0.328125 0.006522874136239417
-0.353125 0.006504445303705614
-0.353125 0.006504445303705614

0.4493732357016828 -0.040625
0.4596893224540437 -0.028125
0.465625 -0.014078574839444621
0.44062500000000004 -0.0140044605206982
0.415625 -0.01377841451519674
0.390625 -0.013710707541518374
0.36562500000000003 -0.013633429738781464
0.340625 -0.01361502935646963
0.31562500000000004 -0.013643485840409822
0.290625 -0.013613867089479693
0.265625 -0.013592126712412984
0.240625 -0.013634009060753344
0.215625 -0.01365337187291545
0.19062500000000002 -0.013655419115533148
0.16562500000000002 -0.01371963993959094
0.140625 -0.013778165646556657
0.115625 -0.013776406442858474
0.09062500000000001 -0.013817402165223756
0.065625 -0.013892965629635446
0.040625 -0.013928571488293432
0.015625 -0.0139753836809198
-0.009375000000000001 -0.014077079042045838
-0.034375 -0.014137672458255743
-0.059375000000000004 -0.01416575172661223
-0.084375 -0.014249064539312779
-0.109375 -0.014336128654513393
-0.134375 -0.014392714404171664
-0.15937500000000002 -0.014482456392054999
-0.184375 -0.0145985996284079
-0.209375 -0.01466829909106208
-0.234375 -0.014744682150320867
-0.259375 -0.01486483568679694
-0.284375 -0.014976649048550126
-0.309375 -0.015089849245198015
-0.33437500000000003 -0.015254298161514596
-0.359375 -0.015442585174551885
-0.3805850945628566 -0.015625
-0.359375 -0.018824252172783638
-0.340625 -0.02235603346740836
-0.321875 -0.02956677410654948
-0.30312500000000003 -0.038318295423095436
-0.296875 -0.04797347411295999
-0.31562500000000004 -0.057990765493066886
-0.33437500000000003 -0.06198285294975205
-0.359375 -0.06529413563444941
-0.37812500000000004 -0.06685310739533105
-0.403125 -0.06704030050591922
-0.421875 -0.06526403044809717
-0.446875 -0.05994741218421669
-0.46447833452565573 -0.053125000000000006
-0.478125 -0.04591643750289504
-0.49109192584104117 -0.034375
-0.5009283906961371 -0.015625
-0.5022440941024201 0.009375000000000001
-0.4950827257623132 0.028125
-0.484375 0.04113389366702008
-0.465625 0.05276580486134726
-0.4482156296179915 0.059375000000000004
-0.42812500000000003 0.06437155221093271
-0.40937500000000004 0.06665005997926549
-0.384375 0.06713314390092534
-0.36288665867957365 0.065625
-0.340625 0.062977596726222
-0.32091769841419165 0.059375000000000004
-0.30182870349416724 0.053125000000000006
-0.2991297820625783 0.040625
-0.31562500000000004 0.03194201155710459
-0.33437500000000003 0.024586673305713805
-0.353125 0.02006525313254484
-0.37812500000000004 0.015956301844460966
-0.36562500000000003 0.015468185628599689
-0.340625 0.015284510148123546
-0.31562500000000004 0.015156324610061878
-0.290625 0.015010500640247561
-0.265625 0.014877293001612224
-0.240625 0.014787434495528357
-0.215625 0.014687584717958438
-0.19062500000000002 0.014578725900592194
-0.16562500000000002 0.014517002225457513
-0.140625 0.014452101257355587
-0.115625 0.014339027566875686
-0.09062500000000001 0.01426021628165022
-0.065625 0.014210283198118099
-0.040625 0.014125254983574604
-0.015625 0.014051049032529923
0.009375000000000001 0.014031970308411308
0.034375 0.013971434491822816
0.059375000000000004 0.013876303838966887
0.084375 0.01384033328891371
0.109375 0.013808249871642407
0.134375 0.013738089228862743
0.15937500000000002 0.013710534779604072
0.184375 0.013718082299502382
0.209375 0.01366229061715334
0.234375 0.013612611909833242
0.259375 0.013623313988932786
0.284375 0.013610977052463787
0.309375 0.013585079108949832
0.33437500000000003 0.013629190244520683
0.359375 0.013674302923314448
0.384375 0.013673836228316178
0.40937500000000004 0.013746492913937057
0.434375 0.013907916459210311
0.45937500000000003 0.014574728026855721
0.465625 0.022725636119849124
0.453125 0.03601655564273471
0.4425623992531411 0.053125000000000006
0.4397772464073773 0.07187500000000001
0.446875 0.08632019690447401
0.4624665558878667 0.096875
0.484375 0.10175674357487859
0.509375 0.09816486661552545
0.5229270700251932 0.09062500000000001
0.534375 0.07513411008626497
0.534375 0.05422229647921071
0.5281250000000001 0.04053190044561337
0.515625 0.022779802083906224
0.5069948194895991 0.009375000000000001
0.503125 -0.007298874120996127
0.5152470337274928 -0.021875000000000002
0.5244709850678008 -0.034375
0.5341647626709339 -0.053125000000000006
0.5354256139890431 -0.07187500000000001
0.5281250000000001 -0.0857734801717739
0.512266986611558 -0.096875
0.49062500000000003 -0.10178466128516173
0.465625 -0.09814675638526986
0.4514573345568896 -0.09062500000000001
0.44062500000000004 -0.07504580638205947
0.44062500000000004 -0.05934541471782349
0.4493732357016828 -0.040625
0.4493732357016828 -0.040625

-0.4829059755276948 0.015625
-0.4814787925406348 -0.009375000000000001
-0.4854084582049504 -0.009375000000000001
-0.48490210557448005 0.015625
-0.4829059755276948 0.015625

