x y
-0.4590932802484816 0.07187500000000001
-0.44062500000000004 0.06391358378948385
-0.415625 0.0596080805355847
-0.39687500000000003 0.05410420991797678
-0.37812500000000004 0.04866972213817547
-0.353125 0.047083457388698076
-0.3382950295620574 0.040625
-0.3308832093865185 0.040625
-0.31562500000000004 0.03451413203504403
-0.30312500000000003 0.022590126555339842
-0.2876640123214912 0.034375
-0.2736204465808252 0.028125
-0.2641519944160108 0.021875000000000002
-0.246875 0.02820704307309012
-0.22812500000000002 0.02286331859947636
-0.2053347798026967 0.021875000000000002
-0.184375 0.01707677976688422
-0.16562500000000002 0.014680215561855343
-0.140625 0.010573113529206474
-0.12187500000000001 0.005393868277941168
-0.096875 0.0034659003559802033
-0.078125 -0.0016489120917278913
-0.059375000000000004 -0.0059052307470231265
-0.034375 -0.00866585274494575
-0.015625 -0.014755643645016797
0.006551103178897571 -0.015625
0.028125 -0.02131948007971925
0.046875 -0.025853812504005057
0.07187500000000001 -0.027777700492242367
0.09062500000000001 -0.0331795129678636
0.1138953733202571 -0.034375
0.134375 -0.039396470551158885
0.153125 -0.04123561557314219
0.178125 -0.04585719742421611
0.19687500000000002 -0.05153103480688532
0.22187500000000002 -0.05291976002630768
0.240625 -0.05805737310413036
0.259375 -0.06137106688914908
0.284375 -0.06479367763221054
0.30312500000000003 -0.07093073249932763
0.328125 -0.07176726855170605
0.34687500000000004 -0.07718597618575845
0.36562500000000003 -0.08134278739887456
0.390625 -0.08369763278062982
0.40937500000000004 -0.09004507020346933
0.4338506157731869 -0.09062500000000001
0.415625 -0.10143431742872247
0.39687500000000003 -0.10732644178724171
0.378974965210353 -0.115625
0.36794596987108896 -0.12812500000000002
0.371875 -0.14693268887328462
0.384375 -0.159751346132538
0.40219280434180626 -0.171875
0.415625 -0.17887959910000997
0.434375 -0.1864775093404074
0.453125 -0.19142802235095827
0.478125 -0.19321226820001428
0.496875 -0.18774099676601444
0.509375 -0.17410343228831698
0.515625 -0.15520523583959903
0.5169419263029156 -0.134375
0.513150648978196 -0.115625
0.5043219150725667 -0.096875
0.49062500000000003 -0.08554699024874536
0.47612925897025415 -0.09062500000000001
0.45937500000000003 -0.08259074928364868
0.434375 -0.07857190786298683
0.415625 -0.0749949490004587
0.39687500000000003 -0.07174047246865076
0.371875 -0.06809773856979749
0.353125 -0.06337046049304718
0.328125 -0.06058674500004775
0.309375 -0.05632714688862025
0.2886652128637587 -0.053125000000000006
0.265625 -0.04949231068494263
0.246875 -0.04522128393537245
0.22187500000000002 -0.04226812122358708
0.203125 -0.03770265726032778
0.184375 -0.03436775009944798
0.15937500000000002 -0.03038114126204522
0.140625 -0.025915049199115442
0.115625 -0.0221740011022314
0.096875 -0.018872419763074043
0.07681157152306968 -0.015625
0.053125000000000006 -0.011902192291152476
0.034375 -0.0071153340281812465
0.009375000000000001 -0.004459965441826988
-0.009375000000000001 0.0010564835989275356
-0.028125 0.0035851529841370317
-0.0520031890216867 0.009375000000000001
-0.06203573029992968 0.009375000000000001
-0.084375 0.013937961048115642
-0.10312500000000001 0.015647415370782663
-0.12187500000000001 0.02240565016434096
-0.134375 0.023647928072263322
-0.15937500000000002 0.025404329285372805
-0.178125 0.031206445079784643
-0.203125 0.033294112205756315
-0.22187500000000002 0.037749279178582465
-0.2442613691792364 0.040625
-0.265625 0.04425880398345289
-0.284375 0.04772094860087976
-0.309375 0.05117592567925046
-0.328125 0.05574903398793608
-0.34896631402425987 0.059375000000000004
-0.371875 0.0634511041268225
-0.390625 0.06798428331805824
-0.41505363371303283 0.07187500000000001
-0.434375 0.07500129315648343
-0.4590932802484816 0.07187500000000001
-0.4590932802484816 0.07187500000000001

0.3953242339779922 0.059375000000000004
0.403125 0.04556904041592555
0.41303214465243954 0.028125
0.421875 0.01493065746066445
0.434375 -0.0006086132722264667
0.446875 -0.013971103591578172
0.45937500000000003 -0.0270029925771261
0.4695670746252307 -0.040625
0.478125 -0.05369206153656203
0.4857090573182529 -0.07187500000000001
0.4951665363503739 -0.07187500000000001
0.5025310305177929 -0.053125000000000006
0.5076306371405791 -0.034375
0.521875 -0.0263528582157777
0.5414313378570306 -0.021875000000000002
0.565625 -0.01865567004634716
0.5902349189197302 -0.015625
0.609375 -0.012140841924066672
0.628125 -0.0063701963145748955
0.6433407930360397 0.003125
0.6531648142345284 0.015625
0.6605923655725363 0.034375
0.6637080957031986 0.059375000000000004
0.6604638163415835 0.084375
0.653912140017961 0.10312500000000001
0.6468750000000001 0.1169744350069709
0.6353938511296513 0.134375
0.6252188253390192 0.146875
0.6131263409676243 0.15937500000000002
0.5985153955659503 0.171875
0.584375 0.18187935417583895
0.5690491322626149 0.19062500000000002
0.553125 0.19811582570934141
0.534375 0.20505502721757216
0.515625 0.21037144461237856
0.49062500000000003 0.2154952080619848
0.47187500000000004 0.2182053944493751
0.446875 0.2203950769533838
0.421875 0.22123712331049303
0.39687500000000003 0.2208180267575778
0.371875 0.21898386871682413
0.34891905476076596 0.215625
0.328125 0.2103954982803977
0.31116311625931414 0.203125
0.296875 0.191089635260256
0.29250630000849515 0.171875
0.3028445851539254 0.153125
0.3154678048989883 0.140625
0.328125 0.13008741114513492
0.340625 0.11997276366583115
0.35321850352085005 0.109375
0.36660453667579496 0.096875
0.37812500000000004 0.08424369177583303
0.390625 0.06707925995941541
0.3953242339779922 0.059375000000000004

0.670949573827848 -0.053125000000000006
0.6636365958036136 -0.07187500000000001
0.6621678280497281 -0.096875
0.665625 -0.11595306072739245
0.6714766648542619 -0.140625
0.671875 -0.1581853259345961
0.665625 -0.17564286665065115
0.655513744555848 -0.19062500000000002
0.6476063359215394 -0.209375
0.6572932586711044 -0.22812500000000002
0.671875 -0.23664259147789676
0.690625 -0.2429223496357998
0.7128038449929949 -0.246875
0.734375 -0.24860329588555197
0.759375 -0.24773931849124733
0.7781250000000001 -0.2452454967314155
0.796875 -0.24057616699340226
0.815625 -0.23347529899397365
0.8343750000000001 -0.22198832776052457
0.846875 -0.20974427043318725
0.8550751632025302 -0.19687500000000002
0.8612251149502135 -0.178125
0.8629635108133366 -0.153125
0.8611291876853796 -0.12812500000000002
0.8608912063862338 -0.10312500000000001
0.8660987300782078 -0.084375
0.8777271676618319 -0.065625
0.8851509722171228 -0.053125000000000006
0.878125 -0.03623191532768226
0.859375 -0.02891272870138608
0.8406250000000001 -0.02543347387482382
0.815625 -0.02302460709440138
0.790625 -0.02221418890457336
0.765625 -0.022578550926078845
0.7406250000000001 -0.02411461405356172
0.7156250000000001 -0.027548242211293282
0.696875 -0.03248081756980734
0.6819744506114611 -0.040625
0.670949573827848 -0.053125000000000006
0.670949573827848 -0.053125000000000006

-0.21411719966378126 0.146875
-0.22187500000000002 0.1616867955003755
-0.234375 0.17767576609502966
-0.246875 0.18999710853819118
-0.2587704491116795 0.203125
-0.259375 0.22111668108850918
-0.246875 0.23145123131118264
-0.2285680623483568 0.240625
-0.212679523647276 0.246875
-0.19299000512548994 0.253125
-0.171875 0.25845935278748333
-0.153125 0.26195467854424626
-0.12812500000000002 0.264485981640172
-0.10312500000000001 0.264760386407328
-0.078125 0.2624578946777184
-0.059375000000000004 0.2581882956954961
-0.040625 0.2508309232788341
-0.026138145540844523 0.240625
-0.015625 0.2259118543913965
-0.010676565413339289 0.203125
-0.012464326029462788 0.178125
-0.015625 0.157968470856535
-0.01786578808512224 0.134375
-0.019702100844898946 0.109375
-0.02682510025307655 0.09062500000000001
-0.03957892982168823 0.078125
-0.053125000000000006 0.07095844604660989
-0.07262940381773146 0.065625
-0.096875 0.06385315614098688
-0.115625 0.06582627794051384
-0.1394117545040262 0.07187500000000001
-0.15486474248346163 0.078125
-0.171875 0.08764656841314228
-0.184375 0.09780951285570294
-0.19687500000000002 0.11248794907463468
-0.20568697552211607 0.12812500000000002
-0.21411719966378126 0.146875
-0.21411719966378126 0.146875

-0.4695013204017238 0.140625
-0.453125 0.1529500475026344
-0.44062500000000004 0.1610333788239757
-0.421875 0.17081802946867117
-0.4034489612290946 0.178125
-0.384375 0.18184584741221343
-0.3729069259730133 0.16562500000000002
-0.36562500000000003 0.15244526496863636
-0.35384826182909945 0.134375
-0.34833593072989305 0.115625
-0.353125 0.09188723604338406
-0.371875 0.08566215496068627
-0.3930283198757123 0.09062500000000001
-0.415625 0.0949223684445831
-0.4284518537469637 0.096875
-0.453125 0.0943972367852003
-0.46679827678709096 0.09062500000000001
-0.4784291119217197 0.096875
-0.4808511662620688 0.084375
-0.49062500000000003 0.0813702744113546
-0.5013527387051896 0.096875
-0.4920615803268321 0.115625
-0.4826150256343203 0.12812500000000002
-0.4695013204017238 0.140625
-0.4695013204017238 0.140625

-0.2951276157423981 0.034375
-0.2951276157423981 0.034375
-0.2951276157423981 0.034375

-0.4716034059161449 0.078125
-0.4597566953314376 0.078125
-0.4716034059161449 0.078125

0.4571051861305895 -0.096875
0.4571051861305895 -0.096875
0.4571051861305895 -0.096875

-0.45904863580915956 0.07187500000000001
-0.44062500000000004 0.06410388814225222
-0.415625 0.05967457389071499
-0.39687500000000003 0.05425891363748654
-0.37812500000000004 0.049385774962023544
-0.353125 0.0472012987502587
-0.3350155392828393 0.040625
-0.321875 0.04130590802232175
-0.309375 0.03298515675298457
-0.290625 0.034411454086653914
-0.27187500000000003 0.02903573576943184
-0.259375 0.028667190449628094
-0.240625 0.0253123778958306
-0.215625 0.02267451946860929
-0.19687500000000002 0.017167186175394304
-0.171875 0.015968672061765613
-0.153125 0.01045139928850861
-0.13256937345321793 0.009375000000000001
-0.109375 0.003956692119631911
-0.09062500000000001 0.0011528433472003316
-0.065625 -0.002821266472272748
-0.046875 -0.006752457901551202
-0.02400016196069607 -0.009375000000000001
-0.003125 -0.013723164025428766
0.015625 -0.017866507210850802
0.040625 -0.020908247563109474
0.059375000000000004 -0.026068973831091705
0.08321084630916167 -0.028125
0.10312500000000001 -0.03291043966477538
0.12187500000000001 -0.037909185586103435
0.146875 -0.03997632695498168
0.16562500000000002 -0.04554392314834763
0.18758263953707738 -0.046875
0.209375 -0.05195791750453242
0.22812500000000002 -0.05650892067194354
0.253125 -0.05891822666175219
0.27187500000000003 -0.06395040815548718
0.2950005202606932 -0.065625
0.31562500000000004 -0.07033841249609628
0.33437500000000003 -0.07372913409156102
0.359375 -0.07728839687538248
0.37812500000000004 -0.08230173173718347
0.403125 -0.08434447108992363
0.421875 -0.0891796686882611
0.44062500000000004 -0.09587482768209747
0.43118923600620657 -0.10312500000000001
0.415625 -0.10958347472040475
0.400497269789973 -0.12187500000000001
0.401177908888081 -0.146875
0.41269699451835645 -0.15937500000000002
0.42812500000000003 -0.16963401596271138
0.446875 -0.17764615808163417
0.465625 -0.18186009213925147
0.49062500000000003 -0.179440151379539
0.503125 -0.17143469726247026
0.5134571990534471 -0.153125
0.5160502704977895 -0.134375
0.5127897200105532 -0.115625
0.5041457685903851 -0.096875
0.49062500000000003 -0.08556048324710251
0.47604720197470657 -0.09062500000000001
0.45937500000000003 -0.08270319546905289
0.434375 -0.07873168171788719
0.415625 -0.07508729370817235
0.39669199795812626 -0.07187500000000001
0.371875 -0.06820602119045913
0.353125 -0.06349821770936945
0.328125 -0.060758609923119475
0.309375 -0.0564382770259907
0.2882781000558242 -0.053125000000000006
0.265625 -0.049618816628255666
0.246875 -0.04537412832650817
0.22187500000000002 -0.04245016968800007
0.203125 -0.03782274812531805
0.1832763991571496 -0.034375
0.15937500000000002 -0.0305147273970308
0.140625 -0.026071532185654216
0.115625 -0.02237327140336439
0.096875 -0.019015783535627193
0.07643897277635821 -0.015625
0.053125000000000006 -0.012062631994709458
0.034375 -0.007315822603208389
0.009375000000000001 -0.004669446014809741
-0.009375000000000001 0.000784293639716549
-0.028125 0.0032717010810080164
-0.05241865777862822 0.009375000000000001
-0.06233790533827178 0.009375000000000001
-0.084375 0.013664921008704227
-0.10071388811540023 0.015625
-0.115625 0.017293582866787796
-0.12812500000000002 0.019751191916247697
-0.146875 0.02440949970732158
-0.171875 0.026964691780892964
-0.19062500000000002 0.03175105530486973
-0.209375 0.034797021854988876
-0.234375 0.038667419014818204
-0.253125 0.0423887926196419
-0.278125 0.04604859328379826
-0.296875 0.04943804861811101
-0.31562500000000004 0.05366711448540253
-0.340625 0.056795403397849345
-0.359375 0.06238096977075256
-0.38320399087580626 0.065625
-0.403125 0.069778565871006
-0.421875 0.07283436745380456
-0.446875 0.07790542093459014
-0.45904863580915956 0.07187500000000001

0.6715298050784066 -0.059375000000000004
0.6816504050223832 -0.046875
0.696875 -0.03731814239534077
0.7156250000000001 -0.03150866360544563
0.7375661210762204 -0.028125
0.759375 -0.026370756925706982
0.784375 -0.02600632981960889
0.8093750000000001 -0.027272901709944584
0.828125 -0.029616834654234564
0.8481399495511898 -0.034375
0.8656250000000001 -0.045142651605954334
0.8666518047644147 -0.065625
0.8597563736973841 -0.084375
0.8567124418337523 -0.10312500000000001
0.8578213192527604 -0.12812500000000002
0.8593425386343888 -0.153125
0.8564986828440381 -0.178125
0.848458809781817 -0.19687500000000002
0.8385306795488098 -0.209375
0.8224246941128488 -0.22187500000000002
0.8093750000000001 -0.228650525431839
0.790625 -0.23523978894703437
0.765625 -0.24006127125166019
0.7468750000000001 -0.24141835203848455
0.7247043946214623 -0.240625
0.703125 -0.23754873178087427
0.6843750000000001 -0.23198489638510122
0.6663754537552835 -0.22187500000000002
0.6576229210861607 -0.209375
0.6606435008032017 -0.19062500000000002
0.6699983290937791 -0.171875
0.6738344557526067 -0.153125
0.6714075938705316 -0.134375
0.665625 -0.11055334443039093
0.6634791148674043 -0.09062500000000001
0.6662480321529526 -0.07187500000000001
0.6715298050784066 -0.059375000000000004

0.36113773064066235 0.19062500000000002
0.384375 0.19678192311587825
0.403125 0.19946201965515456
0.42812500000000003 0.2011612761718818
0.453125 0.2010720929966002
0.478125 0.1992623148613948
0.496875 0.19665346205346432
0.521875 0.19133926772517124
0.540625 0.18567271437954017
0.5593750000000001 0.1781846346875055
0.5721216626200609 0.171875
0.5906250000000001 0.1605548205586714
0.603125 0.15107616356466247
0.6156250000000001 0.13969256791778345
0.628125 0.12579411889721676
0.6396502410311766 0.109375
0.6468750000000001 0.09562118083338361
0.6531250000000001 0.077283840555321
0.6554400223294333 0.053125000000000006
0.6523674640284081 0.034375
0.6435804812006546 0.015625
0.6311016373593302 0.003125
0.6156250000000001 -0.004717549062402227
0.596875 -0.009907209815742255
0.571875 -0.013705110741021074
0.553125 -0.015706100279199324
0.5281250000000001 -0.018396093368534514
0.5065176617650948 -0.021875000000000002
0.484375 -0.023069668180007864
0.4708112541923531 -0.015625
0.455146709870108 -0.003125
0.4427741631605865 0.009375000000000001
0.43282337998161596 0.021875000000000002
0.421875 0.03957832841392328
0.4148055826125885 0.053125000000000006
0.40506076535148716 0.07187500000000001
0.39687500000000003 0.08560361764017702
0.384375 0.10288212660109711
0.3735951056959705 0.115625
0.3622682029051874 0.12812500000000002
0.3511852956750527 0.140625
0.340625 0.1562152428064293
0.340625 0.17682522223477684
0.353125 0.18697935822178177
0.36113773064066235 0.19062500000000002

-0.21336544684859662 0.146875
-0.22187500000000002 0.16291157860027353
-0.233790181246294 0.178125
-0.24599241032493688 0.19062500000000002
-0.25583032259655514 0.203125
-0.253125 0.22195592191275487
-0.23563639496952968 0.234375
-0.22187500000000002 0.24086071885823987
-0.203125 0.24800596680514408
-0.184375 0.25346877114774036
-0.15937500000000002 0.2588792493206959
-0.140625 0.2616069813856394
-0.115625 0.26302073144794624
-0.09062500000000001 0.26180435940864155
-0.07187500000000001 0.25869370177492484
-0.05309168668972051 0.253125
-0.034375 0.24344848852624848
-0.021875000000000002 0.23098246043534798
-0.014712220563662004 0.215625
-0.012744920998650114 0.19062500000000002
-0.015625 0.16852511032301964
-0.01878330581646233 0.146875
-0.021380173311957615 0.12187500000000001
-0.025564320215840486 0.10312500000000001
-0.034375 0.08924262434788124
-0.04935454204193411 0.078125
-0.065625 0.07168098675919203
-0.09062500000000001 0.06755941963751896
-0.115625 0.06875908117651705
-0.134375 0.07282925278492237
-0.153125 0.07953946935147564
-0.171875 0.0899012594970221
-0.184375 0.09979649188122981
-0.19687500000000002 0.11456787673634532
-0.20471229231707877 0.12812500000000002
-0.21336544684859662 0.146875
-0.21336544684859662 0.146875

-0.46923806959719955 0.140625
-0.453125 0.15257867556389365
-0.44062500000000004 0.16001530795751795
-0.421875 0.1693844126529162
-0.403125 0.1757236865756705
-0.37960099953818194 0.171875
-0.371875 0.15888232817524953
-0.359375 0.14217324644196302
-0.35227847794777983 0.12812500000000002
-0.3494652896553357 0.10312500000000001
-0.35955344244559445 0.09062500000000001
-0.384375 0.0900862040990654
-0.403125 0.09333108519189998
-0.421875 0.09721054726156278
-0.44062500000000004 0.09660247313313361
-0.46560821604628017 0.09062500000000001
-0.47556262572558433 0.096875
-0.4846654897856502 0.09062500000000001
-0.484375 0.07708424445257742
-0.49798181647821066 0.084375
-0.496875 0.10716390879434318
-0.487659036257968 0.12187500000000001
-0.47640498897285855 0.134375
-0.46923806959719955 0.140625

0.4865138765726898 -0.07187500000000001
0.49442301346246936 -0.07187500000000001
0.49713912438156677 -0.053125000000000006
0.4872605759853778 -0.059375000000000004
0.4865138765726898 -0.07187500000000001

-0.47158872135458857 0.078125
-0.45977110945492566 0.078125
-0.47158872135458857 0.078125

0.45937500000000003 -0.09623593244864725
0.45937500000000003 -0.09802184331948507
0.45937500000000003 -0.09623593244864725

-0.45900399136983755 0.07187500000000001
-0.44062500000000004 0.06429419249502058
-0.415625 0.05974106724584528
-0.39687500000000003 0.054413617356996305
-0.37812500000000004 0.050101827785871626
-0.353125 0.04731914011181933
-0.33437500000000003 0.040876941538032396
-0.3137430613670025 0.040625
-0.290625 0.03460895729319687
-0.27187500000000003 0.030323281041478755
-0.246875 0.028504472982313636
-0.22812500000000002 0.023930027927934135
-0.203125 0.02191651035076328
-0.184375 0.017786550868739905
-0.16342158508220006 0.015625
-0.140625 0.011174220627688398
-0.12187500000000001 0.006682086740562306
-0.096875 0.004025463332899662
-0.078125 -0.0007278637620092778
-0.05804538105748337 -0.003125
-0.034375 -0.00800203110360996
-0.015625 -0.013315176780553654
0.009375000000000001 -0.015202549222266399
0.028125 -0.02042639586445162
0.0471552116213101 -0.021875000000000002
0.07187500000000001 -0.027190445757383826
0.09062500000000001 -0.03124401506237927
0.115625 -0.03414952641798871
0.134375 -0.038293099827880095
0.1558724000678987 -0.040625
0.178125 -0.04514027679301702
0.19687500000000002 -0.049477431232530525
0.22187500000000002 -0.05244202256719824
0.240625 -0.05699585928685875
0.2627287826746767 -0.059375000000000004
0.284375 -0.06417769106891082
0.30312500000000003 -0.06906185013958145
0.328125 -0.07134821849880685
0.34687500000000004 -0.07618667621418157
0.36777413406655624 -0.078125
0.390625 -0.08312282800853187
0.40937500000000004 -0.08785652028388773
0.434375 -0.090316348452002
0.453125 -0.09601586649573535
0.453125 -0.09971992166301628
0.434375 -0.10602886227224508
0.4209026251732193 -0.115625
0.4132699489393534 -0.134375
0.421875 -0.1509079187864932
0.434375 -0.16149290475859593
0.453125 -0.17052614682743605
0.47187500000000004 -0.17434760656050094
0.49062500000000003 -0.17187241642544285
0.507222289544653 -0.15937500000000002
0.5146338551732643 -0.140625
0.5124287910429105 -0.115625
0.5039696221082034 -0.096875
0.49062500000000003 -0.08557397624545968
0.475965144979159 -0.09062500000000001
0.45937500000000003 -0.0828156416544571
0.434375 -0.07889145557278755
0.415625 -0.07517963841588601
0.3962112287537991 -0.07187500000000001
0.371875 -0.06831430381112076
0.353125 -0.0636259749256917
0.328125 -0.0609304748461912
0.309375 -0.05654940716336115
0.28789098724788975 -0.053125000000000006
0.265625 -0.04974532257156871
0.246875 -0.04552697271764388
0.22187500000000002 -0.04263221815241307
0.203125 -0.037942838990308314
0.1821477265812255 -0.034375
0.15937500000000002 -0.030648313532016382
0.140625 -0.026228015172192986
0.115625 -0.022572541704497386
0.096875 -0.01915914730818034
0.07606637402964674 -0.015625
0.053125000000000006 -0.01222307169826644
0.034375 -0.0075163111782355334
0.009375000000000001 -0.004878926587792494
-0.009375000000000001 0.0005121036805055619
-0.028898716920863307 0.003125
-0.05283412653556973 0.009375000000000001
-0.06264008037661387 0.009375000000000001
-0.084375 0.01339188096929281
-0.09815071484986605 0.015625
-0.115625 0.017029648390156527
-0.134375 0.0231111974440451
-0.15937500000000002 0.025072457793932516
-0.178125 0.0309349095056118
-0.203125 0.033062675069579675
-0.22187500000000002 0.03757886603085363
-0.24461515007676105 0.040625
-0.265625 0.044135745236237235
-0.284375 0.04750270567957839
-0.309375 0.05105019782656975
-0.328125 0.05561922492657871
-0.35003289297653506 0.059375000000000004
-0.371875 0.06332376426640347
-0.390625 0.06786583182105717
-0.41530613694809054 0.07187500000000001
-0.434375 0.07493311726541536
-0.45900399136983755 0.07187500000000001
-0.45900399136983755 0.07187500000000001

-0.215610412577192 0.153125
-0.20683838192443524 0.134375
-0.19687500000000002 0.11650755454005836
-0.18565409916246287 0.10312500000000001
-0.171875 0.09186956692032094
-0.1585859500108391 0.084375
-0.140625 0.07710480583412196
-0.11672103623441744 0.07187500000000001
-0.096875 0.07064521872837698
-0.078125 0.0725806953111399
-0.05921101042741875 0.078125
-0.040625 0.08927525467129528
-0.029843312540789264 0.10312500000000001
-0.02410127897901925 0.12187500000000001
-0.021531344359945893 0.140625
-0.017567210041378258 0.16562500000000002
-0.01495541479476766 0.184375
-0.015594737187683068 0.209375
-0.021875000000000002 0.22607446363157496
-0.034375 0.2399733912208171
-0.046875 0.24776511964479606
-0.065625 0.2549099767542179
-0.08907740493947701 0.259375
-0.109375 0.261061833614414
-0.134375 0.26032384329804
-0.153125 0.2582278083054738
-0.178125 0.2532032420010425
-0.19687500000000002 0.24809210297200482
-0.215625 0.24125158418550569
-0.23051168817382114 0.234375
-0.246875 0.22342436481715883
-0.25447693751593015 0.209375
-0.246875 0.19410337423387947
-0.234375 0.18010311652625421
-0.22286034940710678 0.16562500000000002
-0.215610412577192 0.153125
-0.215610412577192 0.153125

-0.46897481879267533 0.140625
-0.453125 0.1522073036251529
-0.44003604205557495 0.15937500000000002
-0.421875 0.16795079583716127
-0.403125 0.17321403209022262
-0.384375 0.17112035138947956
-0.371875 0.15645318851004694
-0.3594979062813618 0.140625
-0.353125 0.12773497766647526
-0.35125410931053686 0.10312500000000001
-0.36453807912334496 0.09062500000000001
-0.37815264044393704 0.09062500000000001
-0.403125 0.0942209224472923
-0.421875 0.09752590462466405
-0.4396140579978908 0.096875
-0.453125 0.09476768112928816
-0.4755443827765033 0.096875
-0.4846657011908595 0.09062500000000001
-0.484375 0.07709201216758056
-0.49798040071940625 0.084375
-0.496875 0.10715314742448467
-0.4876239863962858 0.12187500000000001
-0.476257259364904 0.134375
-0.46897481879267533 0.140625

0.43173924682198883 0.046875
0.44062500000000004 0.030875282820191002
0.4519491775132654 0.015625
0.4647577208209009 0.003125
0.478125 -0.006156934494918163
0.496875 -0.012406173088462782
0.521875 -0.012732205087095173
0.546875 -0.011415926024392172
0.5710687441307258 -0.009375000000000001
0.5906250000000001 -0.006217456451971866
0.609375 -0.0008603060618892597
0.627479674421389 0.009375000000000001
0.6382874223912951 0.021875000000000002
0.6457044181640285 0.040625
0.647171586877517 0.059375000000000004
0.6438221024176081 0.078125
0.6358504145865174 0.096875
0.6279172154428777 0.109375
0.6156250000000001 0.12414649954748042
0.603125 0.13597507172152978
0.5888266565168199 0.146875
0.571875 0.15726082024324217
0.5541966084413178 0.16562500000000002
0.5371209319645981 0.171875
0.515625 0.17764041568599445
0.496875 0.1809771821564285
0.47187500000000004 0.1832387198552886
0.446875 0.1830848074621416
0.421875 0.18006165962471393
0.403125 0.17472973151481175
0.3882975101735392 0.16562500000000002
0.38319676559369864 0.146875
0.390625 0.12818545583766028
0.39769895608702505 0.115625
0.4083204590358845 0.096875
0.415625 0.082554558565654
0.4232742763241241 0.065625
0.43173924682198883 0.046875
0.43173924682198883 0.046875

0.4873186958271266 -0.07187500000000001
0.49367949057456484 -0.07187500000000001
0.4873186958271266 -0.07187500000000001
0.4873186958271266 -0.07187500000000001

0.790625 -0.0300174883052561
0.765625 -0.029556275779219526
0.7406250000000001 -0.031048466482223498
0.7197787699049554 -0.034375
0.6994106453731006 -0.040625
0.6843750000000001 -0.04952320060276446
0.671875 -0.06508110915869039
0.6657352515154361 -0.084375
0.665625 -0.10268151902741089
0.6694124229894113 -0.12187500000000001
0.6738916945933917 -0.140625
0.6741149658402336 -0.16562500000000002
0.6676399683079619 -0.184375
0.6643775265919822 -0.203125
0.671875 -0.21581443205827955
0.690625 -0.22690041014839776
0.7093750000000001 -0.23239816216343973
0.728125 -0.2350633375109397
0.753125 -0.2355324630896549
0.7718750000000001 -0.23356829102854648
0.794719369592259 -0.22812500000000002
0.8106447544986235 -0.22187500000000002
0.828125 -0.211323841215342
0.8406250000000001 -0.19913006357594862
0.8496868382760101 -0.184375
0.8550756885273381 -0.16562500000000002
0.855841480363402 -0.140625
0.8534417793444 -0.115625
0.8528538172089251 -0.096875
0.8552783772129647 -0.078125
0.8559550639293669 -0.053125000000000006
0.8425139698604939 -0.040625
0.8237957524545356 -0.034375
0.8031250000000001 -0.031050683800413096
0.790625 -0.0300174883052561

-0.47157403679303217 0.078125
-0.45978552357841374 0.078125
-0.47157403679303217 0.078125

-0.45895934693051554 0.07187500000000001
-0.44062500000000004 0.06448449684778895
-0.415625 0.059807560600975564
-0.39687500000000003 0.054568321076506075
-0.37812500000000004 0.0508178806097197
-0.353125 0.04743698147337995
-0.33437500000000003 0.04119003557655082
-0.31259413696032035 0.040625
-0.290625 0.03480646049973982
-0.27187500000000003 0.031610826313525665
-0.246875 0.028653187936925395
-0.22812500000000002 0.024463382592163022
-0.203125 0.02206201152734475
-0.184375 0.018141436419667745
-0.1618368996238092 0.015625
-0.140625 0.01147477417692936
-0.12187500000000001 0.007326195971872876
-0.096875 0.004305244821359392
-0.078125 -0.0002673395971499711
-0.0553044895638166 -0.003125
-0.034375 -0.007670120282942066
-0.015625 -0.012594943348322084
0.009375000000000001 -0.014931032670323315
0.028125 -0.019979853756817805
0.04888484705011405 -0.021875000000000002
0.07187500000000001 -0.026896818389954558
0.09062500000000001 -0.030276266109637105
0.115625 -0.03393331422338859
0.134375 -0.0377414144662407
0.15737484850010655 -0.040625
0.178125 -0.044781816477417476
0.19687500000000002 -0.04845062944535313
0.22187500000000002 -0.05220315383764351
0.240625 -0.05646510237822295
0.26516630869214447 -0.059375000000000004
0.284375 -0.06386969778726094
0.30312500000000003 -0.06812740895970835
0.328125 -0.07113869347235725
0.34687500000000004 -0.07568702622839311
0.36986848991482746 -0.078125
0.390625 -0.08283542562248289
0.40937500000000004 -0.08676224532409693
0.434375 -0.09014323557618178
0.453125 -0.09550528746071527
0.453125 -0.10141064534007022
0.4361168826638911 -0.109375
0.42565079861324906 -0.12187500000000001
0.42812500000000003 -0.14327171775463937
0.44062500000000004 -0.15624108668609119
0.45937500000000003 -0.16548721320891704
0.478125 -0.1685683915232651
0.496875 -0.16393176639589288
0.509375 -0.15151008721117185
0.5142463088465534 -0.12812500000000002
0.509375 -0.10876356589946018
0.5001668041107726 -0.09062500000000001
0.4787400223897878 -0.09062500000000001
0.4698085777010856 -0.084375
0.446875 -0.0810364266080861
0.42812500000000003 -0.07701569756147843
0.403125 -0.07417705819266791
0.384375 -0.06942686855176139
0.359375 -0.06608849582477551
0.340625 -0.06237748287512194
0.321875 -0.05865681894496082
0.296875 -0.05527696308828912
0.278125 -0.05104238379493376
0.253125 -0.04690704788247498
0.234375 -0.04405452611849703
0.215625 -0.04013761507778736
0.19062500000000002 -0.0370152790864252
0.171875 -0.03208586856824856
0.146875 -0.028831680473431435
0.12812500000000002 -0.025016904891292734
0.1089807309089707 -0.021875000000000002
0.084375 -0.01786260309648538
0.065625 -0.014011703257060838
0.040625 -0.010209933047349105
0.021875000000000002 -0.006532731218261317
0.003125 -0.0010215267627536255
-0.021875000000000002 0.0020455809665482745
-0.040625 0.006534259100866788
-0.06294225541495596 0.009375000000000001
-0.084375 0.013118840929881394
-0.10403742568054018 0.015625
-0.12812500000000002 0.019444051909633584
-0.146875 0.02398343769441662
-0.171875 0.026660352601680613
-0.19062500000000002 0.03146670856926115
-0.209375 0.03446017589861209
-0.234375 0.038490014020871696
-0.253125 0.04220863045836191
-0.278125 0.045819472141621034
-0.296875 0.0493089032318141
-0.31562500000000004 0.05342845331112613
-0.340625 0.056668977897965093
-0.359375 0.0622661862682832
-0.3835949698261171 0.065625
-0.403125 0.0696873097713118
-0.421875 0.07271123032969655
-0.446875 0.07782345313550197
-0.45895934693051554 0.07187500000000001

0.7093750000000001 -0.226903695341902
0.690625 -0.22046622257152032
0.6751658778220737 -0.209375
0.6699876347670185 -0.19062500000000002
0.6747956296725605 -0.171875
0.6761510867292925 -0.146875
0.671875 -0.12706676755303017
0.667023983510877 -0.10312500000000001
0.6691943959446941 -0.078125
0.6781250000000001 -0.06074342772878621
0.690625 -0.04922600887754668
0.7091506514279202 -0.040625
0.728125 -0.035959854168107354
0.7468750000000001 -0.03367155234262538
0.7718750000000001 -0.032831034773157367
0.7963005720377185 -0.034375
0.815625 -0.03773206454767449
0.8343750000000001 -0.0446965791774605
0.846875 -0.05730716799970253
0.8493489742509824 -0.078125
0.8492336664337579 -0.10312500000000001
0.8518129750659401 -0.12812500000000002
0.8529592265642728 -0.153125
0.8479690212605823 -0.178125
0.8406250000000001 -0.19173729917631796
0.828125 -0.20530702344532148
0.8125284404497239 -0.215625
0.796875 -0.22248913206743812
0.7751591499758742 -0.22812500000000002
0.753125 -0.23079412397429006
0.728125 -0.23009781976182633
0.7093750000000001 -0.226903695341902
0.7093750000000001 -0.226903695341902

0.6096193145316728 0.115625
0.596875 0.12712870526455378
0.584375 0.1362205382008935
0.5656660848206805 0.146875
0.5513918165103993 0.153125
0.5325860959483447 0.15937500000000002
0.509375 0.1643847050509572
0.49062500000000003 0.16638755532940053
0.465625 0.16612278095075242
0.446875 0.16301103171435835
0.42812500000000003 0.154950116913005
0.41775681961262906 0.140625
0.41997327697361736 0.115625
0.4261106279679507 0.096875
0.4326328040265319 0.078125
0.43934046644373176 0.059375000000000004
0.446875 0.04218743934368827
0.45525443160585327 0.028125
0.46576473239102467 0.015625
0.4818518171471163 0.003125
0.496875 -0.003188368786000713
0.521875 -0.006369925117259161
0.546875 -0.0063364504928962485
0.571875 -0.004433950518512973
0.5906250000000001 -0.0009566964852198716
0.609375 0.005834225230015827
0.6234211321457559 0.015625
0.634375 0.03192451067592726
0.6387721316414376 0.053125000000000006
0.6344009650765712 0.078125
0.628125 0.0915408899449444
0.6156250000000001 0.10911394659977135
0.6096193145316728 0.115625

-0.2148848333697732 0.153125
-0.20596397819192036 0.134375
-0.19687500000000002 0.11830227658498182
-0.184375 0.10367049482768868
-0.171875 0.09370248953294129
-0.15422870676641837 0.084375
-0.13617468397519328 0.078125
-0.115625 0.07410075897551414
-0.09062500000000001 0.0739260717490067
-0.06978780910417369 0.078125
-0.053125000000000006 0.08512437329105832
-0.03851320252378983 0.096875
-0.0284662580780021 0.115625
-0.02439553973417432 0.134375
-0.021322728762938448 0.153125
-0.01715982520298424 0.178125
-0.016546224217532553 0.203125
-0.022206527124748934 0.22187500000000002
-0.034375 0.23685053829836097
-0.05042597435447385 0.246875
-0.06746072939904162 0.253125
-0.09062500000000001 0.25788719152576206
-0.115625 0.2592960176360433
-0.140625 0.2581985200653615
-0.16562500000000002 0.2544784995133935
-0.184375 0.2501476684836558
-0.203125 0.24424266146298657
-0.22187500000000002 0.23646234709571604
-0.23670915374415494 0.22812500000000002
-0.24951379937289186 0.215625
-0.246875 0.19633382905720279
-0.234375 0.18135708608419196
-0.22204964925149615 0.16562500000000002
-0.2148848333697732 0.153125
-0.2148848333697732 0.153125

-0.4687115679881511 0.140625
-0.453125 0.15183593168641213
-0.4384488006652785 0.15937500000000002
-0.421875 0.16651717902140634
-0.39687500000000003 0.17127844621439095
-0.37812500000000004 0.16127093592577726
-0.36562500000000003 0.14694262137016612
-0.3568553213878551 0.134375
-0.351667284503396 0.115625
-0.35750614737058223 0.096875
-0.37812500000000004 0.09189681136473074
-0.403125 0.09511075970268462
-0.421875 0.09784126198776531
-0.4419378550649391 0.096875
-0.465625 0.09068785675600442
-0.47843565391691584 0.096875
-0.480863591467078 0.084375
-0.49062500000000003 0.08137309407865578
-0.5013474647629726 0.096875
-0.4920078190181095 0.115625
-0.4823869905350297 0.12812500000000002
-0.4687115679881511 0.140625
-0.4687115679881511 0.140625

0.48812351508156343 -0.07187500000000001
0.4929359676866603 -0.07187500000000001
0.48812351508156343 -0.07187500000000001

-0.4715593522314758 0.078125
-0.4597999377019018 0.078125
-0.4715593522314758 0.078125

-0.4589147024911935 0.07187500000000001
-0.44062500000000004 0.06467480120055731
-0.415625 0.05987405395610585
-0.39687500000000003 0.05472302479601584
-0.37812500000000004 0.05153393343356778
-0.353125 0.04755482283494057
-0.33437500000000003 0.041503129615069245
-0.3114452125536383 0.040625
-0.290625 0.03500396370628278
-0.27187500000000003 0.03289837158557258
-0.246875 0.028801902891537154
-0.22812500000000002 0.02499673725639191
-0.203125 0.022207512703926218
-0.184375 0.018496321970595586
-0.16025221416541832 0.015625
-0.140625 0.011775327726170324
-0.12187500000000001 0.007970305203183446
-0.096875 0.004585026309819121
-0.078125 0.0001931845677093356
-0.053125000000000006 -0.003012278731957081
-0.034375 -0.00733820946227417
-0.015625 -0.011874709916090513
0.009375000000000001 -0.01465951611838023
0.028125 -0.01953331164918399
0.05061448247891799 -0.021875000000000002
0.07187500000000001 -0.026603191022525285
0.09062500000000001 -0.02930851715689494
0.115625 -0.03371710202878846
0.134375 -0.037189729104601305
0.1588772969323144 -0.040625
0.178125 -0.04442335616181793
0.19687500000000002 -0.04742382765817574
0.22187500000000002 -0.051964285108088794
0.240625 -0.05593434546958714
0.265625 -0.05917623771737763
0.284375 -0.06356170450561108
0.30312500000000003 -0.06719296777983527
0.328125 -0.07092916844590764
0.34687500000000004 -0.07518737624260467
0.371875 -0.07811652311264347
0.390625 -0.08254802323643391
0.40937500000000004 -0.08566797036430612
0.434375 -0.08997012270036159
0.453125 -0.0949947084256952
0.453125 -0.10310136901712413
0.44062500000000004 -0.11054755010444689
0.4314341929138031 -0.12812500000000002
0.4396938640442412 -0.146875
0.453125 -0.1570474328337905
0.47187500000000004 -0.1633423829591738
0.496875 -0.15962916057734566
0.509375 -0.14738813645567803
0.5136030140105907 -0.12812500000000002
0.509375 -0.10924018117684046
0.5000938327284035 -0.09062500000000001
0.4787625330365623 -0.09062500000000001
0.46944807293701013 -0.084375
0.446875 -0.08112032072092175
0.42812500000000003 -0.07715334739283422
0.403125 -0.07430424267182298
0.384375 -0.06953066972124569
0.359375 -0.0663885887685796
0.340625 -0.062479770960153246
0.321875 -0.058832032195879555
0.296875 -0.05540699864856053
0.278125 -0.05116561609884274
0.253125 -0.047175551864824396
0.234375 -0.04417107418591403
0.215625 -0.040334703280151846
0.19062500000000002 -0.03715223810695938
0.171875 -0.03222222647184394
0.146875 -0.02911423092787241
0.12812500000000002 -0.02516733038194335
0.10852335458845683 -0.021875000000000002
0.084375 -0.018053804864569784
0.065625 -0.01417789554092249
0.040625 -0.010585811689133515
0.021875000000000002 -0.006729111256245144
0.003125 -0.001233156573990361
-0.021875000000000002 0.0017869606401665896
-0.040625 0.0063063835226471274
-0.06324443045329804 0.009375000000000001
-0.084375 0.012845800890469977
-0.10434770336065129 0.015625
-0.12812500000000002 0.019290481906326526
-0.146875 0.02377040668796414
-0.171875 0.026508183012074436
-0.19062500000000002 0.03132453520145685
-0.20967310005724496 0.034375
-0.234375 0.03840131152389844
-0.253125 0.04211854937772191
-0.278125 0.045704911570532414
-0.296875 0.049244330538665636
-0.31562500000000004 0.05330912272398793
-0.340625 0.056605765148022964
-0.359375 0.06220879451704852
-0.38379045930127254 0.065625
-0.403125 0.06964168172146469
-0.421875 0.07264966176764254
-0.446875 0.07778246923595789
-0.4589147024911935 0.07187500000000001

-0.08234967182188022 0.078125
-0.062071235733896564 0.084375
-0.046875 0.09352990379722188
-0.034375 0.1089312304073424
-0.028125 0.1267859828155979
-0.02404651725936003 0.146875
-0.020566077077586557 0.16562500000000002
-0.01763599798559726 0.19062500000000002
-0.02167023800751353 0.215625
-0.029005259273691925 0.22812500000000002
-0.04339817159711415 0.240625
-0.059375000000000004 0.24855435556687225
-0.078125 0.2539504407996874
-0.10312500000000001 0.25745825673957706
-0.12812500000000002 0.2576699104535743
-0.153125 0.25521822118007625
-0.171875 0.2516704455077566
-0.19062500000000002 0.24658446830758318
-0.209375 0.23998634185566226
-0.22812500000000002 0.23102518570140682
-0.24086918363337667 0.22187500000000002
-0.24815902100460963 0.203125
-0.240625 0.18999901277331147
-0.22812500000000002 0.1751246967711797
-0.21750073121839542 0.15937500000000002
-0.209375 0.14312208555696007
-0.20176269109255876 0.12812500000000002
-0.19062500000000002 0.1118914360102058
-0.178125 0.09997598083292748
-0.1633560703233323 0.09062500000000001
-0.146875 0.08332049484316828
-0.1267020628804555 0.078125
-0.10312500000000001 0.07593820740798396
-0.08234967182188022 0.078125
-0.08234967182188022 0.078125

0.465625 0.1459426745582339
0.44837462200378136 0.134375
0.442114960387009 0.115625
0.4444789744629838 0.09062500000000001
0.44861322556772965 0.07187500000000001
0.45441138638636586 0.053125000000000006
0.4636022817647845 0.034375
0.4733150322193915 0.021875000000000002
0.48923831156802744 0.009375000000000001
0.5047014784665259 0.003125
0.5281250000000001 -0.00043276515098477015
0.553125 -0.0008076036934410017
0.578125 0.0018391519368816788
0.596875 0.007164954490785678
0.6120286038344867 0.015625
0.6231877097440877 0.028125
0.6295439265963916 0.046875
0.628125 0.06716877231588815
0.6213079880993696 0.084375
0.609375 0.10122008732357352
0.596875 0.11354641632704186
0.584375 0.12307154753824215
0.565625 0.13391243403651354
0.5497340317902993 0.140625
0.5283263381468567 0.146875
0.509375 0.1498489901872733
0.484375 0.14991949344600813
0.465625 0.1459426745582339
0.465625 0.1459426745582339

0.7089989138530594 -0.22187500000000002
0.728125 -0.22568644632260212
0.753125 -0.22657024714704863
0.7781250000000001 -0.2234798757304569
0.796875 -0.21818126161811022
0.815176979839174 -0.209375
0.828125 -0.19986698744040268
0.8406250000000001 -0.18466496421558512
0.846875 -0.17054028352825656
0.8503037480437123 -0.146875
0.848268343137159 -0.12187500000000001
0.8458160689309441 -0.10312500000000001
0.8439145427633862 -0.078125
0.8391991539633114 -0.059375000000000004
0.825396829490721 -0.046875
0.8082113324495178 -0.040625
0.784375 -0.03678091195745327
0.759375 -0.0360090719331579
0.734375 -0.03798476985143093
0.7156250000000001 -0.04184318202412151
0.696875 -0.04919251855980512
0.683274213847179 -0.059375000000000004
0.671875 -0.0769576007497682
0.6681669298208225 -0.096875
0.6716915384937403 -0.12187500000000001
0.6763011498021244 -0.140625
0.6783905180147825 -0.15937500000000002
0.675945941229645 -0.178125
0.6779343073045161 -0.203125
0.690625 -0.21449037917506153
0.7089989138530594 -0.22187500000000002
0.7089989138530594 -0.22187500000000002

-0.46844831718362684 0.140625
-0.453125 0.15146455974767137
-0.43686155927498216 0.15937500000000002
-0.42024180349694534 0.16562500000000002
-0.39687500000000003 0.1691517547816954
-0.37926920733430936 0.15937500000000002
-0.36695988550636854 0.146875
-0.35785767457410694 0.134375
-0.3527777357612304 0.115625
-0.359375 0.0977005731949906
-0.37812500000000004 0.09317236108218556
-0.403125 0.09600059695807693
-0.421875 0.09815661935086659
-0.44311125080938196 0.096875
-0.465625 0.09072574514564753
-0.47843783458198125 0.096875
-0.48086773320208104 0.084375
-0.49062500000000003 0.08137403396775617
-0.5013457067822336 0.096875
-0.49198989858186865 0.115625
-0.48231097883526614 0.12812500000000002
-0.46844831718362684 0.140625
-0.46844831718362684 0.140625

0.4889283343360003 -0.07187500000000001
0.4921924447987558 -0.07187500000000001
0.4889283343360003 -0.07187500000000001

-0.4715446676699194 0.078125
-0.4598143518253899 0.078125
-0.4715446676699194 0.078125

0.4716470505430676 -0.096875
0.4716470505430676 -0.096875
0.4716470505430676 -0.096875

-0.4588700580518715 0.07187500000000001
-0.44062500000000004 0.06486510555332567
-0.415625 0.05994054731123614
-0.39687500000000003 0.0548777285155256
-0.37812500000000004 0.052249986257415865
-0.353125 0.047672664196501194
-0.33437500000000003 0.04181622365358767
-0.3102962881469562 0.040625
-0.290625 0.03520146691282574
-0.27187500000000003 0.034185916857619486
-0.246875 0.028950617846148916
-0.22812500000000002 0.025530091920620796
-0.203125 0.02235301388050769
-0.184375 0.018851207521523427
-0.15937500000000002 0.015791924975456333
-0.140625 0.012075881275411284
-0.12187500000000001 0.008614414434494014
-0.096875 0.00486480779827885
-0.078125 0.0006537087325686423
-0.053125000000000006 -0.0024619479469941137
-0.034375 -0.007006298641606276
-0.015625 -0.011154476483858942
0.009375000000000001 -0.014387999566437147
0.028125 -0.019086769541550176
0.052344117907721935 -0.021875000000000002
0.07187500000000001 -0.026309563655096017
0.09062500000000001 -0.028340768204152773
0.115625 -0.03350088983418834
0.134375 -0.03663804374296191
0.15937500000000002 -0.04046151655635363
0.178125 -0.04406489584621839
0.19760317328938806 -0.046875
0.22187500000000002 -0.05172541637853407
0.240625 -0.05540358856095134
0.265625 -0.058931402596571474
0.284375 -0.0632537112239612
0.30312500000000003 -0.06625852659996218
0.328125 -0.07071964341945805
0.34687500000000004 -0.07468772625681623
0.371875 -0.07791442322775376
0.390625 -0.08226062085038494
0.40937500000000004 -0.08457369540451533
0.434375 -0.08979700982454138
0.453125 -0.09448412939067512
0.45587491455028245 -0.10312500000000001
0.4408472169016098 -0.115625
0.4385384869559873 -0.134375
0.44728209904091687 -0.146875
0.465625 -0.15755644724857626
0.484375 -0.15975520487046221
0.5015412682378658 -0.153125
0.5107637009030397 -0.140625
0.5113460041399824 -0.115625
0.5034411826616584 -0.096875
0.49062500000000003 -0.08561445524053114
0.4757189739925162 -0.09062500000000001
0.45937500000000003 -0.0831529802106697
0.434375 -0.07937077713748862
0.415625 -0.07545667253902699
0.39476892114081763 -0.07187500000000001
0.371875 -0.06863915167310566
0.353125 -0.06400924657465851
0.328125 -0.06144606961540637
0.309375 -0.0568827975754725
0.2867296488240863 -0.053125000000000006
0.265625 -0.05012484040150784
0.246875 -0.04598550589105103
0.22187500000000002 -0.04317836354565205
0.203125 -0.038303111585279125
0.1787617088534532 -0.034375
0.15937500000000002 -0.03104907193697313
0.140625 -0.026697464131809304
0.115625 -0.023170352607896363
0.096875 -0.019589238625839788
0.0749485777895123 -0.015625
0.053125000000000006 -0.012704390808937384
0.034375 -0.008117776903316965
0.009375000000000001 -0.00550736830674075
-0.009375000000000001 -0.00030446619712739794
-0.03326192853642723 0.003125
-0.053125000000000006 0.008220609914718575
-0.07139161068808751 0.009375000000000001
-0.084375 0.012572760851058561
-0.10465798104076239 0.015625
-0.12812500000000002 0.01913691190301947
-0.146875 0.023557375681511665
-0.171875 0.026356013422468263
-0.19062500000000002 0.031182361833652562
-0.2102762070934901 0.034375
-0.234375 0.03831260902692519
-0.253125 0.042028468297081914
-0.278125 0.0455903509994438
-0.296875 0.049179757845517175
-0.31562500000000004 0.05318979213684973
-0.340625 0.05654255239808084
-0.359375 0.062151402765813844
-0.38398594877642794 0.065625
-0.403125 0.06959605367161759
-0.421875 0.07258809320558854
-0.446875 0.0777414853364138
-0.4588700580518715 0.07187500000000001

-0.078125 0.08172340715633436
-0.10312500000000001 0.07840991946040905
-0.12812500000000002 0.0802612319649666
-0.146875 0.08518628445954557
-0.16562500000000002 0.09341123092473831
-0.17976664078061674 0.10312500000000001
-0.19221751176478677 0.115625
-0.203125 0.13222139807595815
-0.210358435587858 0.146875
-0.22051659183676398 0.16562500000000002
-0.22973937418008014 0.178125
-0.240625 0.19217897462885103
-0.2432459239248565 0.215625
-0.22923640471750995 0.22812500000000002
-0.215625 0.23554889746425883
-0.19687500000000002 0.24317140308786808
-0.178125 0.2487652917538836
-0.156337980299019 0.253125
-0.134375 0.2559361048565926
-0.109375 0.25633387445076267
-0.084375 0.25345811503889826
-0.065625 0.24885529341348891
-0.0472934190163979 0.240625
-0.034375 0.2309223516882502
-0.023741525759520016 0.215625
-0.019335520941973182 0.19687500000000002
-0.020948913328431747 0.171875
-0.024409340669974376 0.153125
-0.028464621664892185 0.134375
-0.034375 0.11536178266280403
-0.046875 0.09771960580875323
-0.059375000000000004 0.0889495840644866
-0.078125 0.08172340715633436
-0.078125 0.08172340715633436

0.6702463980270122 -0.09062500000000001
0.6714480639097613 -0.115625
0.6760152573546984 -0.134375
0.6796127381254972 -0.153125
0.6787674265259988 -0.178125
0.6843750000000001 -0.20310360127515603
0.696875 -0.21256536133632392
0.7156250000000001 -0.21937107162333153
0.734375 -0.22231945931780908
0.759375 -0.22238768764091088
0.7781250000000001 -0.2197363830739939
0.796875 -0.21420656440800284
0.815625 -0.2048004317820015
0.828125 -0.19479834450898134
0.8403452168879608 -0.178125
0.8464338342653152 -0.15937500000000002
0.8474658681020796 -0.140625
0.8455689469978964 -0.12187500000000001
0.841673591572193 -0.096875
0.8388441172852368 -0.078125
0.8311672733701567 -0.059375000000000004
0.815625 -0.048005024682083015
0.796875 -0.04217847712566712
0.7781250000000001 -0.03957731058491052
0.753125 -0.039133684991840174
0.734375 -0.040908957294501586
0.7095444155440259 -0.046875
0.6960893122056154 -0.053125000000000006
0.6812792700675673 -0.065625
0.671875 -0.08328589374806988
0.6702463980270122 -0.09062500000000001

-0.4681850663791026 0.140625
-0.453125 0.1510931878089306
-0.43527431788468574 0.15937500000000002
-0.41591743236022405 0.16562500000000002
-0.39687500000000003 0.1670250633489998
-0.38183603708111885 0.15937500000000002
-0.36834586754637233 0.146875
-0.3588600277603588 0.134375
-0.3544683330258187 0.109375
-0.36562500000000003 0.0958959375971042
-0.390625 0.0954670977739074
-0.40937500000000004 0.09716457740244289
-0.434375 0.09731870130020877
-0.453125 0.09532334764541994
-0.47548965392926 0.096875
-0.4846663354064873 0.09062500000000001
-0.484375 0.07711531531259001
-0.49797615344299306 0.084375
-0.496875 0.10712086331490914
-0.487518836811239 0.12187500000000001
-0.4758140705410402 0.134375
-0.4681850663791026 0.140625

0.4897331535904371 -0.07187500000000001
0.49144892191085127 -0.07187500000000001
0.4897331535904371 -0.07187500000000001

0.6071733062962908 0.021875000000000002
0.6164845768056247 0.034375
0.6198854262786385 0.059375000000000004
0.6134921868408114 0.078125
0.603125 0.09301202453790823
0.5906250000000001 0.10510353807842356
0.5755513481342026 0.115625
0.5593750000000001 0.12389099393350123
0.540625 0.1303524977786268
0.5161826714884278 0.134375
0.503125 0.13433249884541715
0.47959270090101874 0.12812500000000002
0.46646884742840666 0.115625
0.4612807660291636 0.096875
0.46251126704814305 0.07187500000000001
0.46705766414392064 0.053125000000000006
0.4763258493231081 0.034375
0.4875606446228925 0.021875000000000002
0.503125 0.012358753461739667
0.521875 0.007026098072783563
0.546875 0.0048695390639437374
0.571875 0.0067126599878490605
0.5906250000000001 0.011823223268262387
0.6071733062962908 0.021875000000000002
0.6071733062962908 0.021875000000000002

-0.471529983108363 0.078125
-0.45982876594887795 0.078125
-0.471529983108363 0.078125

0.4701862005272984 -0.096875
0.4701862005272984 -0.096875
0.4701862005272984 -0.096875

-0.45882541361254947 0.07187500000000001
-0.44062500000000004 0.06505540990609404
-0.415625 0.06000704066636643
-0.39687500000000003 0.055032432235035365
-0.37812500000000004 0.052966039081263946
-0.353125 0.04779050555806182
-0.33437500000000003 0.042129317692106094
-0.309375 0.040644776737169895
-0.290625 0.0353989701193687
-0.27136958611415274 0.034375
-0.246875 0.029099332800760675
-0.22812500000000002 0.026063446584849683
-0.203125 0.02249851505708916
-0.184375 0.019206093072451268
-0.15937500000000002 0.016165825067057875
-0.140625 0.012376434824652248
-0.12187500000000001 0.009258523665804584
-0.096875 0.005144589286738579
-0.078125 0.0011142328974279494
-0.053125000000000006 -0.0019116171620311459
-0.034375 -0.006674387820938381
-0.015625 -0.010434243051627372
0.009375000000000001 -0.014116483014494063
0.028125 -0.01864022743391636
0.053125000000000006 -0.02168188148215211
0.07187500000000001 -0.026015936287666745
0.09147573617446188 -0.028125
0.115625 -0.03328467763958822
0.134375 -0.036086358381322514
0.15937500000000002 -0.040217051190031466
0.178125 -0.04370643553061884
0.19916746221121776 -0.046875
0.22187500000000002 -0.05148654764897935
0.240625 -0.05487283165231553
0.265625 -0.05868656747576532
0.284375 -0.06294571794231134
0.304067982433913 -0.065625
0.328125 -0.07051011839300844
0.34687500000000004 -0.07418807627102778
0.371875 -0.07771232334286404
0.390625 -0.08197321846433596
0.41064129226791213 -0.084375
0.434375 -0.08962389694872117
0.453125 -0.09397355035565504
0.4586638090468359 -0.10312500000000001
0.4445977714693123 -0.115625
0.446875 -0.13960496516223153
0.45937500000000003 -0.15066768710318498
0.478125 -0.15671031986376832
0.4972928690561165 -0.153125
0.5094736494796315 -0.140625
0.5109850751723397 -0.115625
0.5032650361794767 -0.096875
0.49062500000000003 -0.0856279482388883
0.47563691699696864 -0.09062500000000001
0.45937500000000003 -0.08326542639607391
0.434375 -0.07953055099238897
0.415625 -0.07554901724674065
0.39428815193649047 -0.07187500000000001
0.371875 -0.0687474342937673
0.353125 -0.06413700379098078
0.328125 -0.061617934538478095
0.309375 -0.05699392771284296
0.28634253601615184 -0.053125000000000006
0.265625 -0.05025134634482088
0.246875 -0.04613835028218674
0.22187500000000002 -0.04336041201006505
0.203125 -0.038423202450269395
0.178125 -0.034676614495435146
0.15937500000000002 -0.03118265807195871
0.140625 -0.026853947118348074
0.115625 -0.02336962290902936
0.096875 -0.019732602398392935
0.07457597904280083 -0.015625
0.053125000000000006 -0.012864830512494364
0.034375 -0.008318265478344107
0.009375000000000001 -0.0057168488797235024
-0.009375000000000001 -0.000576656156338385
-0.034375 0.0029907814881423517
-0.053125000000000006 0.0077186773692863395
-0.07055321076027408 0.009375000000000001
-0.084375 0.012299720811647145
-0.1049682587208735 0.015625
-0.12812500000000002 0.018983341899712413
-0.140625 0.02157876908877725
-0.15937500000000002 0.02440871481105194
-0.178125 0.030391838357266113
-0.203125 0.032599800797226394
-0.22187500000000002 0.03723803973539595
-0.24532271187181034 0.040625
-0.265625 0.04388962774180592
-0.284375 0.047066219836975655
-0.309375 0.050798742121208315
-0.328125 0.05535960680386398
-0.35216605088108544 0.059375000000000004
-0.371875 0.06306908454556538
-0.390625 0.06762892882705501
-0.415625 0.0717678043716256
-0.434375 0.07479676548327922
-0.45882541361254947 0.07187500000000001
-0.45882541361254947 0.07187500000000001

0.6092020499210989 0.059375000000000004
0.609375 0.045737141873810554
0.6006369034064816 0.028125
0.584375 0.017332705549079352
0.565625 0.01247321560670094
0.540625 0.011821904366200835
0.5189508399967638 0.015625
0.503125 0.022709950346302098
0.4900680992103272 0.034375
0.4803352275476233 0.053125000000000006
0.4771701101599563 0.07187500000000001
0.47914385522080627 0.09062500000000001
0.49062500000000003 0.10923845440793162
0.503125 0.11592528715751638
0.5281250000000001 0.11835431287925163
0.546875 0.1149817997334634
0.565625 0.10779221550523561
0.5832360059989753 0.096875
0.5964622710320738 0.084375
0.6047917614829174 0.07187500000000001
0.6092020499210989 0.059375000000000004

-0.07855236048077104 0.084375
-0.10312500000000001 0.08053046228123346
-0.12812500000000002 0.08218453486501594
-0.146875 0.08686917476958325
-0.16562500000000002 0.09508072831441435
-0.178125 0.10337856536093022
-0.19088365674819352 0.115625
-0.203125 0.1339487583088864
-0.20960668277267336 0.146875
-0.2197553954291889 0.16562500000000002
-0.22872667241352665 0.178125
-0.240625 0.19477980068498113
-0.240625 0.21516128176260688
-0.22812500000000002 0.2267122392328209
-0.21438150471392944 0.234375
-0.19687500000000002 0.24162543761724578
-0.178125 0.24729272832884108
-0.153125 0.2524296589462842
-0.134375 0.2545575251392645
-0.109375 0.25489999757287946
-0.09062500000000001 0.25295231840462834
-0.065625 0.24695911127703105
-0.05103149043577614 0.240625
-0.034429805879763124 0.22812500000000002
-0.025791827387527423 0.215625
-0.0209523704367408 0.19687500000000002
-0.021875000000000002 0.17546725669343208
-0.025924567522879992 0.153125
-0.030344750555573986 0.134375
-0.036985978502291045 0.115625
-0.046875 0.10169924825850675
-0.06232634713988893 0.09062500000000001
-0.07855236048077104 0.084375
-0.07855236048077104 0.084375

0.6711896908777906 -0.096875
0.6760124443062026 -0.078125
0.6845926645007234 -0.065625
0.7018670600729792 -0.053125000000000006
0.7187494782528859 -0.046875
0.7406250000000001 -0.04278311212709958
0.765625 -0.04188417869609206
0.790625 -0.04457588612590324
0.8093750000000001 -0.05022589691641366
0.8235214396837709 -0.059375000000000004
0.8340481731370767 -0.078125
0.8383596354445666 -0.096875
0.8419267394338168 -0.115625
0.8449728516689372 -0.140625
0.8420991352275649 -0.16562500000000002
0.8343750000000001 -0.18202662871866074
0.821875 -0.1959550493760501
0.8093750000000001 -0.20464273581162898
0.790625 -0.212907066175784
0.7718750000000001 -0.2175190638375882
0.7468750000000001 -0.21952110439050693
0.721875 -0.21692343363490252
0.703125 -0.21098436926398406
0.690625 -0.20295707559282064
0.6816688757758447 -0.184375
0.6816340172330555 -0.15937500000000002
0.6781250000000001 -0.13832057961622962
0.6726437475326805 -0.115625
0.6711896908777906 -0.096875
0.6711896908777906 -0.096875

-0.46792181557457835 0.140625
-0.453125 0.15072181587018985
-0.434375 0.15912869049880535
-0.415625 0.16468928194425106
-0.4024855220271842 0.16562500000000002
-0.384375 0.15935817858147358
-0.36973184958637606 0.146875
-0.359375 0.13327214400785525
-0.3559122915773999 0.109375
-0.3683814148641828 0.096875
-0.390625 0.0965498013199576
-0.40937500000000004 0.09768944291477992
-0.434375 0.09750481200259078
-0.453125 0.09550856981746386
-0.4754714109801789 0.096875
-0.4846665468116966 0.09062500000000001
-0.484375 0.07712308302759317
-0.49797473768418865 0.084375
-0.496875 0.10711010194505063
-0.48748378694955674 0.12187500000000001
-0.4756663409330856 0.134375
-0.46792181557457835 0.140625

0.490537972844874 -0.07187500000000001
0.4907053990229468 -0.07187500000000001
0.490537972844874 -0.07187500000000001

-0.4715152985468067 0.078125
-0.459843180072366 0.078125
-0.4715152985468067 0.078125

0.46872535051152925 -0.096875
0.46872535051152925 -0.096875
0.46872535051152925 -0.096875

0.5021416839737769 0.09062500000000001
0.515625 0.09951995170581862
0.540625 0.10149274821251505
0.5593750000000001 0.09634760591116741
0.578125 0.08539295200216092
0.5906250000000001 0.07220515431791215
0.596875 0.05783764902796615
0.5953850194695397 0.040625
0.584375 0.02779733743209583
0.565625 0.020608984982860973
0.540625 0.0199589999480759
0.521875 0.02466456585068776
0.5063786514574283 0.034375
0.496875 0.04830917896363068
0.49386908330825163 0.07187500000000001
0.5021416839737769 0.09062500000000001
0.5021416839737769 0.09062500000000001

-0.4587807691732274 0.07187500000000001
-0.44062500000000004 0.0652457142588624
-0.415625 0.06007353402149672
-0.39687500000000003 0.05518713595454513
-0.3774559428727071 0.053125000000000006
-0.353125 0.047908346919622445
-0.33437500000000003 0.042442411730624525
-0.309375 0.04074459377003798
-0.290625 0.035596473325911655
-0.27077717310183774 0.034375
-0.246875 0.029248047755372434
-0.22812500000000002 0.02659680124907857
-0.203125 0.022644016233670627
-0.184375 0.019560978623379112
-0.15937500000000002 0.01653972515865942
-0.140625 0.01267698837389321
-0.11838308620691661 0.009375000000000001
-0.096875 0.005424370775198308
-0.078125 0.0015747570622872556
-0.053125000000000006 -0.0013612863770681785
-0.034375 -0.006342477000270486
-0.015625 -0.009714009619395801
0.009375000000000001 -0.01384496646255098
0.028125 -0.018193685326282547
0.053125000000000006 -0.021329814598623723
0.07187500000000001 -0.025722308920237476
0.09257057675839934 -0.028125
0.115625 -0.03306846544498809
0.134375 -0.03553467301968312
0.15937500000000002 -0.0399725858237093
0.178125 -0.0433479752150193
0.20073175113304745 -0.046875
0.22187500000000002 -0.051247678919424625
0.240625 -0.05434207474367973
0.265625 -0.05844173235495916
0.284375 -0.06263772466066148
0.3069962606795404 -0.065625
0.328125 -0.07030059336655883
0.34687500000000004 -0.07368842628523933
0.371875 -0.07751022345797433
0.390625 -0.08168581607828698
0.4121885271421235 -0.084375
0.434375 -0.08945078407290095
0.453125 -0.09346297132063497
0.45937500000000003 -0.10425530443120114
0.446875 -0.11944839003128951
0.44811009063487967 -0.134375
0.45982604943335403 -0.146875
0.478125 -0.15367345077924868
0.496875 -0.15116672759042676
0.509375 -0.13809612194624057
0.510624146204697 -0.115625
0.503125 -0.09693880758293029
0.49062500000000003 -0.08564144123724546
0.47555486000142105 -0.09062500000000001
0.45937500000000003 -0.08337787258147811
0.434375 -0.07969032484728933
0.415625 -0.07564136195445431
0.3938073827321633 -0.07187500000000001
0.371875 -0.06885571691442893
0.353125 -0.06426476100730305
0.328125 -0.06178979946154982
0.309375 -0.05710505785021341
0.2859554232082173 -0.053125000000000006
0.265625 -0.05037785228813392
0.246875 -0.046291194673322454
0.22187500000000002 -0.043542460474478045
0.203125 -0.038543293315259665
0.178125 -0.03536858423618966
0.15937500000000002 -0.031316244206944295
0.140625 -0.027010430104886848
0.115625 -0.023568893210162353
0.096875 -0.019875966170946086
0.07420338029608936 -0.015625
0.053125000000000006 -0.013025270216051345
0.034375 -0.008518754053371252
0.009375000000000001 -0.005926329452706254
-0.009375000000000001 -0.0008488461155493712
-0.034375 0.0024188817253775743
-0.053125000000000006 0.007216744823854105
-0.06971481083246064 0.009375000000000001
-0.084375 0.012026680772235728
-0.10527853640098458 0.015625
-0.12812500000000002 0.018829771896405355
-0.146875 0.023131313668606705
-0.171875 0.026051674243255912
-0.19062500000000002 0.03089801509804398
-0.2114824211659804 0.034375
-0.234375 0.03813520403297868
-0.253125 0.04184830613580191
-0.278125 0.045361229857266566
-0.296875 0.04905061245922025
-0.3161091367559104 0.053125000000000006
-0.340625 0.056416126898196584
-0.359375 0.06203661926334448
-0.384375 0.0656239253169403
-0.403125 0.06950479757192336
-0.421875 0.07246495608148051
-0.446875 0.07765951753732563
-0.4587807691732274 0.07187500000000001

-0.184375 0.24439990586387053
-0.203125 0.2378990124435479
-0.22187500000000002 0.22871585935645702
-0.234375 0.21938387357695274
-0.2419415373228063 0.203125
-0.234375 0.18715563259686882
-0.22315298033573852 0.171875
-0.21528327717082094 0.15937500000000002
-0.20574033895115648 0.140625
-0.19687500000000002 0.12507055347435744
-0.184375 0.11025543681330523
-0.171875 0.10037887027360547
-0.153125 0.09089785679967978
-0.134375 0.08523329575136977
-0.115625 0.08267932337160686
-0.09062500000000001 0.08407147391594796
-0.07187500000000001 0.08905262778184506
-0.05690647933073031 0.096875
-0.04373379976523521 0.109375
-0.034375 0.1278143513152187
-0.02892369138035897 0.146875
-0.024734377703557624 0.16562500000000002
-0.022159561753539732 0.19062500000000002
-0.027842129015534827 0.215625
-0.03693766734356329 0.22812500000000002
-0.053125000000000006 0.23983902839939744
-0.07041362980772868 0.246875
-0.09062500000000001 0.2516445293005175
-0.109375 0.25346612069499624
-0.134375 0.2531789454219365
-0.153125 0.2512878173633947
-0.1745337752714747 0.246875
-0.184375 0.24439990586387053

-0.46765856477005413 0.140625
-0.453125 0.15035044393144908
-0.434375 0.15856038220299795
-0.415625 0.1636856972231792
-0.390625 0.16138991908241992
-0.37812500000000004 0.15292647223954414
-0.36518550407786504 0.140625
-0.35662425479032167 0.12187500000000001
-0.3609974461279212 0.10312500000000001
-0.384375 0.09711149662468167
-0.40937500000000004 0.09821430842711695
-0.434375 0.0976909227049728
-0.453125 0.0956937919895078
-0.47545316803109783 0.096875
-0.48466675821690586 0.09062500000000001
-0.484375 0.07713085074259632
-0.49797332192538424 0.084375
-0.496875 0.10709934057519212
-0.48744873708787445 0.12187500000000001
-0.47551861132513096 0.134375
-0.46765856477005413 0.140625

0.8408684565086942 -0.15937500000000002
0.8343750000000001 -0.17631635418216454
0.8231534951880461 -0.19062500000000002
0.8093750000000001 -0.20105301880528162
0.7911052897322881 -0.209375
0.7718750000000001 -0.21436773938078627
0.753125 -0.21622922456045834
0.734375 -0.21547476497322565
0.7093750000000001 -0.2095700204999681
0.696875 -0.2028166268936813
0.6850079876003097 -0.184375
0.6837126506581789 -0.16562500000000002
0.6799195973395769 -0.140625
0.675149829037308 -0.12187500000000001
0.6727231462278863 -0.096875
0.6783146222058428 -0.078125
0.690625 -0.06327914311675825
0.7081774314755865 -0.053125000000000006
0.728125 -0.04729204370191588
0.7468750000000001 -0.04486668868221424
0.7718750000000001 -0.04511025576639144
0.790625 -0.04806121911105566
0.8093750000000001 -0.0549700098021444
0.8224550245913489 -0.065625
0.8317534377426863 -0.084375
0.8366594960641767 -0.10312500000000001
0.8406250000000001 -0.12293387969154104
0.8424965724677488 -0.146875
0.8408684565086942 -0.15937500000000002

0.48722149592457265 -0.078125
0.48722149592457265 -0.078125
0.48722149592457265 -0.078125

-0.4715006139852503 0.078125
-0.45985759419585404 0.078125
-0.4715006139852503 0.078125

0.46726450049576007 -0.096875
0.46726450049576007 -0.096875
0.46726450049576007 -0.096875

-0.4587361247339054 0.07187500000000001
-0.44062500000000004 0.06543601861163077
-0.415625 0.060140027376627006
-0.39687500000000003 0.05534183967405489
-0.37659597660696603 0.053125000000000006
-0.353125 0.048026188281183074
-0.33437500000000003 0.04275550576914295
-0.309375 0.040844410802906066
-0.290625 0.035793976532454606
-0.2701847600895228 0.034375
-0.246875 0.029396762709984193
-0.22812500000000002 0.027130155913307457
-0.203125 0.0227895174102521
-0.184375 0.019915864174306953
-0.15937500000000002 0.016913625250260963
-0.140625 0.012977541923134172
-0.11614495064402598 0.015625
-0.140625 0.020477097221718848
-0.15937500000000002 0.02407684331961165
-0.178125 0.030120302783093272
-0.203125 0.032368363661049754
-0.22187500000000002 0.03706762658766712
-0.24567649276933498 0.040625
-0.265625 0.04376656899459027
-0.28441560434060253 0.046875
-0.309375 0.0506730142685276
-0.328125 0.055229797742506616
-0.353125 0.05934598267175311
-0.371875 0.06294174468514635
-0.390625 0.06751047733005394
-0.415625 0.07162239368125871
-0.434375 0.07472858959221115
-0.4587361247339054 0.07187500000000001
-0.4587361247339054 0.07187500000000001

0.7810797176611661 -0.209375
0.7990038285131554 -0.203125
0.815625 -0.19330194550548527
0.828125 -0.18071605195488283
0.8363756880068568 -0.16562500000000002
0.8401424471770826 -0.140625
0.8368808676294861 -0.115625
0.8320962627888919 -0.096875
0.8252007337541135 -0.078125
0.815625 -0.06477927193399499
0.796875 -0.05352012118278645
0.7781250000000001 -0.04877723786338386
0.753125 -0.04719980697730464
0.728125 -0.0497419634791934
0.7093750000000001 -0.0552027098259375
0.6916084512430585 -0.065625
0.6807025538583507 -0.078125
0.6742749148575686 -0.096875
0.6763033414206036 -0.12187500000000001
0.6811271947074217 -0.140625
0.6848739330085919 -0.15937500000000002
0.6882916208307434 -0.184375
0.696875 -0.19795533249061426
0.7156250000000001 -0.20830021176080665
0.734375 -0.21249880973626462
0.759375 -0.21305794930820643
0.7810797176611661 -0.209375
0.7810797176611661 -0.209375

-0.07452667427226414 0.09062500000000001
-0.059375000000000004 0.09814093338562671
-0.046834622148446504 0.109375
-0.03627237462726078 0.12812500000000002
-0.030430252180310147 0.146875
-0.026078667174566784 0.16562500000000002
-0.02352071272219502 0.19062500000000002
-0.028125 0.21214303402907178
-0.039445528807363454 0.22812500000000002
-0.053125000000000006 0.23805252339963287
-0.07187500000000001 0.2458824973274583
-0.09062500000000001 0.25033674019640667
-0.115625 0.2524937102853504
-0.140625 0.2516354758199623
-0.16562500000000002 0.2478030644440544
-0.184375 0.2431459244604767
-0.203125 0.2364866534647856
-0.21997421222467237 0.22812500000000002
-0.234375 0.21674924919481786
-0.23881370709895436 0.19687500000000002
-0.22812500000000002 0.18008045155963076
-0.21823300261403872 0.16562500000000002
-0.209375 0.14934233842400113
-0.20156053754704553 0.134375
-0.19062500000000002 0.11833023523551262
-0.178125 0.10633009208962453
-0.16289104366349974 0.096875
-0.146875 0.09023495538965863
-0.12187500000000001 0.08503142028764323
-0.096875 0.08525328876223988
-0.07452667427226414 0.09062500000000001
-0.07452667427226414 0.09062500000000001

0.153125 -0.03132266557062115
0.134375 -0.026681544066212926
0.109375 -0.02447835044589565
0.09062500000000001 -0.019326406399001864
0.07187500000000001 -0.014693567864583331
0.046875 -0.011385082240438504
0.028125 -0.007497140614494324
0.004723540916339563 -0.003125
-0.0034786079420006553 -0.003125
-0.028125 0.0006684199182857334
-0.046875 0.0035429913234180407
-0.065625 0.01039406638503557
-0.078125 0.010742765316356167
-0.10312500000000001 0.013313157308976052
-0.11543336885222596 0.009375000000000001
-0.09062500000000001 0.0053014714211732225
-0.07187500000000001 0.001882801197532073
-0.046875 0.00048088136247693676
-0.028125 -0.006328511648313082
-0.009375000000000001 -0.009592076934325008
0.015625 -0.013687764615749524
0.034375 -0.018076819017881343
0.059375000000000004 -0.021480335979498288
0.078125 -0.025937944941998557
0.096875 -0.02962866260396546
0.12187500000000001 -0.03321040046459125
0.140625 -0.0373934027189607
0.1641067997478328 -0.040625
0.184375 -0.04513456789351633
0.203125 -0.04719388861478745
0.22812500000000002 -0.05212972622426786
0.246875 -0.05515906535743047
0.27187500000000003 -0.059286443865410425
0.290625 -0.06327541314244321
0.3096382952291188 -0.065625
0.33437500000000003 -0.07057636839029618
0.353125 -0.07433073204107618
0.37812500000000004 -0.0777364544858699
0.39687500000000003 -0.08236291514304955
0.415625 -0.08510158870356707
0.44062500000000004 -0.08968499479097339
0.45937500000000003 -0.09244796513711694
0.4548841946351455 -0.109375
0.4493437876446303 -0.12812500000000002
0.45937500000000003 -0.14285938026304013
0.478125 -0.1512402859959788
0.4998946664722767 -0.146875
0.5097009693687758 -0.134375
0.509375 -0.11313542121930151
0.5030416664020065 -0.096875
0.484375 -0.08608822346640144
0.47187500000000004 -0.08560399600571465
0.453125 -0.08164182695658127
0.4295047598790177 -0.078125
0.40937500000000004 -0.0750381330179834
0.390625 -0.07111349063773709
0.36562500000000003 -0.06808248507515982
0.34687500000000004 -0.06374731119243306
0.321875 -0.059733969116243714
0.30312500000000003 -0.056839129587999436
0.284375 -0.05263953367414696
0.259375 -0.049906068072181835
0.240625 -0.04497834198672895
0.215625 -0.04169478589539783
0.19687500000000002 -0.038160162242681483
0.17705464548989916 -0.034375
0.153125 -0.03132266557062115
0.153125 -0.03132266557062115

0.5129710918755832 0.059375000000000004
0.5213040328729592 0.040625
0.534375 0.03299577926555059
0.5593750000000001 0.031004273681893894
0.5775777838461716 0.040625
0.5797641194490495 0.059375000000000004
0.5706498549101128 0.07187500000000001
0.553125 0.08145417999533892
0.5281250000000001 0.08130423236158872
0.515625 0.07040735889025132
0.5129710918755832 0.059375000000000004

-0.4673953139655299 0.140625
-0.453125 0.14997907199270832
-0.434375 0.15799207390719056
-0.415625 0.16268211250210732
-0.390625 0.1594854917953875
-0.37812500000000004 0.15166942104238276
-0.36562500000000003 0.13970319351968039
-0.35765667678458074 0.12187500000000001
-0.36323628523343676 0.10312500000000001
-0.384375 0.09804242492812856
-0.40937500000000004 0.098739173939454
-0.434375 0.0978770334073548
-0.453125 0.09587901416155171
-0.4754349250820168 0.096875
-0.48466696962211514 0.09062500000000001
-0.484375 0.07713861845759946
-0.4979719061665798 0.084375
-0.496875 0.10708857920533361
-0.4874136872261922 0.12187500000000001
-0.4753708817171764 0.134375
-0.4673953139655299 0.140625

0.48748294170298617 -0.078125
0.48748294170298617 -0.078125
0.48748294170298617 -0.078125

-0.4714859294236939 0.078125
-0.4598720083193421 0.078125
-0.4714859294236939 0.078125

0.46580365047999095 -0.096875
0.46580365047999095 -0.096875
0.46580365047999095 -0.096875

-0.45869148029458334 0.07187500000000001
-0.4406225437661949 0.065625
-0.415625 0.06020652073175729
-0.39687500000000003 0.055496543393564655
-0.3757360103412249 0.053125000000000006
-0.353125 0.048144029642743696
-0.33437500000000003 0.043068599807661374
-0.309375 0.04094422783577415
-0.290625 0.035991479738997564
-0.26959234707720786 0.034375
-0.246875 0.029545477664595955
-0.22812500000000002 0.027663510577536344
-0.203125 0.022935018586833566
-0.184375 0.020270749725234793
-0.15937500000000002 0.01728752534186251
-0.140625 0.013278095472375136
-0.11691179281354155 0.015625
-0.140625 0.019926261288189646
-0.15937500000000002 0.023910907573891506
-0.178125 0.02998453499600685
-0.203125 0.032252645092961434
-0.22187500000000002 0.036982420013802704
-0.2458533832180973 0.040625
-0.265625 0.04370503962098244
-0.28457956804296536 0.046875
-0.309375 0.05061015034218724
-0.328125 0.05516489321182793
-0.353125 0.05920220621780424
-0.371875 0.06287807475493683
-0.390625 0.06745125158155339
-0.415625 0.07154968833607527
-0.434375 0.07469450164667711
-0.45869148029458334 0.07187500000000001
-0.45869148029458334 0.07187500000000001

0.784375 -0.20581421389471458
0.765625 -0.20962475049492776
0.7406250000000001 -0.21023979014999597
0.721875 -0.20703583288855204
0.703125 -0.19854947909485504
0.6915737635080683 -0.184375
0.6874541564763639 -0.16562500000000002
0.6839177471409696 -0.146875
0.6781250000000001 -0.12463397009842558
0.6753033806990933 -0.10312500000000001
0.6795478437324094 -0.084375
0.690625 -0.06938940469360709
0.705958084624653 -0.059375000000000004
0.724176489981865 -0.053125000000000006
0.7468750000000001 -0.049842464843489885
0.7718750000000001 -0.05071985417755396
0.790625 -0.05484431286207014
0.8093750000000001 -0.06459439124253057
0.8209708198444066 -0.078125
0.828125 -0.09403162961311433
0.8343750000000001 -0.11546087724138039
0.8375883511654851 -0.134375
0.8356975481562771 -0.15937500000000002
0.828125 -0.17603812728330673
0.815625 -0.18977778616702026
0.8031250000000001 -0.19812963885590798
0.784375 -0.20581421389471458
0.784375 -0.20581421389471458

-0.07187500000000001 0.0939491188093918
-0.09062500000000001 0.08820028567966127
-0.115625 0.08629139188506543
-0.140625 0.08995939704407697
-0.15937500000000002 0.09657941146558334
-0.171875 0.10342081194668577
-0.1867133871966138 0.115625
-0.19687500000000002 0.12823961204268575
-0.2073532618152086 0.146875
-0.215625 0.16253135788818315
-0.22591720832680362 0.178125
-0.234375 0.19066381134095242
-0.234375 0.21371959075945784
-0.22187500000000002 0.22523891074057487
-0.2046642021568298 0.234375
-0.18807933026110088 0.240625
-0.16562500000000002 0.24660734440010137
-0.146875 0.24988462140607684
-0.12187500000000001 0.251468798426457
-0.096875 0.24999210100269573
-0.078125 0.2462344964100191
-0.059375000000000004 0.239516871134472
-0.041869995551167605 0.22812500000000002
-0.03159823052817274 0.215625
-0.025395964179769245 0.19687500000000002
-0.026260975486387037 0.171875
-0.03026106288250483 0.153125
-0.03587132087578822 0.134375
-0.04493772683732484 0.115625
-0.05652316021870154 0.10312500000000001
-0.07187500000000001 0.0939491188093918
-0.07187500000000001 0.0939491188093918

0.153125 -0.03149645564923476
0.134375 -0.026818787294593433
0.109375 -0.024922454856287336
0.09062500000000001 -0.01947786748881079
0.07187500000000001 -0.01487101633596984
0.046875 -0.011596303427120116
0.028125 -0.007672378791318654
0.004399910296759695 -0.003125
-0.004279489980616646 -0.003125
-0.028125 0.0002923349842526941
-0.046875 0.0032563094894395407
-0.065625 0.01013129271271081
-0.078125 0.010366726391148055
-0.10312500000000001 0.013022017976484812
-0.11489047603634038 0.009375000000000001
-0.09062500000000001 0.005708608235570332
-0.07187500000000001 0.002323380841129336
-0.046875 0.0022943658483827213
-0.028125 -0.006010911041767432
-0.00633923026606043 -0.009375000000000001
0.015625 -0.013331089422323422
0.034375 -0.01771042225599314
0.059375000000000004 -0.020995774504487297
0.078125 -0.02568266051756348
0.096875 -0.029115738956574776
0.12187500000000001 -0.03294486288323864
0.140625 -0.03706310928988671
0.1653965617546092 -0.040625
0.184375 -0.04491811535905445
0.20362007560546977 -0.046875
0.22812500000000002 -0.05191952881752687
0.246875 -0.054771922416738006
0.27187500000000003 -0.05900341376327955
0.290625 -0.06303241264417514
0.31104129264439845 -0.065625
0.33437500000000003 -0.07036196055336899
0.353125 -0.07398242573814709
0.37812500000000004 -0.0774944639224801
0.39687500000000003 -0.08215017692912127
0.415625 -0.08450653218284966
0.44062500000000004 -0.08951755061655635
0.45937500000000003 -0.09190682694975547
0.47187500000000004 -0.0991305240247923
0.45677551533695676 -0.109375
0.45244773132738775 -0.12812500000000002
0.46090208054465814 -0.140625
0.478125 -0.14894017846186788
0.496875 -0.14683812941018756
0.509375 -0.13256489199470756
0.509375 -0.11414706686374188
0.502972509978376 -0.096875
0.484375 -0.08610671639035715
0.47187500000000004 -0.08571851269874396
0.453125 -0.08171477124739253
0.42905369175321595 -0.078125
0.40937500000000004 -0.0751343756234763
0.390625 -0.07124900604229462
0.36562500000000003 -0.0682240676169175
0.34687500000000004 -0.06385577091389129
0.321875 -0.06013233543565779
0.30312500000000003 -0.05694969633608918
0.284375 -0.05279702013577007
0.259375 -0.05005258925067138
0.240625 -0.04510024657037551
0.215625 -0.04211811608538513
0.19687500000000002 -0.03829474477318571
0.17661523331858875 -0.034375
0.153125 -0.03149645564923476
0.153125 -0.03149645564923476

-0.46713206316100564 0.140625
-0.453125 0.14960770005396756
-0.434375 0.1574237656113832
-0.415625 0.16167852778103545
-0.3941996063951768 0.15937500000000002
-0.37812500000000004 0.1504123698452214
-0.36562500000000003 0.13820099095027827
-0.3586890987788398 0.12187500000000001
-0.3654751243389523 0.10312500000000001
-0.384375 0.09897335323157545
-0.40937500000000004 0.09926403945179103
-0.434375 0.09806314410973682
-0.453125 0.09606423633359565
-0.4754166821329357 0.096875
-0.48466718102732437 0.09062500000000001
-0.484375 0.07714638617260261
-0.4979704904077754 0.084375
-0.496875 0.1070778178354751
-0.4873786373645099 0.12187500000000001
-0.4752231521092218 0.134375
-0.46713206316100564 0.140625

0.48774438748139975 -0.078125
0.48774438748139975 -0.078125
0.48774438748139975 -0.078125

-0.47147124486213754 0.078125
-0.4598864224428302 0.078125
-0.47147124486213754 0.078125

