9.4 0.663199726578871
9.4125 0.6631340190579217
9.425 0.6630696473600146
9.4375 0.6630078518547734
9.45 0.662948583219888
9.4625 0.6628917347081352
9.475 0.6628371190978952
9.4875 0.6627844370596342
9.5 0.6627332379799548
9.5125 0.6626828756847888
9.525 0.6626324652856279
9.5375 0.6625808535631181
9.55 0.6625266245401787
9.5625 0.6624681747335478
9.575 0.6624039090722663
9.5875 0.6623326281402446
9.6 0.6622541983936896
9.6125 0.6621706160958728
9.625 0.6620875875497902
9.6375 0.6620167459295652
9.65 0.6619785992372673
9.6625 0.6620062460377677
9.675 0.6621497966025114
9.6875 0.6624812932392237
9.7 0.6630997361778032
9.7125 0.6641356023441095
9.725 0.6657540240233872
9.7375 0.6681555985192776
9.75 0.6715736979615614
9.7625 0.676267184059673
9.775 0.682507651383945
9.7875 0.690560798684508
9.8 0.7006621746867352
9.8125 0.7129884333302223
9.825 0.7276260860494029
9.8375 0.7445405807947244
9.85 0.7635490301171863
9.8625 0.7843000757315701
9.875 0.8062640048000258
9.8875 0.828735654614793
9.9 0.8508516975540372
9.9125 0.8716231663325475
9.925 0.8899832441197417
9.9375 0.9048496942541194
9.95 0.915200032047023
9.9625 0.9201557597851824
9.975 0.9190690198949016
9.9875 0.9116022135749327
10.0 0.8977884207072828
10.0125 0.8780607755747288
10.025 0.8532416335511539
10.0375 0.8244885036075962
10.05 0.7932013539696194
10.0625 0.7609033993479803
10.075 0.7291120992288744
10.0875 0.6992186078155436
10.1 0.6723905903459368
10.1125 0.6495078754873007
10.125 0.6311334873048527
10.1375 0.6175169219913219
10.15 0.6086227265434137
10.1625 0.6041762484208779
10.175 0.6037187791604008
10.1875 0.6066657643924073
10.2 0.6123631583786805
10.2125 0.6201383632883662
10.225 0.6293431624612491
10.2375 0.6393870168325482
10.25 0.6497599580671776
10.2625 0.6600452695448298
10.275 0.6699229291723298
10.2875 0.6791654784367128
10.3 0.6876283346098123
10.3125 0.695236674650914
10.325 0.7019708455275793
10.3375 0.7078519085112989
10.35 0.7129284883235343
10.3625 0.7172656390885362
10.375 0.72093603879703
10.3875 0.7240135058701315
10.4 0.7265686133257503
10.4125 0.7286660527602068
10.425 0.7303633549359448
10.4375 0.7317105854528221
10.45 0.7327506811406793
10.4625 0.733520157632321
10.475 0.7340499867680708
10.4875 0.7343665052239242
10.5 0.7344922679713015
10.5125 0.734446800203723
10.525 0.7342472296633439
10.5375 0.7339087995732703
10.55 0.7334452728211946
10.5625 0.7328692428746734
10.575 0.7321923680688036
10.5875 0.7314255448878558
10.6 0.7305790337941321
10.6125 0.7296625487109807
10.625 0.7286853189394227
10.6375 0.7276561302187079
10.65 0.7265833499855389
10.6625 0.7254749405752645
10.675 0.7243384631543254
10.6875 0.723181074466504
10.7 0.7220095179982279
10.7125 0.7208301108346864
10.725 0.7196487272680337
10.7375 0.7184707800749647
10.75 0.7173012003049792
10.7625 0.7161444163681601
10.775 0.7150043331766337
10.7875 0.7138843120847561
10.8 0.7127871523418964
10.8125 0.7117150747610446
10.825 0.7106697082705745
10.8375 0.7096520799835139
10.85 0.7086626093554146
10.8625 0.7077011069572255
10.875 0.7067667782953635
10.8875 0.7058582330315366
10.9 0.7049734998547059
10.9125 0.7041100471535421
10.925 0.7032648095240586
10.9375 0.7024342200302052
10.95 0.7016142480322929
10.9625 0.7008004422789744
10.975 0.699987978859185
10.9875 0.6991717135280759
11.0 0.6983462378239437
11.0125 0.6975059383445441
11.025 0.6966450584825371
11.0375 0.6957577619057902
11.05 0.6948381970174068
11.0625 0.6938805616550264
11.075 0.6928791672730567
11.0875 0.6918285018823587
11.1 0.690723291050707
