x y
-0.45886008220019414 0.07187500000000001
-0.44062500000000004 0.06427813679942024
-0.415625 0.0596668828794921
-0.39687500000000003 0.054161975074485814
-0.37812500000000004 0.04904881404217041
-0.353125 0.04719713091952863
-0.33437500000000003 0.04098490959113744
-0.3134855834495728 0.040625
-0.290625 0.03469730077449044
-0.27187500000000003 0.031073093864557214
-0.246875 0.028418158810269552
-0.22812500000000002 0.023491150359856456
-0.20453003539624637 0.021875000000000002
-0.184375 0.016997831177881315
-0.16562500000000002 0.01412627182952513
-0.140625 0.01035881027167009
-0.12187500000000001 0.004719187853630639
-0.096875 0.0033181094895675107
-0.078125 -0.0018374453970120203
-0.059375000000000004 -0.005932978294823277
-0.034375 -0.008599878646999964
-0.015625 -0.014562485286493478
0.009375000000000001 -0.015574646597925882
0.028125 -0.02097536161967037
0.046875 -0.024232250135153954
0.07187500000000001 -0.0275013358365805
0.09062500000000001 -0.032531238420298474
0.11561019048713432 -0.034375
0.134375 -0.03901130763661107
0.15410038933245457 -0.040625
0.178125 -0.04562363360712465
0.19687500000000002 -0.05078892818749168
0.22187500000000002 -0.05275452998028575
0.240625 -0.057679434130140816
0.25995098755350293 -0.059375000000000004
0.284375 -0.06458742747882533
0.30312500000000003 -0.07026347803352316
0.328125 -0.0716260638788278
0.34687500000000004 -0.0768499056448147
0.36562500000000003 -0.07868226865230218
0.390625 -0.0835288409832501
0.40937500000000004 -0.08965685867102102
0.434375 -0.09053584323431643
0.42812500000000003 -0.10055295481789998
0.403125 -0.10117317002436817
0.384375 -0.10467386089717981
0.359375 -0.10802852428792864
0.340625 -0.11187419978464483
0.321875 -0.11926374429906564
0.31447637330744777 -0.134375
0.3237338498952801 -0.146875
0.3397934536585606 -0.15937500000000002
0.353125 -0.1676695548225005
0.371875 -0.17792057953747425
0.38512752384256593 -0.184375
0.403125 -0.19228147281508706
0.421875 -0.19948942893088933
0.44062500000000004 -0.2056203635823
0.45937500000000003 -0.2106205116022903
0.484375 -0.2155488007253973
0.503125 -0.2181758147352695
0.5281250000000001 -0.21996719525510036
0.553125 -0.22020244433443367
0.578125 -0.21910471590225333
0.603125 -0.21673207971958494
0.6218750000000001 -0.21418927372815952
0.6468750000000001 -0.20960259442803034
0.665625 -0.2051014767883273
0.6843750000000001 -0.1992497606513498
0.703125 -0.19121517333444754
0.7156250000000001 -0.18304113632033311
0.7254039930692541 -0.16562500000000002
0.7156250000000001 -0.14946452616154102
0.703125 -0.14008413784888404
0.6843750000000001 -0.13021439315087036
0.665625 -0.12216181821144066
0.6480912809648156 -0.115625
0.6295858841227941 -0.109375
0.6095280150956169 -0.10312500000000001
0.5906250000000001 -0.09759446213735248
0.571875 -0.09443671323714628
0.5551663692400767 -0.10312500000000001
0.534375 -0.10737185210501152
0.5108728896183787 -0.10312500000000001
0.496875 -0.09304948269527015
0.4785192225018944 -0.09062500000000001
0.4698494676120566 -0.084375
0.446875 -0.08065193082366737
0.42812500000000003 -0.07632740754448797
0.403125 -0.07353842565962894
0.384375 -0.06896020792093319
0.361921725178411 -0.065625
0.340625 -0.06194228144002792
0.321875 -0.05777371671145748
0.296875 -0.05466480660440494
0.278125 -0.050459580370193456
0.2554058819035458 -0.046875
0.234375 -0.043516659737317845
0.215625 -0.03920644596342319
0.19062500000000002 -0.03641781647981002
0.171875 -0.0315740078532515
0.1479250251673969 -0.028125
0.12812500000000002 -0.02456120312452336
0.109375 -0.021209351199479698
0.084375 -0.01746636520028808
0.065625 -0.013408998715716212
0.040625 -0.009435932672199698
0.021875000000000002 -0.0061365148637028185
0.003125 -0.001284954769404244
-0.021875000000000002 0.0015203409528817104
-0.040625 0.006058890901854381
-0.06360099321606662 0.009375000000000001
-0.084375 0.01287658992879538
-0.10312500000000001 0.015997553001761467
-0.12812500000000002 0.01973452610712234
-0.146875 0.024375002440783316
-0.171875 0.0274357980364747
-0.19062500000000002 0.03185434795373294
-0.209375 0.03558524472077016
-0.234375 0.03951026592295767
-0.253125 0.042852311559136116
-0.27579404809024666 0.046875
-0.296875 0.04977437107672275
-0.31562500000000004 0.05502834758947655
-0.340625 0.05730264547825964
-0.359375 0.06289766899339953
-0.38168669672932065 0.065625
-0.403125 0.07013587134548731
-0.421875 0.07299347701844683
-0.4461754405747499 0.078125
-0.45886008220019414 0.07187500000000001
-0.45886008220019414 0.07187500000000001

0.5284254429079078 0.109375
0.5177898196799556 0.12187500000000001
0.503125 0.13198495814151032
0.484375 0.13883720636653465
0.465625 0.14135476576137693
0.446875 0.13880785898474451
0.43677742998505453 0.12187500000000001
0.4424876517479865 0.10312500000000001
0.446875 0.07968343508008535
0.44674383095247094 0.065625
0.44410464901817337 0.040625
0.4433769024201279 0.015625
0.44748157126681926 -0.003125
0.45937500000000003 -0.021334338313627885
0.47187500000000004 -0.029038102410958565
0.4906277602369027 -0.028125
0.5062799624195548 -0.015625
0.5162616057151503 -0.003125
0.5281250000000001 0.014797048204500602
0.5353906577884472 0.028125
0.5418988709145741 0.046875
0.5424981855039319 0.07187500000000001
0.5375852438754504 0.09062500000000001
0.5284254429079078 0.109375
0.5284254429079078 0.109375

0.5186868881852924 -0.065625
0.534375 -0.07745781664669726
0.553125 -0.08329259896960146
0.5661090438407976 -0.084375
0.5593750000000001 -0.06658182113924775
0.540625 -0.06022761219611703
0.5186868881852924 -0.065625
0.5186868881852924 -0.065625

-0.46723214108862055 0.140625
-0.453125 0.1508452519251632
-0.4371155828279404 0.15937500000000002
-0.421875 0.16706717281131012
-0.403125 0.17488682141746323
-0.384375 0.1814127016960729
-0.36562500000000003 0.18695968579265523
-0.34687500000000004 0.1915735043399113
-0.321875 0.1967143707531387
-0.30312500000000003 0.20011911832679508
-0.28002565656292855 0.203125
-0.259375 0.20556702037149932
-0.234375 0.2075880194900718
-0.209375 0.20888626502688254
-0.19062500000000002 0.20948999193772844
-0.16562500000000002 0.20985876594252584
-0.140625 0.2096672190441124
-0.12187500000000001 0.20920186330155655
-0.096875 0.20820979092278377
-0.07187500000000001 0.20674722623914926
-0.046875 0.2048146329251756
-0.028125 0.20306030454806887
-0.003125 0.20033812831826034
0.021875000000000002 0.1971250095337781
0.040625 0.1942743021353283
0.06221763901145232 0.19062500000000002
0.084375 0.1859571071685475
0.10312500000000001 0.18104021994646347
0.12187500000000001 0.17415353574374337
0.13064789820833567 0.15937500000000002
0.115625 0.15183772252966185
0.096875 0.14616206257119957
0.07202955010505571 0.140625
0.053125000000000006 0.13729140848419402
0.034375 0.1341458505852783
0.009375000000000001 0.13054413590289796
-0.009375000000000001 0.12800717692128066
-0.034375 0.1249449639665809
-0.059375000000000004 0.12212585474962984
-0.078125 0.12011469681882343
-0.10312500000000001 0.11763056973456242
-0.12532758506343206 0.115625
-0.146875 0.11365748275375692
-0.171875 0.11159149855308877
-0.19687500000000002 0.1097652097328038
-0.215625 0.10835318985521984
-0.240625 0.10657412478046142
-0.265625 0.10500486578741336
-0.290625 0.10367485621488691
-0.309375 0.10278727751405234
-0.33437500000000003 0.10118812535446481
-0.359375 0.1001481957635887
-0.384375 0.09923436798569558
-0.40937500000000004 0.09769182089370838
-0.43370419030979757 0.096875
-0.453125 0.09477298612352691
-0.47622002960810594 0.096875
-0.48472866470436354 0.09062500000000001
-0.49062500000000003 0.0808996950523115
-0.5012848160429844 0.096875
-0.49146797677182913 0.115625
-0.48144383305415095 0.12812500000000002
-0.46723214108862055 0.140625
-0.46723214108862055 0.140625

0.48563476638915637 -0.078125
0.48563476638915637 -0.078125
0.48563476638915637 -0.078125

-0.47108003878661225 0.078125
-0.4597299862255074 0.078125
-0.47108003878661225 0.078125

0.45937500000000003 -0.09608256969682875
0.45937500000000003 -0.09844264186103521
0.45937500000000003 -0.09608256969682875

0.4717960144170479 -0.096875
0.4717960144170479 -0.096875
0.4717960144170479 -0.096875

-0.45881515646654186 0.07187500000000001
-0.44062500000000004 0.06446121127260757
-0.415625 0.05973349179113362
-0.39687500000000003 0.054314071963246224
-0.37812500000000004 0.049727941204404526
-0.353125 0.047322803466327314
-0.33437500000000003 0.04131544029117341
-0.31205582836096113 0.040625
-0.290625 0.03493501276221945
-0.27187500000000003 0.032674616083697997
-0.246875 0.0286094221659564
-0.22812500000000002 0.0242003490681746
-0.203125 0.021897456938312347
-0.184375 0.01742713061230222
-0.16505107867103566 0.015625
-0.140625 0.010658977657740286
-0.12187500000000001 0.005467372216694084
-0.096875 0.003544131628116028
-0.078125 -0.0013816176353869218
-0.059375000000000004 -0.0036594982020384612
-0.034375 -0.008299927916976368
-0.015625 -0.013770829893093337
0.009375000000000001 -0.015335621150663031
0.028125 -0.02050326683109997
0.047062992511591205 -0.021875000000000002
0.07187500000000001 -0.02719086405892192
0.09062500000000001 -0.031438127042762304
0.115625 -0.03414732031693276
0.134375 -0.03839791153035893
0.15585826485271173 -0.040625
0.178125 -0.045228603798247995
0.19687500000000002 -0.04957047097539398
0.22187500000000002 -0.05249649357848587
0.240625 -0.05706842784798266
0.2626998856100634 -0.059375000000000004
0.284375 -0.064246590809893
0.30312500000000003 -0.06915235846860399
0.328125 -0.07140853222043747
0.34687500000000004 -0.07629764287962358
0.36751179065302253 -0.078125
0.390625 -0.08323726867003146
0.40937500000000004 -0.0884634416370482
0.434375 -0.09037782847459497
0.453125 -0.09605534438979423
0.453125 -0.09963662132572149
0.43113040263343666 -0.10312500000000001
0.40937500000000004 -0.10709742945254688
0.390625 -0.1130333562364289
0.371875 -0.1207408079168411
0.3604671745748902 -0.134375
0.36910451372927705 -0.153125
0.38396034492816045 -0.16562500000000002
0.39687500000000003 -0.1738861335330586
0.415625 -0.1837211845286392
0.4317829068090432 -0.19062500000000002
0.4498659613305639 -0.19687500000000002
0.47187500000000004 -0.20259771798035747
0.49062500000000003 -0.20594121016374978
0.515625 -0.2081421859711579
0.540625 -0.20822945870799117
0.565625 -0.20646961379479695
0.5892826557127732 -0.203125
0.609375 -0.19911269794571604
0.628125 -0.1940273440561693
0.6468750000000001 -0.1870694190000502
0.6631275158664991 -0.178125
0.6739936580214415 -0.16562500000000002
0.669130196170925 -0.146875
0.6531250000000001 -0.13439182159845584
0.640625 -0.12774436232588215
0.6218750000000001 -0.11977906702372422
0.603125 -0.11343062385184988
0.584375 -0.10905722054552597
0.5593750000000001 -0.10770648429603033
0.534375 -0.10908106430801758
0.5097811500163225 -0.10312500000000001
0.496875 -0.09311831424200627
0.47853776075813664 -0.09062500000000001
0.4696507651571059 -0.084375
0.446875 -0.08072438939586869
0.42812500000000003 -0.07644806686084497
0.403125 -0.07366226326319822
0.384375 -0.06905792852933938
0.3614114749687651 -0.065625
0.340625 -0.06204696836617651
0.321875 -0.057940283640251826
0.296875 -0.05481272972802246
0.278125 -0.05058730376262492
0.2549580957456223 -0.046875
0.234375 -0.04364430618416166
0.215625 -0.039404155761411506
0.19062500000000002 -0.03657520587330517
0.171875 -0.03171828654521582
0.14731031539627557 -0.028125
0.12812500000000002 -0.024713677288579042
0.109375 -0.021436054500590426
0.084375 -0.017648423028945048
0.065625 -0.0135630847074109
0.040625 -0.009778053760429582
0.021875000000000002 -0.006281204321170784
0.003125 -0.0014795026263672247
-0.021875000000000002 0.0013576216761317858
-0.040625 0.005917520984646811
-0.06391774506365137 0.009375000000000001
-0.084375 0.012744867311606577
-0.10312500000000001 0.015771106745317086
-0.12812500000000002 0.019608372042239957
-0.146875 0.024232377979238717
-0.171875 0.027253512359931148
-0.19062500000000002 0.03171286057479092
-0.209375 0.035419134481736406
-0.234375 0.03937312027534363
-0.253125 0.04273967568287113
-0.27608745472544083 0.046875
-0.296875 0.049674779608849695
-0.31562500000000004 0.05491718800376613
-0.340625 0.05721612320458845
-0.359375 0.06283282601664567
-0.3819011315950951 0.065625
-0.403125 0.0700861391401288
-0.421875 0.07293325338315813
-0.4462696731658879 0.078125
-0.45881515646654186 0.07187500000000001
-0.45881515646654186 0.07187500000000001

-0.46702028644041466 0.140625
-0.453125 0.1505429552648575
-0.43606627149515664 0.15937500000000002
-0.421875 0.16608215942793944
-0.403125 0.17358502801047337
-0.384375 0.17963759083568104
-0.36562500000000003 0.18452529873909101
-0.340625 0.19002978812489324
-0.321875 0.19338800689131405
-0.296875 0.19656192013640475
-0.278125 0.19851545514890132
-0.253125 0.20025329952791784
-0.22812500000000002 0.20115783000231915
-0.203125 0.20136152567353321
-0.178125 0.20091398424347207
-0.153125 0.19982424454978506
-0.12812500000000002 0.19807992816740394
-0.109375 0.19634136196827345
-0.084375 0.19340715614866125
-0.0652970520502888 0.19062500000000002
-0.040625 0.18596044650689736
-0.021875000000000002 0.18122057604439212
-0.003125 0.17425894494799932
0.007073378357748053 0.15937500000000002
-0.009375000000000001 0.1494184787368266
-0.028125 0.1431413000454702
-0.046875 0.13839675937536755
-0.06564983598485358 0.134375
-0.09062500000000001 0.12994219615926658
-0.109375 0.12693096552623545
-0.134375 0.12333684986717364
-0.153125 0.12085254087753547
-0.178125 0.11778324594040304
-0.19786566353434107 0.115625
-0.22187500000000002 0.11296615524408012
-0.246875 0.110568061529469
-0.265625 0.10889838722662346
-0.290625 0.10658039368767598
-0.31562500000000004 0.10471484416410737
-0.33959642197420375 0.10312500000000001
-0.359375 0.10162372725903596
-0.384375 0.10007408567522921
-0.40937500000000004 0.098104860627002
-0.434375 0.09695292947296824
-0.453125 0.09490867032195348
-0.4762023403287848 0.096875
-0.4847288503846021 0.09062500000000001
-0.49062500000000003 0.08090039689150509
-0.5012832752165293 0.096875
-0.4914522003679409 0.115625
-0.4813806258561469 0.12812500000000002
-0.46702028644041466 0.140625
-0.46702028644041466 0.140625

0.48579541416517835 -0.078125
0.48579541416517835 -0.078125
0.48579541416517835 -0.078125

0.510858046973161 0.028125
0.5069519102620864 0.009375000000000001
0.496875 -0.007595857541311639
0.484375 -0.016091300744043677
0.46960902432041135 -0.009375000000000001
0.4635745701411318 0.009375000000000001
0.46776403643543324 0.028125
0.478125 0.04212283931821893
0.496875 0.04749974689475653
0.509375 0.03602380622280893
0.510858046973161 0.028125

-0.47106701290847247 0.078125
-0.45974406270306567 0.078125
-0.47106701290847247 0.078125

0.470909626877376 -0.096875
0.470909626877376 -0.096875
0.470909626877376 -0.096875

-0.4587702307328896 0.07187500000000001
-0.44062500000000004 0.06464428574579488
-0.415625 0.059800100702775125
-0.39687500000000003 0.054466168852006634
-0.37812500000000004 0.050407068366638635
-0.353125 0.047448476013126004
-0.33437500000000003 0.04164597099120937
-0.3106260732723495 0.040625
-0.290625 0.03517272474994846
-0.27187500000000003 0.03427613830283878
-0.246875 0.028800685521643252
-0.22812500000000002 0.024909547776492742
-0.203125 0.022072797509753148
-0.184375 0.017856430046723125
-0.16334773969033003 0.015625
-0.140625 0.01095914504381048
-0.12187500000000001 0.006215556579757531
-0.096875 0.0037701537666645444
-0.078125 -0.0009257898737618235
-0.057523811429266304 -0.003125
-0.034375 -0.007999977186952771
-0.015625 -0.012979174499693194
0.009375000000000001 -0.015096595703400181
0.028125 -0.020031172042529573
0.04893222226413042 -0.021875000000000002
0.07187500000000001 -0.026880392281263345
0.09062500000000001 -0.030345015665226134
0.115625 -0.03391802901432528
0.134375 -0.03778451542410678
0.15761614037296887 -0.040625
0.178125 -0.044833573989371336
0.19687500000000002 -0.04835201376329627
0.22187500000000002 -0.05223845717668599
0.240625 -0.05645742156582451
0.26544878366662383 -0.059375000000000004
0.284375 -0.0639057541409607
0.30312500000000003 -0.06804123890368481
0.328125 -0.07119100056204715
0.34687500000000004 -0.07574538011443246
0.36966402785421926 -0.078125
0.390625 -0.08294569635681283
0.40937500000000004 -0.08727002460307537
0.434375 -0.09021981371487349
0.453125 -0.09559458398747367
0.453125 -0.10118903643427789
0.434375 -0.10554446742778514
0.415625 -0.11223087551691258
0.39687500000000003 -0.12184727050858955
0.38725236510622696 -0.134375
0.3933380840717811 -0.153125
0.40681146149923286 -0.16562500000000002
0.421875 -0.17523802549564885
0.44062500000000004 -0.18421845631900663
0.45875586903748533 -0.19062500000000002
0.478125 -0.19548654575237606
0.496875 -0.19827205062054568
0.521875 -0.19947590789593095
0.546875 -0.1980206440017602
0.565625 -0.1954076012947508
0.5874603314556315 -0.19062500000000002
0.6071176722923268 -0.184375
0.6218750000000001 -0.17759060276969915
0.6369295534117367 -0.16562500000000002
0.634375 -0.1429867865067637
0.6218750000000001 -0.13286565638594372
0.603125 -0.12341799350156157
0.584375 -0.11698361881341118
0.565625 -0.11312822084488096
0.540625 -0.11123874159621144
0.521875 -0.10829073107291574
0.503125 -0.0994709197064811
0.49062500000000003 -0.08623429511280613
0.4762666010434003 -0.09062500000000001
0.45937500000000003 -0.08264623218078386
0.434375 -0.07866971292438532
0.415625 -0.07499636572590378
0.39687500000000003 -0.07169700300514231
0.371875 -0.06811871135652924
0.353125 -0.06343250040162762
0.328125 -0.06052675467117322
0.309375 -0.056382517867952946
0.2891705295343418 -0.053125000000000006
0.265625 -0.04954181134206494
0.246875 -0.045226395382052795
0.22187500000000002 -0.04230330089075992
0.203125 -0.03781231295214351
0.18382026781105026 -0.034375
0.15937500000000002 -0.030610633282099467
0.140625 -0.02618609220920456
0.115625 -0.022710693836708352
0.096875 -0.019155435492882684
0.0758246745703044 -0.015625
0.053125000000000006 -0.012288554111599443
0.034375 -0.007699477249019987
0.009375000000000001 -0.005065403533068822
-0.009375000000000001 -0.00024264424860356414
-0.031089585411898754 0.003125
-0.053125000000000006 0.006983522826271794
-0.07187500000000001 0.010493509845611742
-0.096875 0.01440019795084781
-0.115625 0.017825902709842075
-0.13467863528060006 0.021875000000000002
-0.15937500000000002 0.025128271608503342
-0.178125 0.030630057663532245
-0.203125 0.03333570692971255
-0.22187500000000002 0.03782792568968721
-0.24299374996339893 0.040625
-0.265625 0.044675765100705075
-0.284375 0.048181840858927745
-0.309375 0.051702143853069676
-0.328125 0.05597484253161906
-0.34687500000000004 0.06022587555938341
-0.371875 0.0638149772864773
-0.390625 0.0680744208180802
-0.4144381611371696 0.07187500000000001
-0.434375 0.07497271753608253
-0.4490127309411032 0.078125
-0.4587702307328896 0.07187500000000001

-0.4668084317922088 0.140625
-0.453125 0.1502406586045518
-0.43501696016237285 0.15937500000000002
-0.42083228733587186 0.16562500000000002
-0.403125 0.17228323460348352
-0.38353623180127816 0.178125
-0.359375 0.18396340161710584
-0.340625 0.18760038519167604
-0.31781536826246226 0.19062500000000002
-0.296875 0.1929384688949892
-0.27187500000000003 0.19456122557428912
-0.246875 0.19526634015588315
-0.22187500000000002 0.1951694233312267
-0.19687500000000002 0.19429354485543546
-0.171875 0.19261338284384863
-0.15160381506038156 0.19062500000000002
-0.12812500000000002 0.1875344347946241
-0.109375 0.18434332581529572
-0.084375 0.17829907415259708
-0.06788551964478534 0.171875
-0.0591042204929474 0.15937500000000002
-0.07187500000000001 0.14952630828875974
-0.09062500000000001 0.1422934592675682
-0.109375 0.13714037965785028
-0.12812500000000002 0.13284245061550817
-0.15240812530609554 0.12812500000000002
-0.171875 0.12481773374239634
-0.19095607387406366 0.12187500000000001
-0.215625 0.11831397445736132
-0.23687588424118644 0.115625
-0.259375 0.11277187791038942
-0.284375 0.11007824351412275
-0.30312500000000003 0.10803737602307928
-0.328125 0.10550400174367075
-0.353125 0.10362877921397062
-0.371875 0.10166810057452673
-0.39687500000000003 0.0998282811554444
-0.421875 0.09846307704033021
-0.4423281711814109 0.096875
-0.465625 0.09138755709716613
-0.4783492123715691 0.096875
-0.48096696698228114 0.084375
-0.49871101635972653 0.084375
-0.496875 0.1065321731690697
-0.4868766510714342 0.12187500000000001
-0.47463296372856734 0.134375
-0.4668084317922088 0.140625

0.48595606194120033 -0.078125
0.48595606194120033 -0.078125
0.48595606194120033 -0.078125

-0.47105398703033263 0.078125
-0.4597581391806239 0.078125
-0.47105398703033263 0.078125

0.4700232393377041 -0.096875
0.4700232393377041 -0.096875
0.4700232393377041 -0.096875

-0.4587253049992373 0.07187500000000001
-0.44062500000000004 0.0648273602189822
-0.415625 0.05986670961441663
-0.39687500000000003 0.05461826574076704
-0.37812500000000004 0.05108619552887275
-0.353125 0.047574148559924694
-0.33437500000000003 0.04197650169124534
-0.309375 0.0406401193483895
-0.290625 0.03541043673767747
-0.2712033544215913 0.034375
-0.246875 0.0289919488773301
-0.22812500000000002 0.025618746484810887
-0.203125 0.02224813808119395
-0.184375 0.018285729481144028
-0.1616444007096244 0.015625
-0.140625 0.011259312429880673
-0.12187500000000001 0.006963740942820977
-0.096875 0.003996175905213062
-0.078125 -0.00046996211213672524
-0.055103636506255736 -0.003125
-0.034375 -0.0077000264569291755
-0.015625 -0.012187519106293053
0.009375000000000001 -0.01485757025613733
0.028125 -0.019559077253959174
0.05080145201666965 -0.021875000000000002
0.07187500000000001 -0.026569920503604766
0.09062500000000001 -0.029251904287689964
0.115625 -0.0336887377117178
0.134375 -0.03717111931785464
0.15937401589322603 -0.040625
0.178125 -0.04443854418049468
0.19687500000000002 -0.04713355655119857
0.22187500000000002 -0.051980420774886106
0.240625 -0.055846415283666365
0.265625 -0.05914578333918647
0.284375 -0.06356491747202837
0.30312500000000003 -0.06693011933876564
0.328125 -0.07097346890365683
0.34687500000000004 -0.07519311734924135
0.371816265055416 -0.078125
0.390625 -0.0826541240435942
0.40937500000000004 -0.08607660756910254
0.434375 -0.09006179895515201
0.453125 -0.09513382358515311
0.453125 -0.10274145154283429
0.434375 -0.10918963319280973
0.421875 -0.11573825285213851
0.4072004976542002 -0.12812500000000002
0.40937500000000004 -0.15155723267975174
0.421875 -0.16415096953177033
0.434375 -0.17238946649674386
0.453125 -0.18121411800357876
0.47187500000000004 -0.18710794057452135
0.4914759286671974 -0.19062500000000002
0.515625 -0.1921385574533482
0.5383306036263844 -0.19062500000000002
0.5593750000000001 -0.18710444824871506
0.578125 -0.18185254654909555
0.596875 -0.1737492813348207
0.609375 -0.1644755559279404
0.6097674127304558 -0.140625
0.596875 -0.13070999769922861
0.578125 -0.12190357746996844
0.5593750000000001 -0.11668122208039823
0.540625 -0.1132980502896497
0.521875 -0.10904568071053415
0.503125 -0.09966437631099534
0.49062500000000003 -0.0862488820771609
0.4761867226413887 -0.09062500000000001
0.45937500000000003 -0.08274339763695346
0.434375 -0.07882395557614019
0.415625 -0.07507973346523372
0.3968431888036508 -0.07187500000000001
0.371875 -0.06822674824357881
0.353125 -0.06355538438562978
0.328125 -0.06072600541664072
0.309375 -0.05649708416785213
0.2887302174091687 -0.053125000000000006
0.265625 -0.04968187285573537
0.246875 -0.04538189676790725
0.22187500000000002 -0.04252324574151548
0.203125 -0.037941785644757794
0.18270772246143605 -0.034375
0.15937500000000002 -0.030756303303141736
0.140625 -0.02634980762250984
0.115625 -0.02292499507874027
0.096875 -0.019295850908328572
0.0754197088957873 -0.015625
0.053125000000000006 -0.012431003320152803
0.034375 -0.007875268497671109
0.009375000000000001 -0.0052454412841490775
-0.009375000000000001 -0.0003952583105693939
-0.031771381594067796 0.003125
-0.053125000000000006 0.006815690906564412
-0.07187500000000001 0.010320839938066819
-0.096875 0.014197550823666173
-0.115625 0.01768844093064676
-0.13579865392303028 0.021875000000000002
-0.15937500000000002 0.02499379778115672
-0.178125 0.030499084804664435
-0.203125 0.03318474563386386
-0.22187500000000002 0.037721374325659966
-0.24320776097846777 0.040625
-0.265625 0.044581211689560245
-0.284375 0.04805932239818716
-0.309375 0.05161026189824566
-0.328125 0.055884455499214884
-0.34687500000000004 0.06010341446984531
-0.371875 0.06373558669699969
-0.390625 0.06801402172030352
-0.41456135760098195 0.07187500000000001
-0.434375 0.07493679039301863
-0.44861858851335096 0.078125
-0.4587253049992373 0.07187500000000001

-0.466596577144003 0.140625
-0.453125 0.1499383619442461
-0.434375 0.15921734957714975
-0.4188865106326601 0.16562500000000002
-0.4007746919675716 0.171875
-0.37812500000000004 0.17806804202832174
-0.359375 0.18221299799883278
-0.340625 0.18517098225845882
-0.31562500000000004 0.1881778624434171
-0.290625 0.18985877278993685
-0.265625 0.1905583739617934
-0.240625 0.19037142528202683
-0.215625 0.18928374999365016
-0.19062500000000002 0.18721724587980912
-0.1677848942579056 0.184375
-0.146875 0.18065384592490064
-0.12812500000000002 0.17591897499627418
-0.109375 0.16761985903077686
-0.109375 0.15213711800017526
-0.12812500000000002 0.14303432419551715
-0.146875 0.13714315954311745
-0.16562500000000002 0.1324261853134307
-0.18570921466592538 0.12812500000000002
-0.209375 0.12376417799699414
-0.22812500000000002 0.12062443505661173
-0.253125 0.11684413421841687
-0.27187500000000003 0.1142062791745248
-0.296875 0.11094762431424698
-0.31562500000000004 0.10881746555444005
-0.340625 0.10582895442029826
-0.36562500000000003 0.10341892111354181
-0.384375 0.10175352105429647
-0.40937500000000004 0.09893094009358923
-0.434375 0.09723012983339376
-0.453125 0.09518003871880662
-0.47616696177014245 0.096875
-0.4847292217450793 0.09062500000000001
-0.49062500000000003 0.08090180056989227
-0.5012801935636191 0.096875
-0.4914206475601644 0.115625
-0.48125421146013875 0.12812500000000002
-0.466596577144003 0.140625
-0.466596577144003 0.140625

0.4861167097172223 -0.078125
0.4861167097172223 -0.078125
0.4861167097172223 -0.078125

-0.47104096115219285 0.078125
-0.45977221565818216 0.078125
-0.47104096115219285 0.078125

0.4691368517980323 -0.096875
0.4691368517980323 -0.096875
0.4691368517980323 -0.096875

0.140625 -0.026513523035815122
0.115625 -0.02313929632077219
0.096875 -0.01943626632377446
0.07501474322127019 -0.015625
0.053125000000000006 -0.012573452528706165
0.034375 -0.008051059746322229
0.009375000000000001 -0.005425479035229334
-0.009375000000000001 -0.0005478723725352236
-0.03245317777623684 0.003125
-0.053125000000000006 0.0066478589868570305
-0.07187500000000001 0.010148170030521896
-0.096875 0.01399490369648454
-0.115625 0.017550979151451446
-0.1369186725654605 0.021875000000000002
-0.15937500000000002 0.0248593239538101
-0.178125 0.030368111945796628
-0.203125 0.03303378433801517
-0.22187500000000002 0.037614822961632724
-0.24342177199353662 0.040625
-0.265625 0.044486658278415414
-0.284375 0.04793680393744657
-0.309375 0.051518379943421656
-0.328125 0.05579406846681072
-0.34687500000000004 0.059980953380307206
-0.371875 0.0636561961075221
-0.390625 0.06795362262252683
-0.4146845540647943 0.07187500000000001
-0.434375 0.07490086324995474
-0.44822444608559864 0.078125
-0.446875 0.06606723439087071
-0.42812500000000003 0.06111330725669751
-0.40937500000000004 0.05916887944418375
-0.384375 0.05377790173369013
-0.36562500000000003 0.04947149053846586
-0.340625 0.04689777683883098
-0.321875 0.04245047374524406
-0.30312500000000003 0.03874863752438452
-0.278125 0.03543816327249058
-0.259375 0.030560389798484494
-0.234375 0.028307041470347426
-0.215625 0.023714032456514655
-0.19687500000000002 0.019952387708585206
-0.171875 0.01660431301968906
-0.153125 0.011623365154700513
-0.12812500000000002 0.0095322231774378
-0.109375 0.00495477728113148
-0.08959094670695328 0.003125
-0.065625 -0.002048511715826447
-0.046875 -0.004896611045632734
-0.021875000000000002 -0.008868615673616928
-0.003125 -0.012319281092478308
0.019603667241860273 -0.015625
0.040625 -0.019893141868285162
0.059375000000000004 -0.023454444336666245
0.084375 -0.027216238744495365
0.10312500000000001 -0.03128603299543546
0.12649488248803056 -0.034375
0.146875 -0.038915630790600446
0.16562500000000002 -0.042857944491335495
0.19062500000000002 -0.04613519925853668
0.209375 -0.05028279901656447
0.23162153087738696 -0.053125000000000006
0.253125 -0.05791667553855035
0.27187500000000003 -0.06093597313115533
0.296875 -0.06502420471062625
0.31562500000000004 -0.06866758836549629
0.3388233519799252 -0.07187500000000001
0.359375 -0.07640889554181897
0.37812500000000004 -0.07949207956127871
0.403125 -0.08376158492778955
0.421875 -0.08792788217355921
0.44322619250757356 -0.09062500000000001
0.4634876794872177 -0.096875
0.446875 -0.10623684375059596
0.4308861328515515 -0.115625
0.41883867690207954 -0.12812500000000002
0.421875 -0.1512405954345663
0.434375 -0.16353731246388534
0.4480455746195619 -0.171875
0.465625 -0.17908691393953607
0.48906577748540264 -0.184375
0.509375 -0.1859619814761809
0.5325189089499518 -0.184375
0.553125 -0.18030118797546973
0.571875 -0.17368658542287313
0.5859027458316247 -0.16562500000000002
0.5952328959574789 -0.146875
0.584375 -0.1331918538276284
0.565625 -0.12309953977098541
0.546875 -0.11706763630319068
0.5281250000000001 -0.1120533116335324
0.509375 -0.10415699021483685
0.496875 -0.09332480888221463
0.4785933755268634 -0.09062500000000001
0.4690546577922539 -0.084375
0.446875 -0.08094176511247263
0.42812500000000003 -0.076810044809916
0.403125 -0.07403377607390604
0.384375 -0.06935109035455797
0.35988072433982726 -0.065625
0.340625 -0.062361029144622285
0.321875 -0.05843998442663487
0.296875 -0.055256499098875034
0.278125 -0.050970473939919325
0.2536147372718518 -0.046875
0.234375 -0.0440272455246931
0.215625 -0.03999728515537647
0.19062500000000002 -0.037047374053790647
0.171875 -0.03215112262110878
0.146875 -0.028903634922351013
0.140625 -0.026513523035815122

-0.328125 0.10890797214610458
-0.353125 0.10577497789016078
-0.37812500000000004 0.10323707134626983
-0.39687500000000003 0.10101259881219786
-0.421875 0.09894015702977518
-0.44423738321814776 0.096875
-0.465625 0.09144623020701749
-0.4783533004561034 0.096875
-0.4809751889438734 0.084375
-0.49870879648472854 0.084375
-0.496875 0.10651266219976989
-0.4868169193267007 0.12187500000000001
-0.4743918490552959 0.134375
-0.45937500000000003 0.14572238757424955
-0.4457894893924429 0.153125
-0.42812500000000003 0.1617049761368056
-0.40937500000000004 0.16856599879160852
-0.390625 0.17393354523912627
-0.37103393495826303 0.178125
-0.34687500000000004 0.18233318283350447
-0.32780818723038746 0.184375
-0.30312500000000003 0.18626096955403612
-0.278125 0.18691389048474902
-0.253125 0.18649440757326782
-0.22812500000000002 0.1850175057407494
-0.209375 0.18319183857514187
-0.184375 0.17955039030130984
-0.16562500000000002 0.17539255501930465
-0.146875 0.16861715672345826
-0.13935682670953953 0.153125
-0.153125 0.14475044900459225
-0.171875 0.13784275323463416
-0.19062500000000002 0.1326004524875407
-0.2098011625647962 0.12812500000000002
-0.234375 0.12324787732106014
-0.253125 0.11987791321867759
-0.278125 0.11592330960426799
-0.296875 0.11301563343606076
-0.321875 0.10975226309871029
-0.328125 0.10890797214610458

-0.4679825354823321 0.07187500000000001
-0.465625 0.08255260701865086
-0.4679825354823321 0.07187500000000001

0.4862773574932443 -0.078125
0.4862773574932443 -0.078125
0.4862773574932443 -0.078125

0.473679698973757 -0.096875
0.473679698973757 -0.096875
0.473679698973757 -0.096875

0.140625 -0.026677238449120403
0.115625 -0.023353597562804113
0.096875 -0.019576681739220343
0.07460977754675309 -0.015625
0.053125000000000006 -0.012715901737259522
0.034375 -0.008226850994973351
0.009375000000000001 -0.00560551678630959
-0.009375000000000001 -0.0007004864345010538
-0.03313497395840588 0.003125
-0.053125000000000006 0.00648002706714965
-0.07187500000000001 0.009975500122976974
-0.096875 0.013792256569302903
-0.115625 0.017413517372256132
-0.1380386912078907 0.021875000000000002
-0.15937500000000002 0.024724850126463478
-0.178125 0.030237139086928818
-0.203125 0.03288282304216647
-0.22187500000000002 0.03750827159760548
-0.24363578300860544 0.040625
-0.265625 0.04439210486727058
-0.284375 0.047814285476705985
-0.309375 0.05142649798859765
-0.328125 0.05570368143440655
-0.34687500000000004 0.0598584922907691
-0.371875 0.0635768055180445
-0.390625 0.06789322352475015
-0.4148077505286067 0.07187500000000001
-0.434375 0.07486493610689084
-0.4478303036578463 0.078125
-0.446875 0.06610786282370672
-0.42812500000000003 0.06120770532282264
-0.40923094297407325 0.059375000000000004
-0.384375 0.0538728779384535
-0.36562500000000003 0.0497624832091048
-0.340625 0.04703839685133345
-0.321875 0.042666309393885896
-0.30312500000000003 0.03943390385590498
-0.278125 0.03560261350034678
-0.259375 0.03093441149451695
-0.234375 0.028488478478729366
-0.215625 0.023980826744482504
-0.19687500000000002 0.020806893918196553
-0.171875 0.016803162208295294
-0.153125 0.012054837767634143
-0.12812500000000002 0.009745440316030229
-0.109375 0.005267610692334798
-0.08864201848812686 0.003125
-0.065625 -0.0018247865590629276
-0.046875 -0.004192790069343479
-0.021875000000000002 -0.00863464259878137
-0.003125 -0.011860673567568364
0.02158247136589333 -0.015625
0.040625 -0.019590228019834423
0.059375000000000004 -0.022722846304106085
0.084375 -0.026952024689677105
0.10312500000000001 -0.030848692697586357
0.12812500000000002 -0.034229631260672244
0.146875 -0.03863368159669435
0.16562500000000002 -0.04215569944836772
0.19062500000000002 -0.045892790764083126
0.209375 -0.04984947532023579
0.23337546958623412 -0.053125000000000006
0.253125 -0.05765927364260239
0.27187500000000003 -0.06013866593097224
0.296875 -0.06482130369717197
0.31562500000000004 -0.0682112061517444
0.34037217540020126 -0.07187500000000001
0.359375 -0.07615229593066294
0.37812500000000004 -0.07866418840031231
0.403125 -0.08359097066115893
0.421875 -0.08754433678425994
0.4444098870701914 -0.09062500000000001
0.4642092639707172 -0.096875
0.446875 -0.1088569893336007
0.434375 -0.11885466697633246
0.4258093379594366 -0.134375
0.43329024167666746 -0.153125
0.446875 -0.16440195628954837
0.46156105536957287 -0.171875
0.48270145571656503 -0.178125
0.503125 -0.18056854532194636
0.5281250000000001 -0.17901232036950457
0.546875 -0.17475287665787326
0.565625 -0.1667045017912101
0.578125 -0.15519609152794936
0.578125 -0.14028167458295024
0.5648816157517104 -0.12812500000000002
0.546875 -0.11985947925435113
0.5281250000000001 -0.11322640578579382
0.509375 -0.1045496836875271
0.496875 -0.09339364042895074
0.47861191378310564 -0.09062500000000001
0.4688559553373033 -0.084375
0.446875 -0.08101422368467394
0.42812500000000003 -0.07693070412627301
0.403125 -0.07415761367747532
0.384375 -0.06944881096296417
0.359375 -0.06562832395048351
0.340625 -0.06246571607077087
0.321875 -0.058606551355429214
0.296875 -0.05540442222249256
0.278125 -0.05109819733235079
0.25316695111392834 -0.046875
0.234375 -0.04415489197153691
0.215625 -0.04019499495336479
0.19062500000000002 -0.03720476344728581
0.171875 -0.032295401313073104
0.146875 -0.029243377800455637
0.140625 -0.026677238449120403

-0.284375 0.11713469671752652
-0.30312500000000003 0.11403149554484779
-0.328125 0.11031356936641734
-0.34687500000000004 0.10769949531830464
-0.371875 0.1044065689649419
-0.390625 0.10251879959791291
-0.415625 0.09938047580548957
-0.44062500000000004 0.09732580217601819
-0.45937500000000003 0.09643245385978325
-0.478125 0.09758572761636375
-0.484375 0.0862620988434788
-0.496875 0.08272529775627364
-0.49856029629170145 0.10312500000000001
-0.49062500000000003 0.11733578730029855
-0.478125 0.13186111300654127
-0.465625 0.14121070699351038
-0.446875 0.15244782458121048
-0.4314471296020024 0.15937500000000002
-0.4148770464758491 0.16562500000000002
-0.39338293544106845 0.171875
-0.371875 0.17671948575708624
-0.353125 0.1796731316658355
-0.328125 0.1822933201936641
-0.30312500000000003 0.1835142604455908
-0.278125 0.1836000872059644
-0.253125 0.18255972222067512
-0.22812500000000002 0.18026545163003233
-0.209375 0.17755676339379484
-0.184375 0.17190896892527024
-0.1692501923339765 0.16562500000000002
-0.16562500000000002 0.1519247741776488
-0.184375 0.1408497557242059
-0.203125 0.13459478925337315
-0.22187500000000002 0.12969373627314787
-0.240625 0.12541674404104994
-0.259375 0.12165299127600504
-0.284375 0.11713469671752652
-0.284375 0.11713469671752652

-0.4679444242151271 0.07187500000000001
-0.465625 0.08254193254883944
-0.4679444242151271 0.07187500000000001

0.4864380052692663 -0.078125
0.4864380052692663 -0.078125
0.4864380052692663 -0.078125

0.4741210417545218 -0.096875
0.4741210417545218 -0.096875
0.4741210417545218 -0.096875

0.140625 -0.026840953862425684
0.115625 -0.023567898804836035
0.096875 -0.01971709715466623
0.07420481187223599 -0.015625
0.053125000000000006 -0.012858350945812884
0.034375 -0.008402642243624473
0.009375000000000001 -0.005785554537389845
-0.009375000000000001 -0.000853100496466884
-0.03381677014057492 0.003125
-0.053125000000000006 0.006312195147442268
-0.07187500000000001 0.009802830215432051
-0.096875 0.013589609442121266
-0.115625 0.017276055593060818
-0.13915870985032092 0.021875000000000002
-0.15937500000000002 0.024590376299116853
-0.178125 0.03010616622806101
-0.203125 0.03273186174631778
-0.22187500000000002 0.037401720233578246
-0.2438497940236743 0.040625
-0.265625 0.04429755145612575
-0.284375 0.0476917670159654
-0.309375 0.05133461603377364
-0.328125 0.055613294402002376
-0.34687500000000004 0.059736031201231
-0.371875 0.0634974149285669
-0.390625 0.06783282442697346
-0.4149309469924191 0.07187500000000001
-0.434375 0.07482900896382694
-0.44743616123009405 0.078125
-0.446875 0.06614849125654272
-0.42812500000000003 0.06130210338894776
-0.40896714674251944 0.059375000000000004
-0.384375 0.053967854143216865
-0.36562500000000003 0.050053475879743736
-0.340625 0.04717901686383593
-0.321875 0.04288214504252773
-0.30312500000000003 0.040119170187425446
-0.278125 0.03576706372820298
-0.259375 0.031308433190549406
-0.234375 0.02866991548711131
-0.215625 0.024247621032450352
-0.19687500000000002 0.0216614001278079
-0.171875 0.01700201139690153
-0.153125 0.012486310380567772
-0.12812500000000002 0.009958657454622656
-0.109375 0.005580444103538118
-0.08769309026930044 0.003125
-0.065625 -0.0016010614022994082
-0.046875 -0.003488969093054224
-0.021875000000000002 -0.008400669523945813
-0.003125 -0.01140206604265842
0.021875000000000002 -0.015315965168191822
0.040625 -0.01928731417138368
0.059375000000000004 -0.021991248271545926
0.084375 -0.026687810634858845
0.10312500000000001 -0.030411352399737253
0.12812500000000002 -0.033897372428920464
0.146875 -0.03835173240278826
0.16562500000000002 -0.041453454405399943
0.19062500000000002 -0.04565038226962958
0.209375 -0.049416151623907105
0.234375 -0.052995381515877404
0.253125 -0.05740187174665443
0.27193887041037124 -0.059375000000000004
0.296875 -0.06461840268371767
0.31562500000000004 -0.06775482393799254
0.340625 -0.0717007623502823
0.359375 -0.0758956963195069
0.37856599685922165 -0.078125
0.403125 -0.08342035639452831
0.421875 -0.08716079139496066
0.4455935816328092 -0.09062500000000001
0.46493084845421667 -0.096875
0.4500708350006938 -0.109375
0.43700560319131093 -0.12187500000000001
0.4339937441580453 -0.140625
0.44178644340266987 -0.153125
0.45937500000000003 -0.16556321502943053
0.475994811218154 -0.171875
0.496875 -0.17562874138349846
0.521875 -0.17472349284986102
0.540625 -0.1702682695607846
0.5593750000000001 -0.16080833341007358
0.5687122514741908 -0.146875
0.5593750000000001 -0.13101933030400986
0.5453470082524755 -0.12187500000000001
0.5281250000000001 -0.11439949993805525
0.509375 -0.10494237716021734
0.496875 -0.09346247197568686
0.47863045203934784 -0.09062500000000001
0.4686572528823526 -0.084375
0.446875 -0.08108668225687525
0.42812500000000003 -0.07705136344263001
0.403125 -0.0742814512810446
0.384375 -0.06954653157137036
0.359375 -0.06600306880595
0.340625 -0.06257040299691946
0.321875 -0.05877311828422356
0.296875 -0.05555234534611008
0.278125 -0.051225920724782256
0.253125 -0.04719827997774649
0.234375 -0.04428253841838072
0.215625 -0.040392704751353106
0.19062500000000002 -0.03736215284078097
0.171875 -0.03243968000503742
0.146875 -0.02958312067856026
0.140625 -0.026840953862425684

-0.284375 0.11923496124887811
-0.3046399636953595 0.115625
-0.328125 0.11160708057587129
-0.34687500000000004 0.10891639259088662
-0.371875 0.10513594456377631
-0.39116718689154584 0.10312500000000001
-0.415625 0.09970165682999628
-0.44062500000000004 0.09742003022168112
-0.45937500000000003 0.09647087347360861
-0.478125 0.09759203450582091
-0.484375 0.08625981424032368
-0.496875 0.08272629687223552
-0.4985554291110802 0.10312500000000001
-0.49062500000000003 0.11730046436249267
-0.478125 0.1317824699182717
-0.465625 0.14098422035150832
-0.446875 0.15217578056888859
-0.4302211600625633 0.15937500000000002
-0.4125671230817837 0.16562500000000002
-0.390625 0.17159236532209288
-0.371875 0.17544891982126382
-0.3511248827962227 0.178125
-0.328125 0.1802364660358132
-0.30312500000000003 0.18104093446011268
-0.278125 0.18056154176126327
-0.253125 0.1787824717903714
-0.234375 0.17647124204537945
-0.2105290702877463 0.171875
-0.1926279719973702 0.16562500000000002
-0.19053731552676123 0.146875
-0.203125 0.14042163376472325
-0.22187500000000002 0.13387950871565132
-0.24300387337062904 0.12812500000000002
-0.265625 0.12303810850148264
-0.284375 0.11923496124887811
-0.284375 0.11923496124887811

-0.4679063129479222 0.07187500000000001
-0.465625 0.08253125807902803
-0.4679063129479222 0.07187500000000001

0.48659865304528827 -0.078125
0.48659865304528827 -0.078125
0.48659865304528827 -0.078125

0.47456238453528665 -0.096875
0.47456238453528665 -0.096875
0.47456238453528665 -0.096875

0.140625 -0.027004669275730964
0.115625 -0.023782200046867954
0.096875 -0.019857512570112118
0.0737998461977189 -0.015625
0.053125000000000006 -0.013000800154366242
0.034375 -0.008578433492275595
0.009375000000000001 -0.005965592288470102
-0.009375000000000001 -0.0010057145584327141
-0.034375 0.0030259318944296596
-0.053125000000000006 0.006144363227734886
-0.07187500000000001 0.009630160307887128
-0.096875 0.013386962314939629
-0.115625 0.017138593813865503
-0.14027872849275114 0.021875000000000002
-0.15937500000000002 0.024455902471770232
-0.178125 0.0299751933691932
-0.203125 0.03258090045046909
-0.22187500000000002 0.037295168869551004
-0.24406380503874314 0.040625
-0.265625 0.04420299804498092
-0.284375 0.04756924855522481
-0.309375 0.05124273407894964
-0.328125 0.05552290736959821
-0.34687500000000004 0.05961357011169289
-0.371875 0.0634180243390893
-0.390625 0.06777242532919678
-0.4150541434562315 0.07187500000000001
-0.434375 0.07479308182076304
-0.44704201880234173 0.078125
-0.446875 0.06618911968937874
-0.42812500000000003 0.06139650145507289
-0.4087033505109657 0.059375000000000004
-0.384375 0.054062830347980234
-0.36562500000000003 0.05034446855038267
-0.340625 0.0473196368763384
-0.321875 0.04309798069116956
-0.3026554845670904 0.040625
-0.278125 0.035931513956059175
-0.259375 0.03168245488658186
-0.234375 0.02885135249549325
-0.215625 0.024514415320418197
-0.19543437543975786 0.021875000000000002
-0.171875 0.01720086058550777
-0.153125 0.012917782993501402
-0.12812500000000002 0.010171874593215086
-0.109375 0.005893277514741436
-0.08674416205047403 0.003125
-0.065625 -0.001377336245535889
-0.04648654637765305 -0.003125
-0.021875000000000002 -0.008166696449110257
-0.003125 -0.010943458517748477
0.021875000000000002 -0.014953320153598994
0.040625 -0.018984400322932943
0.061468346038194926 -0.021875000000000002
0.084375 -0.02642359658004059
0.10312500000000001 -0.029974012101888152
0.12812500000000002 -0.033565113597168676
0.146875 -0.03806978320888217
0.16562500000000002 -0.04075120936243217
0.19062500000000002 -0.04540797377517603
0.209375 -0.04898282792757842
0.234375 -0.05269402894835263
0.253125 -0.057144469850706474
0.27345261645093866 -0.059375000000000004
0.296875 -0.06441550167026339
0.31562500000000004 -0.06729844172424067
0.340625 -0.07149253426526193
0.359375 -0.07563909670835088
0.3798306103355056 -0.078125
0.403125 -0.0832497421278977
0.421875 -0.08677724600566139
0.44677727619542706 -0.09062500000000001
0.465625 -0.09686998865869209
0.465625 -0.09694047019235627
0.453125 -0.10997263514504234
0.44062500000000004 -0.12521484572577746
0.44062500000000004 -0.14128119988309362
0.453125 -0.1563903951040833
0.47016812739614533 -0.16562500000000002
0.49062500000000003 -0.17084926071683187
0.515625 -0.17095028228487946
0.5372753280657424 -0.16562500000000002
0.553125 -0.15608272790780148
0.555703325476802 -0.134375
0.540625 -0.12233332057530569
0.5281250000000001 -0.11557259409031666
0.509375 -0.10533507063290759
0.496875 -0.09353130352242298
0.4786489902955901 -0.09062500000000001
0.4684585504274019 -0.084375
0.446875 -0.08115914082907656
0.42812500000000003 -0.07717202275898703
0.403125 -0.07440528888461387
0.384375 -0.06964425217977656
0.359375 -0.06637781366141647
0.340625 -0.06267508992306806
0.321875 -0.05893968521301791
0.296875 -0.05570026846972761
0.278125 -0.05135364411721372
0.253125 -0.047554977363323724
0.234375 -0.044410184865224536
0.215625 -0.04059041454934143
0.19062500000000002 -0.03751954223427612
0.171875 -0.032583958697001744
0.146875 -0.029922863556664882
0.140625 -0.027004669275730964

-0.2885601284810665 0.178125
-0.265625 0.17652334003615164
-0.240625 0.17310352999787515
-0.22187500000000002 0.1686375637463003
-0.203125 0.15940711993737458
-0.20633975672805582 0.146875
-0.22187500000000002 0.13885331621021393
-0.240625 0.13229632997998844
-0.259375 0.1270934144615881
-0.28184347156387235 0.12187500000000001
-0.30312500000000003 0.11752511396374388
-0.321875 0.11403820357880257
-0.34687500000000004 0.10995219263112657
-0.36562500000000003 0.10678538182707312
-0.390625 0.10363558244803549
-0.40937500000000004 0.1005830990267637
-0.434375 0.09778453055424478
-0.453125 0.09572277551251289
-0.4760962046528578 0.096875
-0.4847299644660337 0.09062500000000001
-0.49062500000000003 0.08090460792666664
-0.5012740302577987 0.096875
-0.4913575419446114 0.115625
-0.4810013826681225 0.12812500000000002
-0.4657491585511796 0.140625
-0.453125 0.1487291753030233
-0.434375 0.15759295875830848
-0.415625 0.1642499937640789
-0.39687500000000003 0.1694039850485039
-0.37812500000000004 0.17310503959767642
-0.353125 0.17650985570580577
-0.32909373919631796 0.178125
-0.309375 0.17860811771789045
-0.2885601284810665 0.178125
-0.2885601284810665 0.178125

-0.46786820168071724 0.07187500000000001
-0.465625 0.08252058360921662
-0.46786820168071724 0.07187500000000001

0.48675930082131025 -0.078125
0.48675930082131025 -0.078125
0.48675930082131025 -0.078125

0.140625 -0.02716838468903624
0.115625 -0.023996501288899873
0.096875 -0.019997927985558005
0.0733948805232018 -0.015625
0.053125000000000006 -0.013143249362919603
0.034375 -0.008754224740926717
0.009375000000000001 -0.006145630039550359
-0.009375000000000001 -0.0011583286203985443
-0.034375 0.002479308391741664
-0.053125000000000006 0.005976531308027504
-0.07187500000000001 0.009457490400342205
-0.096875 0.013184315187757992
-0.115625 0.01700113203467019
-0.140625 0.021453142764152215
-0.15937500000000002 0.02432142864442361
-0.178125 0.02984422051032539
-0.203125 0.03242993915462039
-0.22187500000000002 0.03718861750552376
-0.24427781605381196 0.040625
-0.265625 0.044108444633836084
-0.284375 0.047446730094484225
-0.309375 0.05115085212412563
-0.328125 0.055432520337194036
-0.34687500000000004 0.059491109022154785
-0.371875 0.06333863374961171
-0.390625 0.0677120262314201
-0.41517733992004385 0.07187500000000001
-0.434375 0.07475715467769914
-0.45850067633097585 0.07187500000000001
-0.4404020888389261 0.065625
-0.415625 0.06019975417262419
-0.39687500000000003 0.05537875018456909
-0.3762377279451984 0.053125000000000006
-0.353125 0.04820251129391813
-0.33437500000000003 0.04362915519142518
-0.309375 0.04124502044433162
-0.290625 0.036598996676322514
-0.26762418500349766 0.034375
-0.246875 0.02994826565576435
-0.22733726778935412 0.028125
-0.203125 0.023124840938397968
-0.184375 0.02043222665324855
-0.15937500000000002 0.016673613031600806
-0.140625 0.012760149360231643
-0.11690422275667778 0.009375000000000001
-0.096875 0.005126286597955646
-0.078125 0.0018091766959887658
-0.053125000000000006 -0.0018903874225240337
-0.034375 -0.006200272806811196
-0.010074573315087631 -0.009375000000000001
0.009375000000000001 -0.01366244301982308
0.028125 -0.01719860331110719
0.053125000000000006 -0.020766308205821725
0.07187500000000001 -0.02501756161531188
0.09558035452158481 -0.028125
0.115625 -0.03254228119868039
0.13477086402345537 -0.034375
0.15937500000000002 -0.03936714905839814
0.178125 -0.04246339513611139
0.203125 -0.04641158453818108
0.22187500000000002 -0.05069023876588669
0.24151361030707116 -0.053125000000000006
0.265625 -0.05792119883702406
0.284375 -0.06186073412736679
0.309375 -0.06515104944006966
0.328125 -0.0698858106117052
0.34687500000000004 -0.07243180352328578
0.371875 -0.07720388996382617
0.390625 -0.08119626247750103
0.41460579380787843 -0.084375
0.434375 -0.08927172515654463
0.453125 -0.09283002157355032
0.4754450700968163 -0.096875
0.45937500000000003 -0.10712936492280314
0.446875 -0.12023733648732356
0.4455895465051886 -0.140625
0.45580472833077074 -0.153125
0.47187500000000004 -0.16236937540046215
0.49062500000000003 -0.16718033111503022
0.515625 -0.16688232222761554
0.534375 -0.1614633592497528
0.546875 -0.1531220937229501
0.546875 -0.13165659976087898
0.534375 -0.12094078378433319
0.515625 -0.10955960948304896
0.503125 -0.10063165933356653
0.49062500000000003 -0.08632181689893473
0.4757873306313308 -0.09062500000000001
0.45937500000000003 -0.08322922491780149
0.434375 -0.0795951688349145
0.415625 -0.07549657216188345
0.3945925235510709 -0.07187500000000001
0.371875 -0.06876693267882669
0.353125 -0.06416980430564061
0.328125 -0.06172225914397822
0.309375 -0.057069915667348044
0.2865286567833033 -0.053125000000000006
0.265625 -0.05038218042408759
0.246875 -0.04615940369717951
0.22187500000000002 -0.043622969995293276
0.203125 -0.03858914910782923
0.178125 -0.03536971281447687
0.15937500000000002 -0.03148465340835308
0.140625 -0.02716838468903624
0.140625 -0.02716838468903624

-0.284375 0.1752597243658469
-0.309375 0.1764700504618312
-0.33437500000000003 0.17623119554296773
-0.359375 0.17449314907556607
-0.37812500000000004 0.17186676197956555
-0.403125 0.16699842244862567
-0.421875 0.16171291760656095
-0.44062500000000004 0.15446129535180086
-0.4552038257426236 0.146875
-0.47187500000000004 0.13662922484214196
-0.484375 0.12555314176633492
-0.4949939096120099 0.109375
-0.5018594973373841 0.09062500000000001
-0.484375 0.07940494208245388
-0.484375 0.09308744359081833
-0.47187500000000004 0.09140634922033362
-0.4477606754052815 0.096875
-0.42812500000000003 0.09899785868954035
-0.403125 0.10213215406338141
-0.384375 0.10489834324488678
-0.359375 0.10881871384223345
-0.340625 0.11189960579209186
-0.32107461106687957 0.115625
-0.296875 0.12051644256814244
-0.278125 0.12490868344787157
-0.259375 0.12996444764420378
-0.240625 0.13620184726175674
-0.22187500000000002 0.14566844232125253
-0.22187500000000002 0.16111280564948785
-0.240625 0.16849875251692806
-0.259375 0.1723727015823285
-0.284375 0.1752597243658469
-0.284375 0.1752597243658469

-0.46783009041351226 0.07187500000000001
-0.465625 0.0825099091394052
-0.46783009041351226 0.07187500000000001

0.48691994859733223 -0.078125
0.48691994859733223 -0.078125
0.48691994859733223 -0.078125

0.140625 -0.027332100102341522
0.115625 -0.024210802530931795
0.096875 -0.020138343401003893
0.0729899148486847 -0.015625
0.053125000000000006 -0.013285698571472961
0.034375 -0.00893001598957784
0.009375000000000001 -0.006325667790630614
-0.009375000000000001 -0.001310942682364374
-0.034375 0.0019326848890536688
-0.053125000000000006 0.005808699388320123
-0.07217171141443882 0.009375000000000001
-0.096875 0.012981668060576355
-0.115625 0.016863670255474875
-0.140625 0.02084249369404888
-0.15937500000000002 0.02418695481707699
-0.178125 0.029713247651457584
-0.203125 0.0322789778587717
-0.22187500000000002 0.03708206614149652
-0.2444918270688808 0.040625
-0.265625 0.044013891222691254
-0.284375 0.04732421163374364
-0.309375 0.05105897016930162
-0.328125 0.05534213330478987
-0.3469798051257481 0.059375000000000004
-0.371875 0.06325924316013411
-0.390625 0.06765162713364341
-0.4153005363838562 0.07187500000000001
-0.434375 0.07472122753463524
-0.4584557505973236 0.07187500000000001
-0.44005546140855634 0.065625
-0.415625 0.0602663630842657
-0.39687500000000003 0.055530847073329496
-0.37529310227425816 0.053125000000000006
-0.353125 0.04832818384071681
-0.33437500000000003 0.04395968589146114
-0.309375 0.041366000663520044
-0.290625 0.036836708664051525
-0.26690835111987893 0.034375
-0.246875 0.0301395290114512
-0.22679996168195715 0.028125
-0.203125 0.02330018150983877
-0.184375 0.020861526087669457
-0.15937500000000002 0.0169595197612926
-0.140625 0.013060316746301837
-0.115625 0.009729997224513181
-0.096875 0.005352308736504163
-0.078125 0.0022650044576138636
-0.053125000000000006 -0.0015951979231736916
-0.034375 -0.005900322076787598
-0.009375000000000001 -0.008972777262666855
0.009375000000000001 -0.01342341757256023
0.028125 -0.01672650852253679
0.053125000000000006 -0.020471203905693576
0.07187500000000001 -0.024707089837653302
0.09682884222195542 -0.028125
0.115625 -0.032312989896072904
0.13566734324814522 -0.034375
0.15937500000000002 -0.03911555069974986
0.178125 -0.042068365327234736
0.203125 -0.04604357886346311
0.22187500000000002 -0.05043220236408681
0.24314106904142818 -0.053125000000000006
0.265625 -0.05767628193659158
0.284375 -0.061519897458434475
0.309375 -0.06486397074060091
0.328125 -0.06966827895331489
0.34687500000000004 -0.07187954075809466
0.371875 -0.07701865694805475
0.390625 -0.0809046901642824
0.415625 -0.08431345981337955
0.434375 -0.08911371039682317
0.453125 -0.09236926117122976
0.4758864128775811 -0.096875
0.45937500000000003 -0.10849895857138203
0.448882810176798 -0.12187500000000001
0.453125 -0.14473746522684666
0.465625 -0.1554761383792538
0.484375 -0.1627554404318025
0.509375 -0.1640858079200793
0.5281250000000001 -0.15936627658874256
0.5440606058318984 -0.146875
0.5398438065600513 -0.12812500000000002
0.5243441441858641 -0.115625
0.509375 -0.10612045757828807
0.496875 -0.0936689666158952
0.4786860668080746 -0.09062500000000001
0.4680611455175006 -0.084375
0.446875 -0.0813040579734792
0.42812500000000003 -0.07741334139170104
0.403125 -0.07465296409175243
0.384375 -0.06983969339658895
0.359375 -0.06712730337234941
0.340625 -0.06288446377536525
0.321875 -0.0592728190706066
0.296875 -0.055996114716962656
0.278125 -0.05160909090207666
0.253125 -0.048268372134478196
0.234375 -0.044665477758912164
0.21441268753013676 -0.040625
0.19062500000000002 -0.037834321021266444
0.171875 -0.032872516080930385
0.146875 -0.03060234931287413
0.140625 -0.027332100102341522

-0.284375 0.17258699311403286
-0.309375 0.17438816190743253
-0.33437500000000003 0.17457685461033548
-0.359375 0.17313011785506685
-0.37812500000000004 0.17091247952866875
-0.403125 0.16614083726167841
-0.421875 0.1611143632626732
-0.44062500000000004 0.1540281597760668
-0.4547988829448722 0.146875
-0.47187500000000004 0.13649565524091498
-0.484375 0.12550584230393866
-0.4949875846643795 0.109375
-0.5018588936876218 0.09062500000000001
-0.484375 0.07941098098153043
-0.484375 0.09308873101000789
-0.47187500000000004 0.09142936245629332
-0.4484766864582295 0.096875
-0.42812500000000003 0.0991802236074827
-0.403125 0.10262686308696979
-0.384375 0.10542506769305958
-0.36111497429511896 0.109375
-0.340625 0.11294161196735457
-0.321875 0.11673589953990653
-0.2985525608882136 0.12187500000000001
-0.278125 0.12711099053581879
-0.259375 0.13293063001146554
-0.24065018795679727 0.140625
-0.22881136225918106 0.153125
-0.246843887210648 0.16562500000000002
-0.265625 0.16993221034480763
-0.284375 0.17258699311403286
-0.284375 0.17258699311403286

-0.4677919791463073 0.07187500000000001
-0.465625 0.08249923466959379
-0.4677919791463073 0.07187500000000001

0.4870805963733542 -0.078125
0.4870805963733542 -0.078125
0.4870805963733542 -0.078125

