9.4 0.0
9.4025 0.7331811760953236
9.405 0.7331811857212067
9.4075 0.733181196593402
9.41 0.7331812088469698
9.4125 0.7331812226269904
9.415 0.7331812387722356
9.4175 0.7331812569864008
9.42 0.7331812774942601
9.4225 0.733181300538075
9.425 0.733181326377613
9.4275 0.7331813565328255
9.43 0.7331813904492042
9.4325 0.73318142852453
9.435 0.733181471186635
9.4375 0.7331815188934334
9.44 0.7331815743581657
9.4425 0.7331816365591574
9.445 0.7331817061894103
9.4475 0.7331817839927149
9.45 0.7331818707637038
9.4525 0.7331819712732273
9.455 0.7331820836679792
9.4575 0.7331822091363921
9.46 0.7331823489513047
9.4625 0.7331825044700495
9.465 0.7331826839553973
9.4675 0.7331828840975481
9.47 0.7331831069024344
9.4725 0.7331833545138972
9.475 0.7331836292138286
9.4775 0.7331839450967307
9.48 0.7331842963433886
9.4825 0.7331846862858198
9.485 0.7331851184775156
9.4875 0.7331855966936704
9.49 0.7331861446118471
9.4925 0.7331867521599511
9.495 0.7331874247841331
9.4975 0.7331881682800546
9.5 0.733188988793251
9.5025 0.7331899254937615
9.505 0.7331909612202993
9.5075 0.733192104730761
9.51 0.7331933653248986
9.5125 0.7331947528448808
9.515 0.7331963310971136
9.5175 0.733198071298793
9.52 0.733199987303662
9.5225 0.7332020937904588
9.525 0.7332044062637705
9.5275 0.7332070270594628
9.53 0.7332099086610252
9.5325 0.7332130726217206
9.535 0.7332165417279349
9.5375 0.7332203400004512
9.54 0.7332246290242389
9.5425 0.7332293315925275
9.545 0.7332344806776533
9.5475 0.7332401110606451
9.55 0.7332462593330906
9.5525 0.7332531766462506
9.555 0.7332607395383123
9.5575 0.7332689975974878
9.56 0.7332780030140321
9.5625 0.7332878105829245
9.565 0.7332988045222706
9.5675 0.7333107905473396
9.57 0.7333238419553624
9.5725 0.7333380357130754
9.575 0.7333534524604928
9.5775 0.7333706706522811
9.58 0.7333893894518231
9.5825 0.7334097153102681
9.585 0.7334317597480252
9.5875 0.7334556393599575
9.59 0.7334822110737148
9.5925 0.7335110165785443
9.595 0.7335422077267472
9.5975 0.7335759432250656
9.6 0.7336123886416885
9.6025 0.7336527928798529
9.605 0.7336964690744252
9.6075 0.7337436299085339
9.61 0.7337944971279492
9.6125 0.7338493015503141
9.615 0.7339098335366536
9.6175 0.7339750805705115
9.62 0.7340453349932305
9.6225 0.7341209008479446
9.625 0.7342020938914537
9.6275 0.7342914381060125
9.63 0.7343874656462529
9.6325 0.7344905706640787
9.635 0.7346011620441361
9.6375 0.7347196634187002
9.64 0.7348495731092047
9.6425 0.7349887988140208
9.645 0.7351378614651134
9.6475 0.7352973000435852
9.65 0.7354676715978189
9.6525 0.7356537419678736
9.655 0.7358525793145171
9.6575 0.7360648580330786
9.66 0.7362912739769153
9.6625 0.7365325444788414
9.665 0.7367950490241794
9.6675 0.7370747500453396
9.67 0.7373725019490458
9.6725 0.7376891838043224
9.675 0.7380256993669303
9.6775 0.7383904361994282
9.68 0.7387779312151076
9.6825 0.7391892425350841
9.685 0.7396254555321574
9.6875 0.7400876828575287
9.69 0.7405867512936751
9.6925 0.7411154006317805
9.695 0.7416749099560401
9.6975 0.7422665870568761
9.7 0.7428917684586797
9.7025 0.7435641677482266
9.705 0.7442743120571057
9.7075 0.7450237077954058
9.71 0.7458138897892579
9.7125 0.7466464213077002
9.715 0.7475383365160752
9.7175 0.7484775062026822
9.72 0.7494656545582352
9.7225 0.7505045314979966
9.725 0.7515959126852118
9.7275 0.7527605320360696
9.73 0.7539831574519364
9.7325 0.7552657002480564
9.735 0.7566100917355753
9.7375 0.7580182832383674
9.74 0.7595149822872134
9.7425 0.7610814402485339
9.745 0.762719699016638
9.7475 0.7644318111887549
9.75 0.7662198400715498
9.7525 0.7681125768727497
9.755 0.7700874218893112
9.7575 0.7721464615742064
9.76 0.7742917799117517
9.7625 0.7765254584098717
9.765 0.778880255798445
9.7675 0.7813295212206962
9.77 0.7838752686561012
9.7725 0.7865194925788184
9.775 0.7892641679318234
9.7775 0.7921456179786487
9.78 0.7951331364369317
9.7825 0.7982285181660356
9.785 0.8014335180591542
9.7875 0.8047498509960195
9.79 0.8082166633337962
9.7925 0.8117994474813396
9.795 0.8154996079639869
9.7975 0.8193184863994782
9.8 0.8232573614270313
9.8025 0.8273570883596943
9.805 0.8315799279107571
9.8075 0.8359267076464458
9.81 0.8403981682674526
9.8125 0.8449949635137319
9.815 0.8497581623191042
9.8175 0.8546477225934954
9.82 0.8596637061519246
9.8225 0.8648060649175124
9.825 0.8700746408035123
9.8275 0.8755088646310385
9.83 0.8810677015096675
9.8325 0.8867502733065755
9.835 0.8925555722180771
9.8375 0.8984824606327781
9.84 0.9045665864199587
9.8425 0.9107676047968014
9.845 0.9170835571804511
9.8475 0.9235123412592082
9.85 0.9300517108433443
9.8525 0.9367311964766346
9.855 0.9435131545429492
9.8575 0.9503944588254147
9.86 0.9573718334323881
9.8625 0.9644418526449287
9.865 0.9716255466980792
9.8675 0.9788902276467837
9.87 0.9862315857003833
9.8725 0.9936451655257144
9.875 1.0011263661020497
9.8775 1.0086854564325092
9.88 1.0162970780204281
9.8825 1.0239558065362107
9.885 1.0316560876112058
9.8875 1.0393922367122008
9.89 1.0471618100685167
9.8925 1.0549491136938312
9.895 1.0627477699696999
9.8975 1.0705512984204792
9.9 1.0783531156194344
9.9025 1.0861366102527403
9.905 1.0938978678565674
9.9075 1.1016298098813313
9.91 1.1093252929009392
9.9125 1.1169771085614997
9.915 1.12455368791556
9.9175 1.132064601766496
9.92 1.1395024034340346
9.9225 1.1468596281078716
9.925 1.154128792847579
9.9275 1.1612633746827115
9.93 1.1682875471380687
9.9325 1.1751938887027038
9.935 1.181975012081977
9.9375 1.1886235642535834
9.94 1.1950789382246638
9.9425 1.2013802906657913
9.945 1.2075206508715273
9.9475 1.213493136310566
9.95 1.2192909527385174
9.9525 1.2248411495472855
9.955 1.2301974097743955
9.9575 1.2353536377595709
9.96 1.2403038770829884
9.9625 1.2450423107305386
9.965 1.2494861846843093
9.9675 1.2537023780956473
9.97 1.257686057026868
9.9725 1.2614325704789857
9.975 1.2649374506005415
9.9775 1.2681113376478204
9.98 1.2710321390583048
9.9825 1.2736965972946768
9.985 1.276101670134282
9.9875 1.278244530908526
9.99 1.2800328651108603
9.9925 1.2815527133219198
9.995 1.2828026081380584
9.9975 1.283781315494804
10.0 1.2844878349208109
10.0025 1.2848307543686488
10.005 1.284900801747066
10.0075 1.2846983926370017
10.01 1.284224177992856
10.0125 1.283479044393563
10.015 1.2823762782877215
10.0175 1.281007527260127
10.02 1.279375053265765
10.0225 1.277481339537108
10.025 1.2753290908150963
10.0275 1.2728397654762729
10.03 1.2701021007616
10.0325 1.2671200428440486
10.035 1.2638977303201169
10.0375 1.2604394944053001
10.04 1.2566778855188634
10.0425 1.252695103776889
10.045 1.2484965074928653
10.0475 1.2440876065930118
10.05 1.2394740627640708
10.0525 1.2346017069967417
10.055 1.2295430242086014
10.0575 1.2243044286918767
10.06 1.2188924373693228
10.0625 1.213313669886581
10.065 1.2075285832617708
10.0675 1.2015974209201932
10.07 1.195527245407494
10.0725 1.1893251691264863
10.075 1.1829983543710823
10.0775 1.176522349941223
10.08 1.1699434249609686
10.0825 1.16326886663063
10.085 1.1565059599275673
10.0875 1.1496619875836531
10.09 1.1427272123155945
10.0925 1.1357330601565043
10.095 1.128686638291666
10.0975 1.121595004340525
10.1 1.1144651662838472
10.1025 1.10730097977692
10.105 1.100119019412333
10.1075 1.0929258568945168
10.11 1.0857279750411144
10.1125 1.0785317676693706
10.115 1.071352968805382
10.1175 1.0641940818700748
10.12 1.0570608598484852
10.1225 1.0499589377381313
10.125 1.0428938324064645
10.1275 1.0358910282384277
10.13 1.0289403985257985
10.1325 1.0220466805494017
10.135 1.0152144757934929
10.1375 1.0084482497869143
10.14 1.0017808863588265
10.1425 0.9951915639302891
10.145 0.9886838980009885
10.1475 0.98226136164758
10.15 0.9759272853609223
10.1525 0.9697195613146319
10.155 0.963608916519873
10.1575 0.9575978254291679
10.16 0.9516886235209897
10.1625 0.9458835071439078
10.165 0.9402231048298396
10.1675 0.9346720578023242
10.17 0.9292317556937073
10.1725 0.9239034608792597
10.175 0.9186883083369115
10.1775 0.9136276353887375
10.18 0.9086823156676601
10.1825 0.9038527695111331
10.185 0.8991393077151483
10.1875 0.8945421314157435
10.19 0.8901015891610062
10.1925 0.8857769176602559
10.195 0.8815677239688702
10.1975 0.8774735269215413
10.2 0.8734937570389655
10.2025 0.8696664518812944
10.205 0.8659510513297173
10.2075 0.862346526640112
10.21 0.8588517834966614
10.2125 0.8554656619446828
10.215 0.8522229502017373
10.2175 0.8490847777959234
10.22 0.8460496617945237
10.2225 0.8431160757242465
10.225 0.8402824495289904
10.2275 0.8375797457978589
10.23 0.8349718917525731
10.2325 0.832457121747227
10.235 0.8300336465167331
10.2375 0.8276996531567551
10.24 0.8254820204560032
10.2425 0.8233482112371698
10.245 0.8212963280708138
10.2475 0.8193244667274231
10.25 0.8174307161757817
10.2525 0.8156378739115174
10.255 0.8139173400204867
10.2575 0.8122672092987347
10.26 0.810685582956888
10.2625 0.8091705686327204
10.265 0.807741082719109
10.2675 0.8063725791677485
10.27 0.805063239456704
10.2725 0.8038112610097102
10.275 0.8026148572187074
10.2775 0.8014893994288386
10.28 0.8004142871597997
10.2825 0.7993878539652802
10.285 0.7984084554430212
10.2875 0.7974744692634472
10.29 0.796598137861267
10.2925 0.7957625351032098
10.295 0.7949661857408005
10.2975 0.7942076397060118
10.3 0.7934854721427054
10.3025 0.7928092461763174
10.305 0.7921653339816694
10.3075 0.7915524686001423
10.31 0.7909694090171474
10.3125 0.7904149401937653
10.315 0.7898963929214389
10.3175 0.789403007214319
10.32 0.7889337243684899
10.3225 0.7884875106356609
10.325 0.7880633572531212
10.3275 0.7876667814830918
10.33 0.787289446830529
10.3325 0.7869304906070516
10.335 0.7865890729244398
10.3375 0.7862643767217063
10.34 0.7859604803950905
10.3425 0.7856710427965761
10.345 0.7853953772919158
10.3475 0.7851328172291614
10.35 0.7848827159621757
10.3525 0.7846480355508837
10.355 0.7844240384232366
10.3575 0.7842101900691613
10.36 0.7840059728835419
10.3625 0.783810886185974
10.365 0.7836270442511445
10.3675 0.7834509692325597
10.37 0.7832822537509646
10.3725 0.783120504291091
10.375 0.7829653412177757
10.3775 0.7828182480702495
10.38 0.782676715434082
10.3825 0.7825404390632289
10.385 0.7824091257669561
10.3875 0.7822824934226426
10.39 0.7821615655556516
10.3925 0.7820445619840868
10.395 0.781931259893495
10.3975 0.7818214450602846
10.4 0.781714911861623
10.4025 0.7816123547437078
10.405 0.7815125317845223
10.4075 0.7814152828742997
10.41 0.7813204544198881
10.4125 0.7812278993522298
10.415 0.7811380811022597
10.4175 0.7810501474369239
10.42 0.7809639854078831
10.4225 0.7808794868985901
10.425 0.7807965486298224
10.4275 0.7807154748241236
10.43 0.7806356901162814
10.4325 0.7805571162461982
10.435 0.780479678459372
10.4375 0.7804033055108883
10.44 0.780328193871216
10.4425 0.7802539613051356
10.445 0.7801805545279874
10.4475 0.7801079227460186
10.45 0.7800360176592197
10.4525 0.7799649640992471
10.455 0.7798945121483273
10.4575 0.7798246261386821
10.46 0.7797552721371971
10.4625 0.7796864179473897
10.465 0.7796181416009214
10.4675 0.7795502822476497
10.47 0.779482816401925
10.4725 0.7794157217627734
10.475 0.7793489772152375
10.4775 0.7792826307430496
10.48 0.7792165804191
10.4825 0.7791508110208488
10.485 0.7790853081196004
10.4875 0.7790200580814065
10.49 0.7789550899256067
10.4925 0.7788903400450462
10.495 0.7788257987176871
10.4975 0.7787614567436812
10.5 0.7786973054459598
10.5025 0.7786333620761736
10.505 0.7785695875312846
10.5075 0.778505975684157
10.51 0.7784425207449808
10.5125 0.7783792172616582
10.515 0.7783160753056885
10.5175 0.7782530711845469
10.52 0.7781902010787134
10.5225 0.7781274613827477
10.525 0.7780648487055318
10.5275 0.7780023688101615
10.53 0.777940007537357
10.5325 0.7778777625230093
10.535 0.7778156315365403
10.5375 0.7777536124810492
10.54 0.7776917085770307
10.5425 0.7776299114673082
10.545 0.7775682196899822
10.5475 0.7775066318650429
10.55 0.7774451466944561
10.5525 0.7773837659228785
10.555 0.7773224846678869
10.5575 0.7772613020174858
10.56 0.7772002171090755
10.5625 0.7771392291295138
10.565 0.7770783389809091
10.5675 0.7770175438288424
10.57 0.7769568430910058
10.5725 0.77689623621443
10.575 0.7768357226755134
10.5775 0.7767753029033252
10.58 0.7767149752516378
10.5825 0.7766547393326917
10.585 0.7765945947758971
10.5875 0.7765345412278508
10.59 0.7764745788565124
10.5925 0.776414706694379
10.595 0.7763549244667817
10.5975 0.7762952319089679
10.6 0.7762356287661191
10.6025 0.776176115064585
10.605 0.7761166902187155
10.6075 0.776057354018692
10.61 0.775998106260369
10.6125 0.7759389467452836
10.615 0.7758798754244296
10.6175 0.7758208919238574
10.62 0.7757619960705231
10.6225 0.7757031876946167
10.625 0.7756444666295642
10.6275 0.7755858327871218
10.63 0.7755272859090988
10.6325 0.7754688258431677
10.635 0.7754104524388536
10.6375 0.7753521655475366
10.64 0.7752939650610905
10.6425 0.775235850783865
10.645 0.775177822575213
10.6475 0.7751198802955758
10.65 0.7750620238064763
10.6525 0.7750042529901167
10.655 0.7749465676843256
10.6575 0.7748889677551457
10.66 0.774831453069279
10.6625 0.7747740234940897
10.665 0.7747166789073985
10.6675 0.7746594191649064
10.67 0.7746022441366162
10.6725 0.7745451536929687
10.675 0.7744881477048374
10.6775 0.7744312260483547
10.68 0.7743743885888338
10.6825 0.7743176351987854
10.685 0.7742609657510328
10.6875 0.7742043801187134
10.69 0.7741478781776178
10.6925 0.7740914597983763
10.695 0.7740351248552328
10.6975 0.7739788732226797
10.7 0.7739227047754623
10.7025 0.7738666193896946
10.705 0.7738106169391129
10.7075 0.7737546972992937
10.71 0.7736988603460278
10.7125 0.773643105955326
10.715 0.7735874340039411
10.7175 0.7735318443676027
10.72 0.7734763369230079
10.7225 0.7734209115470568
10.725 0.7733655681168462
10.7275 0.7733103065099192
10.73 0.7732551266034365
10.7325 0.7732000282751137
10.735 0.7731450114028554
10.7375 0.773090075864755
10.74 0.7730352215392087
10.7425 0.772980448304538
10.745 0.7729257560394149
10.7475 0.7728711446226966
10.75 0.7728166139334263
10.7525 0.7727621638508821
10.755 0.7727077942544057
10.7575 0.7726535050235964
10.76 0.772599296038237
10.7625 0.7725451671782906
10.765 0.7724911183239247
10.7675 0.7724371493554356
10.77 0.7723832601533316
10.7725 0.7723294505983013
10.775 0.7722757205712142
10.7775 0.7722220699531267
10.78 0.772168498625253
10.7825 0.7721150064689973
10.785 0.7720615933659466
10.7875 0.7720082591978601
10.79 0.7719550038466826
10.7925 0.7719018271945257
10.795 0.7718487291236832
10.7975 0.7717957095166249
10.8 0.7717427682559982
10.8025 0.7716899052246288
10.805 0.7716371203055102
10.8075 0.7715844133818189
10.81 0.7715317843369021
10.8125 0.7714792330542861
10.815 0.7714267594176698
10.8175 0.7713743633109241
10.82 0.7713220446180968
10.8225 0.7712698032234097
10.825 0.7712176390112566
10.8275 0.771165551866205
10.83 0.7711135416729964
10.8325 0.7710616083165434
10.835 0.7710097516819321
10.8375 0.7709579716544208
10.84 0.7709062681194397
10.8425 0.7708546409625902
10.845 0.7708030900696452
10.8475 0.7707516153265503
10.85 0.7707002166194192
10.8525 0.7706488938345392
10.855 0.7705976468583647
10.8575 0.7705464755775244
10.86 0.7704953798788122
10.8625 0.7704443596491969
10.865 0.7703934147758105
10.8675 0.77034254514596
10.87 0.7702917506471173
10.8725 0.7702410311669254
10.875 0.7701903865931932
10.8775 0.7701398168139004
10.88 0.7700893217171917
10.8825 0.770038901191382
10.885 0.7699885551249521
10.8875 0.7699382834065505
10.89 0.7698880859249919
10.8925 0.7698379625692571
10.895 0.7697879132284962
10.8975 0.7697379377920213
10.9 0.7696880361493127
10.9025 0.7696382081900177
10.905 0.7695884538039455
10.9075 0.7695387728810725
10.91 0.7694891653115405
10.9125 0.7694396309856527
10.915 0.7693901697938804
10.9175 0.7693407816268582
10.92 0.769291466375383
10.9225 0.7692422239304157
10.925 0.7691930541830825
10.9275 0.7691439570246709
10.93 0.7690949323466305
10.9325 0.7690459800405762
10.935 0.7689970999982834
10.9375 0.7689482921116908
10.94 0.7688995562728965
10.9425 0.7688508923741639
10.945 0.7688023003079154
10.9475 0.7687537799667357
10.95 0.7687053312433691
10.9525 0.7686569540307222
10.955 0.7686086482218611
10.9575 0.7685604137100125
10.96 0.7685122503885624
10.9625 0.768464158151058
10.965 0.7684161368912042
10.9675 0.7683681865028668
10.97 0.7683203068800694
10.9725 0.7682724979169948
10.975 0.7682247595079853
10.9775 0.7681770915475397
10.98 0.7681294939303162
10.9825 0.7680819665511303
10.985 0.7680345093049555
10.9875 0.7679871220869225
10.99 0.7679398047923184
10.9925 0.7678925573165888
10.995 0.7678453795553342
10.9975 0.7677982714043124
11.0 0.7677512327594375
11.0025 0.7677042635167791
11.005 0.7676573635725632
11.0075 0.7676105328231714
11.01 0.7675637711651385
11.0125 0.7675170784951573
11.015 0.7674704547100732
11.0175 0.7674238997068868
11.02 0.7673774133827538
11.0225 0.7673309956349821
11.025 0.7672846463610367
11.0275 0.767238365458532
11.03 0.7671921528252391
11.0325 0.767146008359081
11.035 0.767099931958134
11.0375 0.7670539235206274
11.04 0.7670079829449418
11.0425 0.7669621101296098
11.045 0.7669163049733203
11.0475 0.7668705673749077
11.05 0.7668248972333619
11.0525 0.7667792944478236
11.055 0.7667337589175842
11.0575 0.7666882905420852
11.06 0.7666428892209202
11.0625 0.7665975548538332
11.065 0.7665522873407171
11.0675 0.7665070865816155
11.07 0.7664619524767232
11.0725 0.7664168849263809
11.075 0.7663718838310832
11.0775 0.7663269490914694
11.08 0.7662820806083317
11.0825 0.7662372782826077
11.085 0.766192542015385
11.0875 0.7661478717079002
11.09 0.7661032672615347
11.0925 0.7660587285778205
11.095 0.7660142555584377
11.0975 0.7659698481052111
11.1 0.7659255061201145
