x y
-0.3195616803667801 0.16562500000000002
-0.3181670672516271 0.140625
-0.328125 0.12519783380402633
-0.340625 0.11160626784867785
-0.35393813530056384 0.10312500000000001
-0.37812500000000004 0.09779394366186923
-0.403125 0.09806661732288086
-0.42812500000000003 0.10055349005939879
-0.453125 0.10277064059857871
-0.478125 0.10086168541018634
-0.4848328588788351 0.084375
-0.5030195790399042 0.09062500000000001
-0.496875 0.11550949133928863
-0.48950173480223047 0.12812500000000002
-0.478125 0.14092042349998335
-0.46267750109553724 0.153125
-0.446875 0.1631510394363074
-0.42812500000000003 0.17134803281324024
-0.40937500000000004 0.17759860330996619
-0.390625 0.18208164954184483
-0.36562500000000003 0.18422142811194167
-0.340625 0.18124516023205597
-0.3246175567895015 0.171875
-0.3195616803667801 0.16562500000000002

-0.34687500000000004 0.06999326312387377
-0.36719599061304337 0.07187500000000001
-0.390625 0.07619504010829799
-0.40937500000000004 0.08104228380622522
-0.434375 0.08229906949414512
-0.453125 0.08597230790084531
-0.47187500000000004 0.08016758889659821
-0.465625 0.07940697653716383
-0.446875 0.07461204902568619
-0.421875 0.0742086821004268
-0.403125 0.06760358404004593
-0.37812500000000004 0.06664691469635792
-0.359375 0.06081131754985612
-0.3390736223500112 0.059375000000000004
-0.31562500000000004 0.05444600380280187
-0.296875 0.05144519721473721
-0.27187500000000003 0.04849822889580659
-0.253125 0.04402574031383749
-0.234375 0.038478971488857865
-0.209375 0.03661258930426458
-0.19062500000000002 0.031152035765139547
-0.16562500000000002 0.028499060428718432
-0.146875 0.024703782119526334
-0.12562277978766703 0.021875000000000002
-0.10312500000000001 0.018486226780862813
-0.084375 0.013361098029900834
-0.059375000000000004 0.01170805309604199
-0.040625 0.0054904763711478835
-0.01848244656847973 0.003125
0.003125 -0.0015691430819189955
0.021875000000000002 -0.0046928427862785995
0.046875 -0.008614663389668566
0.065625 -0.011748151936414123
0.08712227306065926 -0.015625
0.109375 -0.018762061027123883
0.12812500000000002 -0.024423960635825376
0.153125 -0.026357959285275047
0.171875 -0.031653550841041427
0.19369905981750427 -0.034375
0.215625 -0.03844825507837171
0.234375 -0.0421980657902098
0.259375 -0.04551619027943919
0.278125 -0.05009026280286374
0.296875 -0.054294193798123704
0.321875 -0.05787033486438111
0.340625 -0.06299877676848067
0.36105273440234636 -0.065625
0.38059753134426033 -0.07187500000000001
0.39687500000000003 -0.07884281443041438
0.421875 -0.08411217109707529
0.44062500000000004 -0.08955951740795073
0.45937500000000003 -0.09068851430411413
0.446875 -0.09833417105578467
0.421875 -0.09924804107731117
0.39687500000000003 -0.0971668208299234
0.37812500000000004 -0.09560217649155614
0.353125 -0.09295765339446525
0.3286920600518033 -0.09062500000000001
0.309375 -0.08916190530596227
0.284375 -0.08729441934763273
0.259375 -0.08625882022361075
0.234375 -0.08647495753287418
0.21343794315091427 -0.09062500000000001
0.209375 -0.10490141922866114
0.22187500000000002 -0.12016459355924689
0.234375 -0.12978842931101253
0.25154974647773465 -0.140625
0.265625 -0.1482336654133955
0.284375 -0.1574881445531149
0.302387055990398 -0.16562500000000002
0.31733997904874256 -0.171875
0.33437500000000003 -0.17848588837032922
0.353125 -0.18519625498742517
0.371875 -0.1912396675583207
0.39181327589096143 -0.19687500000000002
0.415625 -0.2025211770014115
0.434375 -0.2060420679836266
0.45937500000000003 -0.20889944098611657
0.478125 -0.20970645212857097
0.496875 -0.2090700936967612
0.521875 -0.20526335335319273
0.540625 -0.1984566664578586
0.553125 -0.18979520450984438
0.563094377857411 -0.171875
0.5600709728762275 -0.146875
0.553125 -0.13147612450616408
0.5459902840260874 -0.115625
0.5433030580236925 -0.09062500000000001
0.5465416078782067 -0.065625
0.5472184992333219 -0.046875
0.5399709513522286 -0.034375
0.521875 -0.025591106927605016
0.496875 -0.02246360760870663
0.47187500000000004 -0.027846076886900707
0.46526841533624946 -0.040625
0.4670823488933351 -0.059375000000000004
0.478125 -0.07626355079285438
0.49062500000000003 -0.0757445816786487
0.484375 -0.08624598429737168
0.47187500000000004 -0.0970162818437342
0.47412246069101865 -0.084375
0.453125 -0.07998096658401539
0.434375 -0.07521799803760752
0.415625 -0.07142062220330535
0.39687500000000003 -0.06147705907729147
0.37812500000000004 -0.05646325118464157
0.363043613227488 -0.053125000000000006
0.34687500000000004 -0.04891205079000748
0.32743856378152036 -0.046875
0.30312500000000003 -0.04126163028841209
0.284375 -0.03908663999128523
0.259375 -0.03466526594380783
0.240625 -0.03047787263068775
0.215625 -0.028142978581438157
0.19687500000000002 -0.0230607279678626
0.17644854110077793 -0.021875000000000002
0.153125 -0.01658818179458102
0.134375 -0.012579629452639723
0.109375 -0.01050421914828939
0.09062500000000001 -0.0042582051297819
0.07187500000000001 -0.002726913028953686
0.059375000000000004 0.0008244753218027475
0.034375 0.002669785879902146
0.015625 0.007915738111036238
-0.006684444619622774 0.009375000000000001
-0.028125 0.01397925345002208
-0.046875 0.017678865008207513
-0.07187500000000001 0.01965523357996713
-0.09062500000000001 0.026479651342900045
-0.115625 0.026310515769341795
-0.134375 0.03318777869494451
-0.153125 0.037466412750549995
-0.178125 0.03977851633886116
-0.19687500000000002 0.04513184796311001
-0.2211819879112799 0.046875
-0.240625 0.051220228529846326
-0.25968333585027215 0.053125000000000006
-0.284375 0.057449841536442746
-0.30312500000000003 0.06341038119762518
-0.328125 0.06472017307494152
-0.34687500000000004 0.06999326312387377
-0.34687500000000004 0.06999326312387377

-0.08562628571743708 0.003125
-0.08562628571743708 0.003125
-0.08562628571743708 0.003125

-0.11236842244826054 0.009375000000000001
-0.11236842244826054 0.009375000000000001
-0.11236842244826054 0.009375000000000001

-0.19240974502679342 0.021875000000000002
-0.19240974502679342 0.021875000000000002
-0.19240974502679342 0.021875000000000002

-0.31188902876621744 0.046875
-0.3127295327165275 0.040625
-0.31188902876621744 0.046875
-0.31188902876621744 0.046875

-0.25570029359355123 0.034375
-0.265625 0.035496284615050375
-0.25570029359355123 0.034375

-0.371875 0.053169308463057764
-0.371875 0.05280290424011094
-0.371875 0.053169308463057764

-0.03930237247219159 -0.003125
-0.03930237247219159 -0.003125
-0.03930237247219159 -0.003125

-0.39687500000000003 0.05767608414449117
-0.39687500000000003 0.05960091286546205
-0.39687500000000003 0.05767608414449117

-0.21298794672522955 0.028125
-0.22187500000000002 0.023054486582606972
-0.21298794672522955 0.028125

-0.24091032145740873 0.034375
-0.24091032145740873 0.034375
-0.24091032145740873 0.034375

-0.328125 0.04350914069684027
-0.328125 0.04732085454829215
-0.328125 0.04350914069684027

-0.1728774152094921 0.021875000000000002
-0.1728774152094921 0.021875000000000002
-0.1728774152094921 0.021875000000000002

-0.2805099734922093 0.040625
-0.290625 0.04245612498993488
-0.2805099734922093 0.040625

-0.35068361052630875 0.053125000000000006
-0.359375 0.04764365707946242
-0.35068361052630875 0.053125000000000006

-0.15654944103257992 0.015625
-0.15654944103257992 0.015625
-0.15654944103257992 0.015625

-0.3185395006658447 0.15937500000000002
-0.328125 0.1725321993553682
-0.34687500000000004 0.1815734938434607
-0.371875 0.18343045697763963
-0.39687500000000003 0.18047102075374413
-0.415625 0.1757519090538617
-0.434375 0.16893345623021805
-0.4525706124697393 0.15937500000000002
-0.465625 0.1514795814229263
-0.4782984330787417 0.140625
-0.49062500000000003 0.12702083949928444
-0.5001201914300357 0.109375
-0.5021852031468143 0.084375
-0.4855719994610975 0.09062500000000001
-0.47187500000000004 0.09936481267937439
-0.446875 0.1031026483685061
-0.421875 0.09987277373791312
-0.39687500000000003 0.0980456294133857
-0.371875 0.098976434435818
-0.353125 0.10462308030170248
-0.3382593786332038 0.115625
-0.3272887790995648 0.12812500000000002
-0.3176601904783063 0.146875
-0.3185395006658447 0.15937500000000002

-0.34687500000000004 0.0699329395405328
-0.3673024286422602 0.07187500000000001
-0.390625 0.07615186933682562
-0.40937500000000004 0.08097673309209717
-0.434375 0.08225461665630063
-0.453125 0.0859375488415847
-0.47187500000000004 0.08013978519345451
-0.465625 0.07941977476007989
-0.446875 0.0747077675793697
-0.421875 0.07424617712358939
-0.403125 0.06764902863778616
-0.37812500000000004 0.06670968883985864
-0.359375 0.06086312315913472
-0.3389473717106815 0.059375000000000004
-0.31562500000000004 0.05453585030186862
-0.296875 0.0515709772789794
-0.27187500000000003 0.04866140006151296
-0.253125 0.04415136737858769
-0.234375 0.038831231805898245
-0.209375 0.036773262661159996
-0.19062500000000002 0.03128902799136121
-0.16562500000000002 0.028722513456397605
-0.146875 0.024843981164182367
-0.12539337755473828 0.021875000000000002
-0.10312500000000001 0.01863960352904654
-0.084375 0.013594270430029157
-0.059375000000000004 0.011874274939791603
-0.040625 0.005655038725829726
-0.0170681606058473 0.003125
0.003125 -0.0014039191635382895
0.021875000000000002 -0.004454394388806536
0.046875 -0.00841919907843759
0.065625 -0.011569100935546663
0.08776390334743776 -0.015625
0.109375 -0.018585353002059653
0.12812500000000002 -0.024224858566034693
0.153125 -0.026153428621930607
0.171875 -0.03149141507717271
0.19412092246652526 -0.034375
0.215625 -0.03827348130519156
0.234375 -0.04193172240843432
0.259375 -0.04529346101582257
0.278125 -0.04987279570977686
0.296875 -0.053653495114809324
0.321875 -0.05758689649376302
0.340625 -0.06264800942140243
0.3620083494541532 -0.065625
0.3821923798989381 -0.07187500000000001
0.3975481667977614 -0.078125
0.421875 -0.08383545178467754
0.44062500000000004 -0.08939515758440246
0.4586965320216699 -0.09062500000000001
0.45937500000000003 -0.0998836587272369
0.434375 -0.10019886247724867
0.40937500000000004 -0.1002962357545194
0.384375 -0.09945298923222912
0.359375 -0.09849377010534406
0.33437500000000003 -0.09835509003834769
0.309375 -0.09948503333830025
0.2877214155804509 -0.10312500000000001
0.2726107072220296 -0.115625
0.2829718294442833 -0.134375
0.296875 -0.14511268845886094
0.3094712950694498 -0.153125
0.328125 -0.1630993248572014
0.34687500000000004 -0.17185983415837433
0.3619110219235751 -0.178125
0.3787716413886716 -0.184375
0.3981416054214757 -0.19062500000000002
0.421875 -0.19682103255496824
0.44062500000000004 -0.20061931224310345
0.46204908074864376 -0.203125
0.484375 -0.20400271672514306
0.503125 -0.20266853865454296
0.5280760284100735 -0.19687500000000002
0.5412449644005245 -0.19062500000000002
0.554518682424487 -0.178125
0.5596702162753604 -0.15937500000000002
0.5559360767779888 -0.140625
0.5478392718178289 -0.12187500000000001
0.54266624144612 -0.10312500000000001
0.5445407999808868 -0.078125
0.5467416237970164 -0.053125000000000006
0.5378160711742737 -0.034375
0.521875 -0.02673992648090187
0.496875 -0.02327103454209086
0.4742999399693399 -0.028125
0.46618462200812616 -0.046875
0.47187500000000004 -0.06803973153311123
0.484375 -0.07171194249169957
0.49062500000000003 -0.0798143890008945
0.4785202487491354 -0.096875
0.47187500000000004 -0.09680204446638517
0.465625 -0.0826034066221139
0.44235010868321556 -0.078125
0.421875 -0.07337640836383934
0.403125 -0.06786794028855689
0.384375 -0.05975433829296672
0.36562500000000003 -0.053580135741616096
0.34687500000000004 -0.049884295856193604
0.3241834045756415 -0.046875
0.30312500000000003 -0.041683093318671954
0.284375 -0.04029349414872874
0.259375 -0.03493665329573043
0.240625 -0.031122210044643234
0.215625 -0.02841037992923124
0.19687500000000002 -0.023401858650619483
0.17524215786549222 -0.021875000000000002
0.153125 -0.016829387740414065
0.134375 -0.01328965694385266
0.109375 -0.010792668452676093
0.09062500000000001 -0.004561655675624934
0.065625 -0.0038134914858871816
0.046875 0.0022826404757176526
0.028125 0.005746929846381969
0.003125 0.00877528045586461
-0.015625 0.013834586796875672
-0.040082891267519814 0.015625
-0.059375000000000004 0.020412949857234353
-0.07915043769704501 0.021875000000000002
-0.10312500000000001 0.02645811597532889
-0.12187500000000001 0.03154204165337703
-0.146875 0.03307935020468932
-0.16562500000000002 0.03863325337504996
-0.18899691151250922 0.040625
-0.209375 0.044461611960211395
-0.22812500000000002 0.04783770547240939
-0.253125 0.0503715188148468
-0.27187500000000003 0.057052805524997995
-0.296875 0.05745207469039848
-0.31562500000000004 0.06396024338477169
-0.33437500000000003 0.06924604532900773
-0.34687500000000004 0.0699329395405328

-0.11105125262365874 0.009375000000000001
-0.11105125262365874 0.009375000000000001
-0.11105125262365874 0.009375000000000001

-0.312998256148285 0.046875
-0.312998256148285 0.046875
-0.312998256148285 0.046875

-0.25826235444620227 0.034375
-0.265625 0.03512418610370928
-0.25826235444620227 0.034375

-0.39687500000000003 0.05834786600631327
-0.39687500000000003 0.059511582858400455
-0.39687500000000003 0.05834786600631327

-0.21459208724903506 0.028125
-0.22187500000000002 0.024121766916442133
-0.21459208724903506 0.028125

-0.24211465024100615 0.034375
-0.24211465024100615 0.034375
-0.24211465024100615 0.034375

-0.328125 0.04456001999237608
-0.328125 0.04718165107262077
-0.328125 0.04456001999237608

-0.17423288535680406 0.021875000000000002
-0.17423288535680406 0.021875000000000002
-0.17423288535680406 0.021875000000000002

-0.2815807190303284 0.040625
-0.290625 0.04220118397314363
-0.2815807190303284 0.040625

-0.3512634595241043 0.053125000000000006
-0.359375 0.04832287470596927
-0.3512634595241043 0.053125000000000006

-0.15511591309757988 0.015625
-0.15511591309757988 0.015625
-0.15511591309757988 0.015625

-0.3203784494240973 0.15937500000000002
-0.3298435327095365 0.171875
-0.34687500000000004 0.18033552070207723
-0.371875 0.18282410787561737
-0.39687500000000003 0.1800390829670536
-0.415625 0.1754986172245388
-0.434375 0.16876067227146735
-0.45238207229962824 0.15937500000000002
-0.465625 0.15141881026046836
-0.4782515794518179 0.140625
-0.49062500000000003 0.12700515620912134
-0.5001167526825632 0.109375
-0.5021849491696854 0.084375
-0.4855721627569967 0.09062500000000001
-0.47187500000000004 0.09937528674898212
-0.4478310526870037 0.10312500000000001
-0.434375 0.10157203639846484
-0.40937500000000004 0.09878672898372241
-0.384375 0.09836961201567981
-0.3596248417488915 0.10312500000000001
-0.34687500000000004 0.10985016260732378
-0.3338456547487312 0.12187500000000001
-0.321875 0.13925158374991833
-0.3203784494240973 0.15937500000000002
-0.3203784494240973 0.15937500000000002

-0.34687500000000004 0.06987261595719181
-0.36740886667147704 0.07187500000000001
-0.390625 0.07610869856535325
-0.40937500000000004 0.08091118237796911
-0.434375 0.08221016381845614
-0.453125 0.08590278978232407
-0.47187500000000004 0.08011198149031082
-0.465625 0.07943257298299593
-0.446875 0.07480348613305321
-0.421875 0.07428367214675197
-0.403125 0.06769447323552638
-0.37812500000000004 0.06677246298335937
-0.359375 0.06091492876841331
-0.33882112107135187 0.059375000000000004
-0.31562500000000004 0.054625696800935354
-0.296875 0.05169675734322158
-0.27187500000000003 0.04882457122721933
-0.253125 0.04427699444333789
-0.234375 0.03918349212293863
-0.209375 0.03693393601805542
-0.19062500000000002 0.03142602021758288
-0.16562500000000002 0.028945966484076775
-0.146875 0.0249841802088384
-0.12516397532180953 0.021875000000000002
-0.10312500000000001 0.018792980277230264
-0.084375 0.01382744283015748
-0.059375000000000004 0.012040496783541218
-0.040625 0.005819601080511567
-0.015653874643214865 0.003125
0.003125 -0.001238695245157583
0.021875000000000002 -0.0042159459913344716
0.046875 -0.008223734767206614
0.065625 -0.011390049934679205
0.08840553363421629 -0.015625
0.109375 -0.01840864497699542
0.12812500000000002 -0.024025756496244006
0.153125 -0.025948897958586167
0.171875 -0.03132927931330398
0.19454278511554626 -0.034375
0.215625 -0.038098707532011396
0.234375 -0.041665379026658844
0.259375 -0.04507073175220595
0.278125 -0.049655328616689975
0.29726679939783535 -0.053125000000000006
0.321875 -0.05730345812314494
0.340625 -0.0622972420743242
0.3629639645059601 -0.065625
0.38378722845361585 -0.07187500000000001
0.3995327479689229 -0.078125
0.421875 -0.0835587324722798
0.44062500000000004 -0.08923079776085417
0.4579597117934828 -0.09062500000000001
0.45937500000000003 -0.10022893377910859
0.434375 -0.10138633820584053
0.40937500000000004 -0.1024425856147726
0.384375 -0.10291935372884523
0.36562500000000003 -0.10363088954632554
0.340625 -0.10637693221974354
0.321875 -0.11142051618798968
0.31024443276119656 -0.12812500000000002
0.321875 -0.14355083917550848
0.33437500000000003 -0.15325731899131237
0.353125 -0.16432309961453911
0.36835658559987217 -0.171875
0.384375 -0.17868435560260074
0.403125 -0.18549397547095448
0.421875 -0.19098822661780618
0.446875 -0.1963250017816456
0.465625 -0.1987168834323793
0.49062500000000003 -0.19918516212159937
0.509375 -0.19685551309828955
0.5302055355058196 -0.19062500000000002
0.546875 -0.17962169589368124
0.5552569048222286 -0.16562500000000002
0.5541808292093036 -0.140625
0.5469246646093419 -0.12187500000000001
0.5422321970974661 -0.10312500000000001
0.5442017220210345 -0.078125
0.5459788613577536 -0.053125000000000006
0.5356611909963186 -0.034375
0.521875 -0.02788874603419873
0.496875 -0.024078461475475092
0.47707121602158775 -0.028125
0.466846775950314 -0.046875
0.47187500000000004 -0.06754107742329774
0.484375 -0.07155708442221814
0.49062500000000003 -0.07984859086406298
0.47853414875690725 -0.096875
0.47187500000000004 -0.09675883558120715
0.465625 -0.08265260189732133
0.4420630484391807 -0.078125
0.421875 -0.07360651747988894
0.403125 -0.06845621318980004
0.384375 -0.06060313217114195
0.36562500000000003 -0.054146541860398835
0.34687500000000004 -0.050856540922379734
0.321875 -0.0469959213498735
0.30312500000000003 -0.04210455634893181
0.2832735510203084 -0.040625
0.259375 -0.03520804064765304
0.240625 -0.031766547458598714
0.215625 -0.028677781277024323
0.19687500000000002 -0.023742989333376367
0.1740357746302065 -0.021875000000000002
0.153125 -0.01707059368624711
0.134375 -0.013999684435065596
0.109375 -0.011081117757062796
0.09062500000000001 -0.00486510622146797
0.065625 -0.004267341921686161
0.046875 0.0020829878549320285
0.028125 0.005046093299007525
0.003125 0.008569147062187846
-0.015625 0.013525625663811047
-0.040625 0.015487445821443513
-0.059375000000000004 0.020200761056329286
-0.07968981307742086 0.021875000000000002
-0.10312500000000001 0.026240849426652193
-0.12187500000000001 0.031202979333770982
-0.146875 0.03286764914463863
-0.16562500000000002 0.03846491690897612
-0.18941372327574513 0.040625
-0.209375 0.04430156955115711
-0.22812500000000002 0.047377548103462334
-0.253125 0.050210242513447065
-0.27187500000000003 0.056909220836626695
-0.296875 0.057101848322934814
-0.31562500000000004 0.06387511105963412
-0.33437500000000003 0.06911604670021916
-0.34687500000000004 0.06987261595719181

-0.10973408279905696 0.009375000000000001
-0.10973408279905696 0.009375000000000001
-0.10973408279905696 0.009375000000000001

-0.31410748353035256 0.046875
-0.31410748353035256 0.046875
-0.31410748353035256 0.046875

-0.26711767877474746 0.034375
-0.26711767877474746 0.034375
-0.26711767877474746 0.034375

-0.39687500000000003 0.05901964786813536
-0.39687500000000003 0.05942225285133886
-0.39687500000000003 0.05901964786813536

-0.24331897902460356 0.034375
-0.24331897902460356 0.034375
-0.24331897902460356 0.034375

-0.328125 0.0456108992879119
-0.328125 0.04704244759694939
-0.328125 0.0456108992879119

-0.17558835550411606 0.021875000000000002
-0.17558835550411606 0.021875000000000002
-0.17558835550411606 0.021875000000000002

-0.2826514645684475 0.040625
-0.290625 0.041946242956352374
-0.2826514645684475 0.040625

-0.3518433085218999 0.053125000000000006
-0.359375 0.04900209233247612
-0.3518433085218999 0.053125000000000006

-0.22454404967829794 0.028125
-0.22454404967829794 0.028125
-0.22454404967829794 0.028125

-0.15368238516257982 0.015625
-0.15368238516257982 0.015625
-0.15368238516257982 0.015625

-0.34687500000000004 0.06981229237385082
-0.3675153047006939 0.07187500000000001
-0.390625 0.07606552779388089
-0.40937500000000004 0.08084563166384107
-0.434375 0.08216571098061165
-0.453125 0.08586803072306345
-0.47187500000000004 0.08008417778716712
-0.465625 0.07944537120591198
-0.446875 0.07489920468673672
-0.421875 0.07432116716991455
-0.403125 0.06773991783326659
-0.37812500000000004 0.0668352371268601
-0.359375 0.06096673437769191
-0.3386948704320222 0.059375000000000004
-0.31562500000000004 0.0547155433000021
-0.296875 0.051822537407463766
-0.27187500000000003 0.0489877423929257
-0.253125 0.04440262150808809
-0.234375 0.03953575243997902
-0.209375 0.037094609374950835
-0.19062500000000002 0.03156301244380455
-0.16562500000000002 0.02916941951175595
-0.146875 0.025124379253494433
-0.1249345730888808 0.021875000000000002
-0.10312500000000001 0.018946357025413987
-0.084375 0.014060615230285803
-0.059375000000000004 0.012206718627290832
-0.040625 0.005984163435193409
-0.015625 0.003581428040824789
0.003125 -0.0010734713267768767
0.021875000000000002 -0.003977497593862408
0.046875 -0.008028270455975636
0.065625 -0.011210998933811745
0.0890471639209948 -0.015625
0.109375 -0.018231936951931187
0.12812500000000002 -0.02382665442645332
0.153125 -0.02574436729524173
0.171875 -0.031167143549435262
0.1949646477645673 -0.034375
0.215625 -0.03792393375883124
0.234375 -0.04139903564488336
0.259375 -0.04484800248858933
0.278125 -0.0494378615236031
0.2995040309017974 -0.053125000000000006
0.321875 -0.05702001975252686
0.340625 -0.06194647472724597
0.3639195795577669 -0.065625
0.384375 -0.07116363551986175
0.4015173291400844 -0.078125
0.421875 -0.08328201315988204
0.44062500000000004 -0.08906643793730588
0.45722289156529583 -0.09062500000000001
0.45937500000000003 -0.10057420883098027
0.434375 -0.10257381393443239
0.415625 -0.10432622244901076
0.390625 -0.10621061773256671
0.3658793444160821 -0.109375
0.34687500000000004 -0.11511619092894047
0.3349738011353692 -0.12812500000000002
0.34537993435319764 -0.146875
0.359375 -0.15757957462924105
0.37269254637044513 -0.16562500000000002
0.390625 -0.17438113572820418
0.40937500000000004 -0.1818083499630468
0.42812500000000003 -0.18765968480719175
0.446875 -0.19190256530856456
0.47187500000000004 -0.1950591771828286
0.496875 -0.19473498236217535
0.5179457168610936 -0.19062500000000002
0.534375 -0.18380360503343954
0.5478985419380433 -0.171875
0.55403811644094 -0.153125
0.5508674712733027 -0.134375
0.5442511932013562 -0.115625
0.5422715337306273 -0.09062500000000001
0.5452042297460203 -0.065625
0.540625 -0.04107295214748233
0.5281250000000001 -0.03108810988922483
0.509375 -0.025729388698248208
0.484375 -0.02649346185120921
0.4710903001392396 -0.034375
0.46878553219408514 -0.059375000000000004
0.478125 -0.07566553031882137
0.49062500000000003 -0.07559701877197497
0.484375 -0.08626421275165426
0.47187500000000004 -0.09763194424112441
0.47404543421255285 -0.084375
0.453125 -0.08014379067724868
0.434375 -0.07566052461926379
0.41346196693683035 -0.07187500000000001
0.3954807654620757 -0.065625
0.37662687996737043 -0.059375000000000004
0.353125 -0.053980425964157974
0.33437500000000003 -0.048998896127207675
0.31549150268331294 -0.046875
0.290625 -0.042066295172592895
0.27187500000000003 -0.036804612159353225
0.246875 -0.03514022702386188
0.22812500000000002 -0.029221817919962603
0.209375 -0.027167845005354744
0.184375 -0.022600017694941965
0.16562500000000002 -0.01828575389684456
0.140625 -0.015823848498836512
0.12187500000000001 -0.010871753247866572
0.10133362760452647 -0.009375000000000001
0.078125 -0.004517254380020821
0.059375000000000004 -0.0006256172447245134
0.034375 0.001936963828313429
0.015625 0.007205862211044744
-0.008908014849516097 0.009375000000000001
-0.028125 0.013343311048100073
-0.04689887837492914 0.015625
-0.07187500000000001 0.018855576608031995
-0.09062500000000001 0.02573179817910317
-0.115625 0.024940013971587995
-0.134375 0.03266966671545216
-0.153125 0.035867228702903375
-0.178125 0.03928560149726096
-0.19687500000000002 0.04452568845296572
-0.22187500000000002 0.0465065860534618
-0.240625 0.05074714585249895
-0.26044259688878074 0.053125000000000006
-0.284375 0.0570577090733764
-0.30312500000000003 0.06304946706233269
-0.328125 0.06439813022301724
-0.34687500000000004 0.06981229237385082
-0.34687500000000004 0.06981229237385082

-0.4709106340176687 0.146875
-0.48435051839022253 0.134375
-0.4937736348756101 0.12187500000000001
-0.5018766819142795 0.10312500000000001
-0.496875 0.07935741721104157
-0.4864403383382497 0.096875
-0.465625 0.10125314501784989
-0.446875 0.1031852645201206
-0.42812500000000003 0.10098541604693306
-0.403125 0.09883139894121276
-0.37812500000000004 0.09941839749576062
-0.359375 0.10406615420879994
-0.3414527475861509 0.115625
-0.32982712191398417 0.12812500000000002
-0.321875 0.14276666977127
-0.32215313591960687 0.15937500000000002
-0.33437500000000003 0.1734204942678964
-0.353125 0.180704696159861
-0.37812500000000004 0.18200671417902967
-0.402852000820264 0.178125
-0.421875 0.17309621306629708
-0.4399758907238293 0.16562500000000002
-0.453125 0.158999154758305
-0.4709106340176687 0.146875
-0.4709106340176687 0.146875

-0.31521671091242015 0.046875
-0.31521671091242015 0.046875
-0.31521671091242015 0.046875

-0.26564474898009205 0.034375
-0.26564474898009205 0.034375
-0.26564474898009205 0.034375

-0.3980664114964848 0.059375000000000004
-0.3980664114964848 0.059375000000000004
-0.3980664114964848 0.059375000000000004

-0.24452330780820097 0.034375
-0.24452330780820097 0.034375
-0.24452330780820097 0.034375

-0.328125 0.046661778583447715
-0.328125 0.046903244121278
-0.328125 0.046661778583447715

-0.17694382565142802 0.021875000000000002
-0.17694382565142802 0.021875000000000002
-0.17694382565142802 0.021875000000000002

-0.2837222101065665 0.040625
-0.290625 0.04169130193956112
-0.2837222101065665 0.040625

-0.35242315751969544 0.053125000000000006
-0.359375 0.04968130995898297
-0.35242315751969544 0.053125000000000006

-0.22357379420264512 0.028125
-0.22357379420264512 0.028125
-0.22357379420264512 0.028125

-0.34687500000000004 0.06975196879050984
-0.3676217427299107 0.07187500000000001
-0.390625 0.0760223570224085
-0.40937500000000004 0.080780080949713
-0.434375 0.08212125814276715
-0.453125 0.08583327166380283
-0.47187500000000004 0.08005637408402341
-0.465625 0.07945816942882804
-0.446875 0.07499492324042022
-0.421875 0.07435866219307713
-0.403125 0.06778536243100682
-0.37812500000000004 0.06689801127036082
-0.359375 0.0610185399869705
-0.3385686197926925 0.059375000000000004
-0.31562500000000004 0.05480538979906884
-0.296875 0.05194831747170595
-0.27187500000000003 0.04915091355863206
-0.253125 0.04452824857283828
-0.234375 0.0398880127570194
-0.240625 0.050589451626716485
-0.2606956839016169 0.053125000000000006
-0.284375 0.05692699825235428
-0.30312500000000003 0.06292916235056853
-0.328125 0.06429078260570914
-0.34687500000000004 0.06975196879050984
-0.34687500000000004 0.06975196879050984

-0.4708389830423909 0.146875
-0.48432293422555717 0.134375
-0.4937639797351578 0.12187500000000001
-0.5018752936650763 0.10312500000000001
-0.496875 0.07935765721564156
-0.4864408654800061 0.096875
-0.465625 0.10127172670437724
-0.446875 0.10322027327235624
-0.42812500000000003 0.10112939137611114
-0.403125 0.0990863261473234
-0.37812500000000004 0.09995988210705775
-0.359375 0.10492146492483519
-0.34283159579334144 0.115625
-0.3310062527307578 0.12812500000000002
-0.32197833408078413 0.146875
-0.328125 0.1660664853008959
-0.34687500000000004 0.1779128391494348
-0.36562500000000003 0.18141889974378675
-0.390625 0.18027451912166131
-0.40937500000000004 0.17659167120075822
-0.42812500000000003 0.17071192187331208
-0.446875 0.16266707162565214
-0.46222535525384256 0.153125
-0.4708389830423909 0.146875

-0.07187500000000001 0.013647121712101242
-0.09062500000000001 0.01732530762113252
-0.115625 0.020816399417349925
-0.134375 0.023716950325582686
-0.1580588313640236 0.028125
-0.178125 0.03000641212632811
-0.19687500000000002 0.0363164345929691
-0.22187500000000002 0.03691491932182731
-0.209375 0.043981484733048554
-0.19024734680221692 0.040625
-0.16562500000000002 0.03812824397682844
-0.146875 0.03244424702453726
-0.12187500000000001 0.030524854694558887
-0.10312500000000001 0.0258063163292988
-0.08076856383817255 0.021875000000000002
-0.059375000000000004 0.01977638345451916
-0.040625 0.014921614250910969
-0.015625 0.012907703397681798
0.003125 0.00815688027483432
0.028125 0.003644420204258636
0.046875 0.0016836826133607785
0.065625 -0.005175042793284116
0.09062500000000001 -0.00547200731315404
0.109375 -0.011658016365836198
0.134375 -0.015419739417491468
0.153125 -0.0175530055779132
0.171875 -0.021947642218782027
0.19687500000000002 -0.02442525069889014
0.215625 -0.02921258397261049
0.240625 -0.03305522228650968
0.259375 -0.035750815351498245
0.2802363867944118 -0.040625
0.30312500000000003 -0.04294748240945153
0.321875 -0.0478274319285529
0.34687500000000004 -0.052801031054751986
0.36562500000000003 -0.055279354097964306
0.384375 -0.06230071992749241
0.403125 -0.06963275899228634
0.421875 -0.07406673571198817
0.441488927951111 -0.078125
0.465625 -0.08275099244773619
0.47187500000000004 -0.09667241781085115
0.47856194877245095 -0.096875
0.49062500000000003 -0.07991699459039994
0.484375 -0.07124736828325529
0.47187500000000004 -0.06654376920367078
0.46817108383468964 -0.046875
0.478125 -0.02987640032811884
0.496875 -0.02569331534224356
0.516151248189241 -0.028125
0.534375 -0.036094080015204075
0.5444533364792282 -0.053125000000000006
0.54352356610133 -0.078125
0.5413641084001584 -0.10312500000000001
0.546875 -0.1264334713135713
0.55182375711934 -0.146875
0.546875 -0.16716066357009474
0.534375 -0.17953171900384735
0.515625 -0.18779481561585154
0.496875 -0.19113244954369424
0.47187500000000004 -0.19141203568814036
0.453125 -0.18913949847936928
0.4325910146488738 -0.184375
0.41355528955290277 -0.178125
0.39687500000000003 -0.17097807305100654
0.37812500000000004 -0.1605767058389375
0.36562500000000003 -0.15118595102000243
0.3536059591558785 -0.134375
0.36562500000000003 -0.1172760040491501
0.384375 -0.11119888107333734
0.403125 -0.10789923092613049
0.42812500000000003 -0.10483433053140764
0.446875 -0.10164686494779457
0.4596733116093964 -0.09062500000000001
0.4501329775847292 -0.09062500000000001
0.42812500000000003 -0.08506218253680209
0.40937500000000004 -0.08097167301376341
0.390625 -0.07327213437353627
0.371875 -0.06681512374555301
0.353125 -0.06310787444986009
0.33437500000000003 -0.05841105816819878
0.309375 -0.05556591181797065
0.290625 -0.049991141438069375
0.2659704484193891 -0.046875
0.246875 -0.042975120345673336
0.22812500000000002 -0.04013481323957419
0.203125 -0.03616013959546905
0.184375 -0.03227864778355399
0.15942023764781332 -0.028125
0.140625 -0.025028901771383283
0.12187500000000001 -0.01963756640409121
0.096875 -0.017402329769715813
0.078125 -0.012641187027606457
0.055286902314239356 -0.009375000000000001
0.034375 -0.006136316500725394
0.015625 -0.002411618826055704
-0.009375000000000001 0.00043131899624553527
-0.028125 0.006147895065517509
-0.053125000000000006 0.008128678739540564
-0.07187500000000001 0.013647121712101242
-0.07187500000000001 0.013647121712101242

-0.40059578392116946 0.059375000000000004
-0.40059578392116946 0.059375000000000004
-0.40059578392116946 0.059375000000000004

-0.2457276365917984 0.034375
-0.2457276365917984 0.034375
-0.2457276365917984 0.034375

-0.3300149788577834 0.046875
-0.3300149788577834 0.046875
-0.3300149788577834 0.046875

-0.353003006517491 0.053125000000000006
-0.359375 0.05036052758548982
-0.353003006517491 0.053125000000000006

-0.28505781800870406 0.040625
-0.28505781800870406 0.040625
-0.28505781800870406 0.040625

-0.2226035387269923 0.028125
-0.2226035387269923 0.028125
-0.2226035387269923 0.028125

-0.34687500000000004 0.06969164520716885
-0.36772818075912755 0.07187500000000001
-0.390625 0.07597918625093614
-0.40937500000000004 0.08071453023558496
-0.434375 0.08207680530492266
-0.453125 0.08579851260454222
-0.47187500000000004 0.08002857038087972
-0.465625 0.07947096765174408
-0.446875 0.07509064179410373
-0.421875 0.07439615721623971
-0.403125 0.06783080702874704
-0.37812500000000004 0.06696078541386155
-0.359375 0.0610703455962491
-0.3384423691533628 0.059375000000000004
-0.31562500000000004 0.054895236298135586
-0.296875 0.05207409753594813
-0.27187500000000003 0.04931408472433843
-0.253125 0.04465387563758848
-0.234375 0.040240273074059786
-0.240625 0.05043175740093403
-0.2609487709144531 0.053125000000000006
-0.284375 0.05679628743133217
-0.30312500000000003 0.06280885763880435
-0.328125 0.06418343498840105
-0.34687500000000004 0.06969164520716885
-0.34687500000000004 0.06969164520716885

-0.47076733206711313 0.146875
-0.4842953500608918 0.134375
-0.49375432459470553 0.12187500000000001
-0.5018739054158731 0.10312500000000001
-0.496875 0.07935789722024154
-0.4864413926217625 0.096875
-0.465625 0.10129030839090461
-0.446875 0.10325528202459189
-0.42812500000000003 0.10127336670528923
-0.403125 0.09934125335343404
-0.37812500000000004 0.10050136671835488
-0.359375 0.10577677564087043
-0.3442104440005319 0.115625
-0.3321853835475314 0.12812500000000002
-0.3231220646753763 0.146875
-0.32942564959544274 0.16562500000000002
-0.34687500000000004 0.1769232983750665
-0.36562500000000003 0.18071826765174803
-0.390625 0.17982273651661546
-0.40937500000000004 0.17633993817345622
-0.42812500000000003 0.17055289413833002
-0.446875 0.16254607967298831
-0.4621123187934189 0.153125
-0.47076733206711313 0.146875

-0.07187500000000001 0.01382499071844581
-0.09062500000000001 0.017639697903637324
-0.115625 0.021001817854718677
-0.134375 0.023891079847995274
-0.1577448787655411 0.028125
-0.178125 0.030157641741324105
-0.19687500000000002 0.03655180770555224
-0.22187500000000002 0.03704491331993143
-0.209375 0.04382144232399427
-0.19062500000000002 0.04059346637699619
-0.16562500000000002 0.03795990751075459
-0.146875 0.032232545964486575
-0.12187500000000001 0.030185792374952836
-0.10312500000000001 0.0255890497806221
-0.08130793921854838 0.021875000000000002
-0.059375000000000004 0.019564194653614093
-0.040625 0.014638698465644695
-0.015625 0.012598742264617175
0.003125 0.007950746881157558
0.02783202229852919 0.003125
0.046875 0.0014840299925751553
0.065625 -0.005628893229083094
0.09062500000000001 -0.005775457858997074
0.109375 -0.011946465670222901
0.13380952831047924 -0.015625
0.153125 -0.017794211523746245
0.171875 -0.022295408855930596
0.19687500000000002 -0.024766381381647024
0.215625 -0.029479985320403572
0.240625 -0.03369955970046516
0.259375 -0.036022202703420846
0.27871780468146357 -0.040625
0.30312500000000003 -0.043368945439711384
0.321875 -0.04824318721789259
0.3461041949512126 -0.053125000000000006
0.36562500000000003 -0.055845760216747045
0.384375 -0.06314951380566763
0.403125 -0.07022103189352949
0.421875 -0.07429684482803779
0.44120186770707615 -0.078125
0.465625 -0.0828001877229436
0.47187500000000004 -0.09662920892567314
0.4785758487802228 -0.096875
0.49062500000000003 -0.07995119645356843
0.484375 -0.07109251021377386
0.47187500000000004 -0.06604511509385728
0.46883323777687747 -0.046875
0.478125 -0.03095768001352101
0.496875 -0.026500742275627792
0.515625 -0.028663763759199476
0.534375 -0.037319258275901365
0.5436905740399655 -0.053125000000000006
0.5431844881414778 -0.078125
0.5409300640515046 -0.10312500000000001
0.5466493715014441 -0.12812500000000002
0.5500391199256544 -0.146875
0.5443394449135932 -0.16562500000000002
0.5303517391547939 -0.178125
0.5155997053953342 -0.184375
0.49062500000000003 -0.18861408367571889
0.465625 -0.18767746429873247
0.446875 -0.18426114200555843
0.425767299661764 -0.178125
0.40937500000000004 -0.17144979333441784
0.390625 -0.16115683761638702
0.37812500000000004 -0.151502202946181
0.367473234515189 -0.134375
0.37812500000000004 -0.11947339976857348
0.39687500000000003 -0.11238086107509504
0.415625 -0.10835961902286152
0.44062500000000004 -0.10382594143443781
0.45937500000000003 -0.10126475893472366
0.4557492511089218 -0.09062500000000001
0.44062500000000004 -0.08873771829020932
0.421875 -0.08272857453508653
0.403125 -0.07626644121321736
0.384375 -0.06891054344516545
0.36562500000000003 -0.0654161896523454
0.340625 -0.06124494003308951
0.321875 -0.056453143011290695
0.30312500000000003 -0.05285094549648977
0.278125 -0.049002927337429336
0.259375 -0.04440254396135609
0.234375 -0.04086634888133241
0.215625 -0.037574386212470924
0.1958083730626093 -0.034375
0.171875 -0.030842872021697817
0.153125 -0.025335305968552855
0.12812500000000002 -0.02342845028687195
0.109375 -0.017878520901802725
0.09033042449455184 -0.015625
0.065625 -0.010852896932076826
0.046875 -0.007637341833513683
0.021875000000000002 -0.0035006007989182818
0.003125 -0.0007430234900154646
-0.015625 0.0045133098033640195
-0.040625 0.006313288144557092
-0.059375000000000004 0.012539162314790058
-0.07187500000000001 0.01382499071844581

-0.33238604191404586 0.046875
-0.33238604191404586 0.046875
-0.33238604191404586 0.046875

-0.2868071049138185 0.040625
-0.2868071049138185 0.040625
-0.2868071049138185 0.040625

-0.3613888712494555 0.053125000000000006
-0.3613888712494555 0.053125000000000006
-0.3613888712494555 0.053125000000000006

-0.34687500000000004 0.06963132162382787
-0.3678346187883444 0.07187500000000001
-0.390625 0.07593601547946377
-0.40937500000000004 0.08064897952145691
-0.434375 0.08203235246707817
-0.453125 0.0857637535452816
-0.47187500000000004 0.08000076667773602
-0.465625 0.07948376587466013
-0.446875 0.07518636034778724
-0.421875 0.07443365223940229
-0.403125 0.06787625162648726
-0.37812500000000004 0.06702355955736228
-0.359375 0.06112215120552769
-0.33831611851403315 0.059375000000000004
-0.31562500000000004 0.05498508279720232
-0.296875 0.05219987760019032
-0.27187500000000003 0.0494772558900448
-0.253125 0.04477950270233868
-0.234375 0.040592533391100166
-0.240625 0.05027406317515157
-0.26120185792728934 0.053125000000000006
-0.284375 0.056665576610310055
-0.30312500000000003 0.06268855292704019
-0.328125 0.06407608737109295
-0.34687500000000004 0.06963132162382787
-0.34687500000000004 0.06963132162382787

-0.47069568109183535 0.146875
-0.48426776589622644 0.134375
-0.4937446694542532 0.12187500000000001
-0.5018725171666699 0.10312500000000001
-0.496875 0.07935813722484153
-0.4864419197635189 0.096875
-0.465625 0.10130889007743196
-0.446875 0.10329029077682753
-0.42812500000000003 0.10141734203446733
-0.403125 0.09959618055954467
-0.37812500000000004 0.10104285132965202
-0.359375 0.10663208635690567
-0.34558929220772244 0.115625
-0.33336451436430503 0.12812500000000002
-0.3242657952699684 0.146875
-0.3310656366072338 0.16562500000000002
-0.34687500000000004 0.17593375760069827
-0.36562500000000003 0.1800176355597093
-0.390625 0.17937095391156957
-0.40937500000000004 0.17608820514615423
-0.42812500000000003 0.170393866403348
-0.446875 0.1624250877203245
-0.4619992823329952 0.153125
-0.47069568109183535 0.146875

-0.07187500000000001 0.01400285972479038
-0.09062500000000001 0.01795408818614213
-0.115625 0.021187236292087432
-0.134375 0.02406520937040786
-0.1574309261670586 0.028125
-0.178125 0.0303088713563201
-0.19687500000000002 0.03678718081813539
-0.22187500000000002 0.037174907318035535
-0.209375 0.04366139991493999
-0.19062500000000002 0.040257816057495045
-0.16562500000000002 0.037791571044680755
-0.146875 0.03202084490443589
-0.12187500000000001 0.029846730055346788
-0.10312500000000001 0.025371783231945406
-0.08184731459892423 0.021875000000000002
-0.059375000000000004 0.01935200585270903
-0.040625 0.014355782680378421
-0.015625 0.01228978113155255
0.003125 0.007744613487480796
0.026700208718616867 0.003125
0.046875 0.0012843773717895303
0.065625 -0.006082743664882072
0.09062500000000001 -0.00607890840484011
0.109375 -0.012234914974609604
0.13301411078579858 -0.015625
0.153125 -0.01803541746957929
0.171875 -0.022643175493079166
0.19687500000000002 -0.02510751206440391
0.215625 -0.029747386668196655
0.240625 -0.034343897114420645
0.259375 -0.036293590055343446
0.278125 -0.041030570168037614
0.30312500000000003 -0.043790408469971245
0.321875 -0.048658942507232295
0.34494818845726605 -0.053125000000000006
0.36562500000000003 -0.056412166335529784
0.36562500000000003 -0.06444664181939495
0.340625 -0.06089417268601128
0.321875 -0.05616970464067261
0.30312500000000003 -0.05213257672774733
0.278125 -0.04878546024434246
0.259375 -0.04417981469773947
0.23442153090009382 -0.040625
0.215625 -0.03739961243929077
0.19623023571163029 -0.034375
0.171875 -0.030680736257829095
0.153125 -0.025130775305208415
0.12812500000000002 -0.023229348217081263
0.109375 -0.01770181287673849
0.09062500000000001 -0.015328532847799631
0.065625 -0.010673845931209368
0.046875 -0.007441877522282706
0.021875000000000002 -0.0032621524014462173
0.003125 -0.0005777995716347586
-0.015625 0.004979250684633635
-0.040625 0.006477850499238934
-0.059375000000000004 0.012705384158539673
-0.07187500000000001 0.01400285972479038

0.484375 -0.18594841747372895
0.4643634137526787 -0.184375
0.44062500000000004 -0.17929414846934283
0.421875 -0.17253835645972115
0.40768745551590985 -0.16562500000000002
0.390625 -0.15381421228409728
0.38004904993502986 -0.140625
0.3862196123941038 -0.12187500000000001
0.403125 -0.11409517638263017
0.421875 -0.10908042549457696
0.446875 -0.10331603583612775
0.4645750770137426 -0.096875
0.453125 -0.09195910380357666
0.434375 -0.08777676173880114
0.415625 -0.08132787370781669
0.39687500000000003 -0.0739151243381178
0.40937500000000004 -0.0709583671697405
0.42812500000000003 -0.07550733513146701
0.446875 -0.08014612038590778
0.47187500000000004 -0.08128571979091312
0.4674548570513679 -0.096875
0.47916362230359694 -0.09062500000000001
0.4914166647508623 -0.078125
0.4826607372427795 -0.07187500000000001
0.47187500000000004 -0.06524628952629186
0.4709515032989652 -0.040625
0.484375 -0.029243920260956277
0.503125 -0.02743156369679644
0.521875 -0.03118766643110463
0.5365292682080693 -0.040625
0.5437927958005905 -0.059375000000000004
0.542051022639389 -0.084375
0.5405432432444691 -0.10312500000000001
0.5441961456229959 -0.12187500000000001
0.5481866752971335 -0.140625
0.5449742474140521 -0.15937500000000002
0.534375 -0.17200844428647966
0.515625 -0.18159227222019975
0.496875 -0.18528004394173736
0.484375 -0.18594841747372895

0.37215449570127823 -0.065625
0.384375 -0.0677839974078173
0.37215449570127823 -0.065625

-0.288556391818933 0.040625
-0.288556391818933 0.040625
-0.288556391818933 0.040625

-0.36073290495794286 0.053125000000000006
-0.36073290495794286 0.053125000000000006
-0.36073290495794286 0.053125000000000006

-0.34687500000000004 0.06957099804048689
-0.3679410568175612 0.07187500000000001
-0.390625 0.0758928447079914
-0.40937500000000004 0.08058342880732886
-0.434375 0.08198789962923368
-0.453125 0.08572899448602098
-0.47187500000000004 0.07997296297459233
-0.465625 0.07949656409757619
-0.446875 0.07528207890147075
-0.421875 0.07447114726256487
-0.403125 0.06792169622422749
-0.37812500000000004 0.067086333700863
-0.359375 0.06117395681480629
-0.33818986787470345 0.059375000000000004
-0.31562500000000004 0.055074929296269066
-0.296875 0.05232565766443251
-0.27187500000000003 0.04964042705575116
-0.253125 0.044905129767088874
-0.22908619460200522 0.046875
-0.253125 0.049403861006448384
-0.27187500000000003 0.056191297394770176
-0.296875 0.05535071648561647
-0.31562500000000004 0.06344944943394629
-0.33437500000000003 0.06846605355627632
-0.34687500000000004 0.06957099804048689

-0.47062403011655757 0.146875
-0.48424018173156114 0.134375
-0.49373501431380096 0.12187500000000001
-0.5018711289174668 0.10312500000000001
-0.496875 0.07935837722944152
-0.4864424469052753 0.096875
-0.465625 0.10132747176395933
-0.446875 0.10332529952906318
-0.42812500000000003 0.10156131736364542
-0.403125 0.0998511077656553
-0.37812500000000004 0.10158433594094915
-0.359375 0.10748739707294092
-0.34687500000000004 0.11568561230510903
-0.33437500000000003 0.12832165249310706
-0.3254095258645605 0.146875
-0.33270562361902484 0.16562500000000002
-0.34687500000000004 0.17494421682633
-0.36562500000000003 0.17931700346767057
-0.390625 0.1789191713065237
-0.40937500000000004 0.17583647211885223
-0.42812500000000003 0.17023483866836595
-0.446875 0.1623040957676607
-0.46188624587257154 0.153125
-0.47062403011655757 0.146875

-0.07187500000000001 0.014180728731134948
-0.09062500000000001 0.018268478468646935
-0.115625 0.021372654729456184
-0.134375 0.02423933889282045
-0.15711697356857607 0.028125
-0.178125 0.030460100971316094
-0.19687500000000002 0.03702255393071854
-0.22187500000000002 0.03730490131613965
-0.209375 0.04350135750588571
-0.19062500000000002 0.039922165737993905
-0.16562500000000002 0.03762323457860691
-0.146875 0.0318091438443852
-0.12187500000000001 0.02950766773574074
-0.10312500000000001 0.025154516683268707
-0.08238668997930007 0.021875000000000002
-0.059375000000000004 0.019139817051803967
-0.040625 0.014072866895112147
-0.015625 0.011980819998487924
0.003125 0.007538480093804033
0.02556839513870455 0.003125
0.046875 0.0010847247510039062
0.065625 -0.006536594100681049
0.09062500000000001 -0.0063823589506831445
0.109375 -0.012523364278996306
0.1322186932611179 -0.015625
0.153125 -0.018276623415412335
0.171875 -0.02299094213022773
0.19687500000000002 -0.025448642747160796
0.215625 -0.030014788015989738
0.2398444807391241 -0.034375
0.259375 -0.03656497740726605
0.278125 -0.041695839790931305
0.30312500000000003 -0.0442118715002311
0.321875 -0.04907469779657199
0.34379218196331945 -0.053125000000000006
0.36562500000000003 -0.05697857245431252
0.353125 -0.06198540503532355
0.33437500000000003 -0.056322778537798386
0.309375 -0.054848783994963554
0.290625 -0.049247995295657696
0.2682153635967054 -0.046875
0.246875 -0.04237799159598464
0.22812500000000002 -0.03922130868767118
0.203125 -0.03556246119383053
0.184375 -0.03173732624802577
0.16318147558637827 -0.028125
0.140625 -0.02451503711909946
0.12187500000000001 -0.018989624573779656
0.096875 -0.016823747967046217
0.078125 -0.012168771681045862
0.05617102926139936 -0.009375000000000001
0.034375 -0.005678263113611871
0.015625 -0.001389228072571911
-0.009375000000000001 0.0008895473989191868
-0.028125 0.006694240229039061
-0.053125000000000006 0.008864440312569149
-0.07187500000000001 0.014180728731134948
-0.07187500000000001 0.014180728731134948

0.3890407433611334 -0.140625
0.3982605326554714 -0.153125
0.415625 -0.16524939054550297
0.42941866978730986 -0.171875
0.44783383725251896 -0.178125
0.47187500000000004 -0.18272259652832423
0.496875 -0.18279585951516705
0.5173689488865663 -0.178125
0.534375 -0.16880161413910946
0.5451860835995701 -0.153125
0.545026159729129 -0.12812500000000002
0.540625 -0.10910249229960632
0.5408961680065404 -0.09062500000000001
0.5434210589031051 -0.065625
0.5397932978902971 -0.046875
0.5266267328287467 -0.034375
0.503125 -0.028191132997414374
0.49062500000000003 -0.028617974095308134
0.47188253749331593 -0.040625
0.4710564432617518 -0.059375000000000004
0.478125 -0.07486816968677733
0.49062500000000003 -0.07540026822974334
0.484375 -0.08628851735736437
0.47187500000000004 -0.09845282743764469
0.47394273224126515 -0.084375
0.453125 -0.08036088946822638
0.434375 -0.07625056006147213
0.40998804570054037 -0.07187500000000001
0.39351387012486705 -0.07187500000000001
0.40937500000000004 -0.07978730405725765
0.4287919590933359 -0.084375
0.4521007275230482 -0.09062500000000001
0.4599015644190933 -0.09062500000000001
0.4517289654143992 -0.10312500000000001
0.42812500000000003 -0.10922459193265438
0.40937500000000004 -0.11507747313807518
0.39598852431834924 -0.12187500000000001
0.3890407433611334 -0.140625
0.3890407433611334 -0.140625

0.3739054919435497 -0.065625
0.384375 -0.06665745137046916
0.3739054919435497 -0.065625

-0.2903056787240475 0.040625
-0.2903056787240475 0.040625
-0.2903056787240475 0.040625

-0.3600769386664302 0.053125000000000006
-0.3600769386664302 0.053125000000000006
-0.3600769386664302 0.053125000000000006

-0.34687500000000004 0.0695106744571459
-0.368047494846778 0.07187500000000001
-0.390625 0.07584967393651904
-0.40937500000000004 0.08051787809320081
-0.434375 0.0819434467913892
-0.453125 0.08569423542676036
-0.47187500000000004 0.07994515927144863
-0.465625 0.07950936232049223
-0.446875 0.07537779745515426
-0.421875 0.07450864228572746
-0.403125 0.06796714082196771
-0.37812500000000004 0.06714910784436373
-0.359375 0.06122576242408489
-0.33806361723537376 0.059375000000000004
-0.31562500000000004 0.05516477579533581
-0.296875 0.05245143772867469
-0.27187500000000003 0.04980359822145753
-0.253125 0.045030756831839075
-0.22933215792653672 0.046875
-0.253125 0.04924258470504865
-0.27187500000000003 0.05604771270639887
-0.296875 0.055000490118152806
-0.31562500000000004 0.06336431710880872
-0.33437500000000003 0.06833605492748775
-0.34687500000000004 0.0695106744571459

-0.47055237914127973 0.146875
-0.4842125975668958 0.134375
-0.4937253591733487 0.12187500000000001
-0.5018697406682635 0.10312500000000001
-0.496875 0.0793586172340415
-0.48644297404703174 0.096875
-0.465625 0.10134605345048668
-0.446875 0.10336030828129882
-0.42812500000000003 0.10170529269282351
-0.403125 0.10010603497176594
-0.37812500000000004 0.10212582055224628
-0.359375 0.10834270778897616
-0.34687500000000004 0.11658291524617305
-0.33437500000000003 0.1296966044089273
-0.3265532564591526 0.146875
-0.3343456106308159 0.16562500000000002
-0.34687500000000004 0.17395467605196174
-0.36562500000000003 0.17861637137563183
-0.390625 0.17846738870147782
-0.40937500000000004 0.17558473909155023
-0.42812500000000003 0.17007581093338392
-0.446875 0.16218310381499687
-0.4617732094121479 0.153125
-0.47055237914127973 0.146875

-0.07187500000000001 0.014358597737479516
-0.09062500000000001 0.01858286875115174
-0.115625 0.02155807316682494
-0.134375 0.02441346841523304
-0.15680302097009355 0.028125
-0.178125 0.030611330586312088
-0.19687500000000002 0.03725792704330168
-0.22187500000000002 0.037434895314243766
-0.209375 0.04334131509683143
-0.19062500000000002 0.03958651541849276
-0.16562500000000002 0.03745489811253307
-0.146875 0.03159744278433451
-0.12187500000000001 0.029168605416134693
-0.10312500000000001 0.02493725013459201
-0.08292606535967591 0.021875000000000002
-0.059375000000000004 0.018927628250898904
-0.053125000000000006 0.009109694170245344
-0.07187500000000001 0.014358597737479516
-0.07187500000000001 0.014358597737479516

0.146875 -0.024556963231056224
0.1265586329072489 -0.021875000000000002
0.10312500000000001 -0.01801406503445129
0.084375 -0.01270836835813858
0.059375000000000004 -0.01104156220686231
0.040625 -0.005137590974758092
0.021875000000000002 -0.000710433877383241
-0.003125 0.002102627576787153
-0.021875000000000002 0.005541754558035609
-0.04674062332992302 0.009375000000000001
-0.021875000000000002 0.012880835493664717
-0.003125 0.005061136778834039
0.021875000000000002 0.004054035285583505
0.040625 -0.00032639034358539253
0.05949787812313424 -0.003125
0.084375 -0.0061562743306426
0.10312500000000001 -0.011328513687472785
0.12812500000000002 -0.0140409394341612
0.146875 -0.017930446734576857
0.16838626070402252 -0.021875000000000002
0.19062500000000002 -0.02433548741198294
0.209375 -0.029769152432256207
0.234375 -0.03217472225522222
0.253125 -0.03634725062645663
0.27540705448128133 -0.040625
0.296875 -0.04314502293010884
0.31562500000000004 -0.04976496840267591
0.340625 -0.05212820947683959
0.359375 -0.05829288007805203
0.359375 -0.0603180582774369
0.33873682726462034 -0.059375000000000004
0.31562500000000004 -0.05463792287539318
0.296875 -0.05101628825898095
0.27187500000000003 -0.04779727766696391
0.253125 -0.043655729202815394
0.234375 -0.03893926051404261
0.209375 -0.03633436272315628
0.19062500000000002 -0.03128147898979677
0.16562500000000002 -0.028334336414393695
0.146875 -0.024556963231056224
0.146875 -0.024556963231056224

0.5451874719328371 -0.134375
0.540625 -0.15808400375359152
0.5281250000000001 -0.1704736436338441
0.5094550890925286 -0.178125
0.49062500000000003 -0.18097022894823955
0.465625 -0.17939338974987992
0.446875 -0.1750599231866626
0.42812500000000003 -0.1677469451751277
0.4134861081377752 -0.15937500000000002
0.40000432215792503 -0.146875
0.39687500000000003 -0.13128726272185468
0.40937500000000004 -0.11870201400663499
0.42812500000000003 -0.11098421686566044
0.446875 -0.10509157178382188
0.46533344828023815 -0.096875
0.453125 -0.09091748190471925
0.434375 -0.08731874620841652
0.415625 -0.08067631215819811
0.415625 -0.07493049567463297
0.44013749676274305 -0.078125
0.45937500000000003 -0.08210091231719244
0.4749055007448159 -0.09062500000000001
0.478125 -0.09951187573009083
0.4888395391007614 -0.084375
0.4850143440756156 -0.07187500000000001
0.47507357324494787 -0.07187500000000001
0.47065464147543956 -0.053125000000000006
0.4779091176880328 -0.034375
0.496875 -0.02864238481625306
0.521875 -0.03280199609829504
0.534375 -0.040935692337308795
0.542661126172424 -0.059375000000000004
0.541391435049158 -0.084375
0.5399929877637989 -0.10312500000000001
0.542838284942052 -0.12187500000000001
0.5451874719328371 -0.134375

0.4016070030257926 -0.07187500000000001
0.4016070030257926 -0.07187500000000001
0.4016070030257926 -0.07187500000000001

0.3756564881858212 -0.065625
0.3756564881858212 -0.065625
0.3756564881858212 -0.065625

-0.35942097237491755 0.053125000000000006
-0.35942097237491755 0.053125000000000006
-0.35942097237491755 0.053125000000000006

-0.34687500000000004 0.06945035087380491
-0.36815393287599485 0.07187500000000001
-0.390625 0.07580650316504667
-0.40937500000000004 0.08045232737907275
-0.434375 0.08189899395354469
-0.453125 0.08565947636749972
-0.47187500000000004 0.07991735556830494
-0.465625 0.07952216054340829
-0.446875 0.07547351600883777
-0.421875 0.07454613730889004
-0.403125 0.06801258541970792
-0.37812500000000004 0.06721188198786446
-0.359375 0.06127756803336348
-0.3379373665960441 0.059375000000000004
-0.31562500000000004 0.055254622294402554
-0.296875 0.052577217792916874
-0.27187500000000003 0.0499667693871639
-0.253125 0.04515638389658927
-0.2295781212510682 0.046875
-0.253125 0.04908130840364892
-0.27187500000000003 0.05590412801802757
-0.296875 0.05465026375068914
-0.31562500000000004 0.06327918478367116
-0.33437500000000003 0.06820605629869918
-0.34687500000000004 0.06945035087380491

-0.47048072816600195 0.146875
-0.4841850134022304 0.134375
-0.4937157040328964 0.12187500000000001
-0.5018683524190604 0.10312500000000001
-0.496875 0.07935885723864149
-0.48644350118878815 0.096875
-0.465625 0.10136463513701405
-0.446875 0.10339531703353447
-0.42812500000000003 0.1018492680220016
-0.403125 0.10036096217787657
-0.37812500000000004 0.1026673051635434
-0.359375 0.1091980185050114
-0.34687500000000004 0.11748021818723708
-0.33437500000000003 0.13107155632474754
-0.3276969870537447 0.146875
-0.33437500000000003 0.16410218284626898
-0.34687500000000004 0.17296513527759347
-0.3674053436253844 0.178125
-0.38937263455343163 0.178125
-0.40937500000000004 0.17533300606424823
-0.42812500000000003 0.16991678319840187
-0.446875 0.16206211186233305
-0.4616601729517242 0.153125
-0.47048072816600195 0.146875

0.40244339535099694 -0.134375
0.40937500000000004 -0.15005397025035452
0.421875 -0.16048992759278063
0.44062500000000004 -0.1700033287051491
0.45937500000000003 -0.17581019565761516
0.478125 -0.17850376817274807
0.4972750417692792 -0.178125
0.5208267537879645 -0.171875
0.534375 -0.16277692051179796
0.5433839283450098 -0.146875
0.54215935460158 -0.12187500000000001
0.5397178600234638 -0.10312500000000001
0.5410616412540424 -0.084375
0.5420952913583407 -0.059375000000000004
0.534375 -0.04196506130248536
0.521875 -0.03360916093189024
0.496875 -0.029165866465149244
0.478125 -0.03513260474845719
0.47120742743010907 -0.053125000000000006
0.47529129300388384 -0.07187500000000001
0.48509373662460054 -0.07187500000000001
0.4888536708507939 -0.084375
0.478125 -0.09958628986505239
0.45652030298116836 -0.10312500000000001
0.4363727420891207 -0.109375
0.4208895840120759 -0.115625
0.404503822656095 -0.12812500000000002
0.40244339535099694 -0.134375

-0.07187500000000001 0.014536466743824085
-0.09062500000000001 0.018897259033656546
-0.115625 0.021743491604193692
-0.134375 0.024587597937645627
-0.15648906837161106 0.028125
-0.178125 0.030762560201308083
-0.19687500000000002 0.037493300155884826
-0.22187500000000002 0.03756488931234788
-0.209375 0.04318127268777715
-0.19062500000000002 0.039250865098991616
-0.16562500000000002 0.03728656164645923
-0.146875 0.03138574172428383
-0.12187500000000001 0.028829543096528642
-0.10312500000000001 0.02471998358591531
-0.08346544074005176 0.021875000000000002
-0.059375000000000004 0.018715439449993838
-0.053125000000000006 0.009354948027921537
-0.07187500000000001 0.014536466743824085
-0.07187500000000001 0.014536466743824085

0.146875 -0.024395090419465856
0.126884804388679 -0.021875000000000002
0.10312500000000001 -0.01785991549854373
0.084375 -0.012470890654199462
0.059375000000000004 -0.010872739016230048
0.040625 -0.004960909810216545
0.021875000000000002 0.0009842207910884014
-0.003125 0.00228055799657554
-0.021875000000000002 0.0057741621849179
-0.046348726266121035 0.009375000000000001
-0.021875000000000002 0.012668278557340606
-0.003125 0.004724177739247392
0.021875000000000002 0.003643548745019516
0.040625 -0.0005720744489968173
0.059375000000000004 -0.0036592280319026277
0.084375 -0.0063855845956490576
0.10312500000000001 -0.011605735680829423
0.12812500000000002 -0.014422954048738201
0.146875 -0.018168524542709424
0.16755736143123554 -0.021875000000000002
0.19062500000000002 -0.024578436260652713
0.209375 -0.030203846040260506
0.234375 -0.032562830971722224
0.253125 -0.03663203120592683
0.2743655495070644 -0.040625
0.296875 -0.0434525915548765
0.31562500000000004 -0.05033436521958664
0.340625 -0.05270115616171396
0.359375 -0.05891708121757224
0.359375 -0.059774072311121446
0.3395468548658478 -0.059375000000000004
0.31562500000000004 -0.054381540325250985
0.296875 -0.050674803496282825
0.27187500000000003 -0.047560222875702676
0.253125 -0.04345396590552336
0.234375 -0.03813416702342257
0.209375 -0.036149440743218686
0.19062500000000002 -0.03107911445910583
0.16564988552230006 -0.028125
0.146875 -0.024395090419465856
0.146875 -0.024395090419465856

0.434375 -0.0765455777825763
0.40937500000000004 -0.07418280808072962
0.421875 -0.08162169728549552
0.44062500000000004 -0.0880802789960162
0.4600537329588912 -0.09062500000000001
0.4738913812556213 -0.084375
0.453125 -0.08046943886371524
0.434375 -0.0765455777825763
0.434375 -0.0765455777825763

0.3774074844280927 -0.065625
0.3774074844280927 -0.065625
0.3774074844280927 -0.065625

