0.0 0.0
0.2 0.5968470058370963
0.4 0.6306488924337434
0.6 0.6625505605532477
0.8 0.6918198528889543
1.0 0.7194834620094173
1.2 0.7459280331930178
1.4 0.7679585061738996
1.6 0.7824924485947619
1.8 0.790236205857487
2.0 0.793724607689521
2.2 0.7949115841171434
2.4 0.7947201724085612
2.6 0.7934513200963251
2.8 0.791163871718381
3.0 0.7878633413290222
3.2 0.7835813786311009
3.4 0.778406400304518
3.6 0.7724819195665797
3.8 0.7659851892362092
4.0 0.7593180854428052
4.2 0.7569103031897103
4.4 0.7716809412078336
4.6 0.7787909803047132
4.8 0.7625879825032145
5.0 0.7550261390430716
5.2 0.7525605351648056
5.4 0.7496690070820619
5.6 0.7466144688109013
5.8 0.7437525342968739
6.0 0.7403703008915317
6.2 0.7354695185649651
6.4 0.7288696882380944
6.6 0.7213968436743144
6.8 0.7141818280327594
7.0 0.7078787371439549
7.2 0.7024512922294442
7.4 0.69748325082008
7.6 0.6925954945297053
7.8 0.6876748374742023
8.0 0.6828654086051426
8.2 0.6784236140059178
8.4 0.6745578106485628
8.6 0.6713331136217507
8.8 0.6686740960366963
9.0 0.6664489753054589
9.2 0.6645925035175577
9.4 0.6632012882043415
9.403125 0.6631856117126799
9.40625 0.663169075661873
9.409375 0.6631527456076124
9.4125 0.6631366302117656
9.415625 0.6631207386204743
9.41875 0.6631050808818678
9.421875 0.6630896682409311
9.425 0.663074513391356
9.428125 0.6630596307217073
9.43125 0.6630450365720896
9.434375 0.6630307495134369
9.4375 0.663016790660443
9.440625 0.6630031840146839
9.44375 0.6629899568534491
9.446875 0.6629771401629356
9.45 0.6629647691232827
9.453125 0.6629528836496307
9.45625 0.6629415289974738
9.459375 0.6629307564424856
9.4625 0.6629206240264723
9.465625 0.6629111974027139
9.46875 0.6629025507626731
9.471875 0.6628947678728744
9.475 0.6628879432213054
9.478125 0.662882183286705
9.48125 0.662877607944107
9.484375 0.662874352013052
9.4875 0.6628725669694457
9.490625 0.6628724228259906
9.49375 0.6628741102045717
9.496875 0.662877842605467
9.5 0.6628838589039819
9.503125 0.6628924260742084
9.50625 0.662903842174511
9.509375 0.6629184396001392
9.5125 0.6629365886336679
9.515625 0.6629587013029027
9.51875 0.6629852355782371
9.521875 0.6630166999192257
9.525 0.6630536582035941
9.528125 0.6630967350530295
9.53125 0.6631466215823689
9.534375 0.6632040815963548
9.5375 0.6632699582495748
9.540625 0.6633451812042975
9.54375 0.6634307742934672
9.546875 0.6635278637245658
9.55 0.6636376868316236
9.553125 0.6637616014084002
9.55625 0.6639010956256962
9.559375 0.6640577985619336
9.5625 0.6642334913408671
9.565625 0.6644301189184951
9.56875 0.6646498024889479
9.571875 0.6648948525347871
9.575 0.6651677825278405
9.578125 0.6654713232377941
9.58125 0.6658084376912777
9.584375 0.6661823367142993
9.5875 0.6665964950570431
9.590625 0.6670546680815546
9.59375 0.6675609089441867
9.596875 0.6681195862420908
9.6 0.668735402074353
9.603125 0.669413410441208
9.60625 0.670159035888223
9.609375 0.670978092351159
9.6125 0.6718768020593343
9.615625 0.6728618143964329
9.61875 0.6739402246284697
9.621875 0.6751195923044679
9.625 0.6764079591922744
9.628125 0.6778138666730228
9.63125 0.6793463722590584
9.634375 0.6810150651651639
9.6375 0.6828300807032424
9.640625 0.6848021132045181
9.64375 0.6869424273469529
9.646875 0.6892628676546705
9.65 0.691775865573867
9.653125 0.694494444531182
9.65625 0.6974322218575866
9.659375 0.7006034081034377
9.6625 0.7040228026674543
9.665625 0.7077057862249592
9.66875 0.7116683088437566
9.671875 0.7159268741776068
9.675 0.7204985188661098
9.678125 0.7254007874101112
9.68125 0.7306517013636523
9.684375 0.7362697237303926
9.6875 0.7422737168112152
9.690625 0.7486828950861035
9.69375 0.7555167703254402
9.696875 0.7627950920292768
9.7 0.7705377795113016
9.703125 0.7787648478260292
9.70625 0.7874963269636651
9.709375 0.796752173061175
9.7125 0.8065521732304362
9.715625 0.8169158425564627
9.71875 0.8278623141675551
9.721875 0.8394102225321846
9.725 0.8515775787491393
9.728125 0.8643816406605954
9.73125 0.8778387749429506
9.734375 0.8919643143530537
9.7375 0.9067724080196364
9.740625 0.9222758678380266
9.74375 0.9384860096690467
9.746875 0.9554124893253328
9.75 0.9730631378489201
9.753125 0.9914437925072439
9.75625 1.0105581252183617
9.759375 1.0304074737148214
9.7625 1.0509906698161875
9.765625 1.072303870490164
9.76875 1.094340391333175
9.771875 1.1170905451832485
9.775 1.1405414831506708
9.778125 1.1646770456730835
9.78125 1.1894776156466234
9.784375 1.2149199910538133
9.7875 1.2409772557758263
9.790625 1.2676186718126936
9.79375 1.2948095815605862
9.796875 1.3225113260814862
9.8 1.3506811786212445
9.803125 1.3792722954311936
9.80625 1.4082336896184577
9.809375 1.4375102223606442
9.8125 1.4670426160623835
9.815625 1.49676748886676
9.81875 1.5266174178726328
9.821875 1.5565210223361714
9.825 1.5864030737933812
9.828125 1.616184632564325
9.83125 1.645783211815167
9.834375 1.675112964301136
9.8375 1.7040849036882058
9.840625 1.7326071429485725
9.84375 1.7605851702870556
9.846875 1.7879221385019584
9.85 1.8145191909055143
9.853125 1.8402758121504843
9.85625 1.8650901845144767
9.859375 1.888859593558869
9.8625 1.9114808336166145
9.865625 1.9328506375090628
9.86875 1.9528661267616934
9.871875 1.971425281076039
9.875 1.9884273967751862
9.878125 2.0037735890381807
9.88125 2.0173672733653865
9.884375 2.029114672939877
9.8875 2.0389253023898792
9.890625 2.046712479145631
9.89375 2.052393818720354
9.896875 2.055891699490989
9.9 2.057133769592236
9.903125 2.056053383243087
9.90625 2.0525900612649344
9.909375 2.0466899102912492
9.9125 2.0383060340706063
9.915625 2.0273988982309934
9.91875 2.013936695341336
9.921875 1.997895651345105
9.925 1.9792603220216018
9.928125 1.9580238324569417
9.93125 1.9341880919550982
9.934375 1.9077639729921694
9.9375 1.878771428013837
9.940625 1.8472395899642975
9.94375 1.813206809068368
9.946875 1.7767206436004872
9.95 1.737837824103454
9.953125 1.6966241552892563
9.95625 1.653154361386517
9.959375 1.6075119124999062
9.9625 1.5597887847667224
9.965625 1.5100851671674091
9.96875 1.458509174421825
9.971875 1.4051764206554038
9.975 1.3502096507917551
9.978125 1.2937382801769615
9.98125 1.235897898877573
9.984375 1.1768297437524187
9.9875 1.1166801573388576
9.990625 1.055599965902781
9.99375 0.9937438985377943
9.996875 0.9312699246465068
10.0 0.8683385969577039
10.003125 0.8051123787716145
10.00625 0.7417549443333551
10.009375 0.6784304871317438
10.0125 0.6153030063690748
10.015625 0.552535606557414
10.01875 0.49028979971665193
10.021875 0.4287247890229871
10.025 0.36799682229484804
10.028125 0.3082584933722689
10.03125 0.24965811406735922
10.034375 0.19233909062113622
10.0375 0.13643932464859632
10.040625 0.08209064284419146
10.04375 0.029418314040849936
10.046875 -0.021459495239412214
10.05 -0.07043212844790751
10.053125 -0.11739685315770002
10.05625 -0.16225922165402867
10.059375 -0.2049333634114896
10.0625 -0.2453422557010552
10.065625 -0.2834179339667764
10.06875 -0.3191016349281837
10.071875 -0.35234390742354166
10.075 -0.38310467121496766
10.078125 -0.41135320514573476
10.08125 -0.4370681119096725
10.084375 -0.46023721336697065
10.0875 -0.4808574022519487
10.090625 -0.4989344619247241
10.09375 -0.5144828217155881
10.096875 -0.5275252951267533
10.1 -0.538092752437797
10.103125 -0.546223787020983
10.10625 -0.5519643290280386
10.109375 -0.5553672454356383
10.1125 -0.5564918933872549
10.115625 -0.555403693114599
10.11875 -0.5521736258884198
10.121875 -0.5468777700981013
10.125 -0.5395968037003555
10.128125 -0.530415487369571
10.13125 -0.5194221726525344
10.134375 -0.5067082843345555
10.1375 -0.49236782674901775
10.140625 -0.476496867544716
10.14375 -0.4591930637559955
10.146875 -0.44055517574880465
10.15 -0.42068259914549727
10.153125 -0.3996749162477062
10.15625 -0.377631470918713
10.159375 -0.3546509423485874
10.1625 -0.3308309674160384
10.165625 -0.3062677679088872
10.16875 -0.28105580181069667
10.171875 -0.25528745050689006
10.175 -0.22905271879569053
10.178125 -0.20243897178476297
10.18125 -0.17553068827577029
10.184375 -0.14840924814209952
10.1875 -0.12115274189487726
10.190625 -0.0938358073358872
10.19375 -0.06652949219122002
10.196875 -0.039301143374665136
10.2 -0.0122143159806796
10.203125 0.0146712891756351
10.20625 0.04129986667607112
10.209375 0.0676195255913147
10.2125 0.09358229105116014
10.215625 0.11914408251498851
10.21875 0.1442646742946288
10.221875 0.1689076402998501
10.225 0.19304028215616872
10.228125 0.21663354655199793
10.23125 0.23966192029489575
10.234375 0.2621033262274729
10.2375 0.28393899867222944
10.240625 0.30515335564521734
10.24375 0.32573385988740167
10.246875 0.34567087623268333
10.25 0.36495752257712166
10.253125 0.3835895171206705
10.25625 0.4015650214567367
10.259375 0.4188844852188347
10.2625 0.43555048664300927
10.265625 0.45156757432391104
10.26875 0.4669421119427649
10.271875 0.4816821224019715
10.275 0.49579713587608093
10.278125 0.5092980418460629
10.28125 0.5221969438402136
10.284375 0.5345070199939455
10.2875 0.5462423873776228
10.290625 0.5574179733341892
10.29375 0.5680493910422719
10.296875 0.5781528222000965
10.3 0.5877449056643438
10.303125 0.5968426322736483
10.30625 0.6054632468152856
10.309375 0.6136241557663972
10.3125 0.6213428424696902
10.315625 0.6286367885717885
10.31875 0.6355234011889948
10.321875 0.6420199480834207
10.325 0.6481434972140964
10.328125 0.6539108638114886
10.33125 0.6593385622395544
10.334375 0.6644427642635119
10.3375 0.6692392620210735
10.340625 0.673743436628975
10.34375 0.6779702313057623
10.346875 0.6819341293122189
10.35 0.6856491358723232
10.353125 0.6891287644924751
10.35625 0.6923860266012729
10.359375 0.6954334250058849
10.3625 0.6982829501118228
10.365625 0.7009460794546986
10.36875 0.7034337794325017
10.371875 0.7057565096622535
10.375 0.7079242293677137
10.378125 0.7099464055797201
10.38125 0.7118320230299773
10.384375 0.7135895954354654
10.3875 0.7152271779618734
10.390625 0.7167523807777705
10.39375 0.718172383381491
10.396875 0.7194939496007415
10.4 0.7207234431415965
10.403125 0.72186684347294
10.40625 0.722929761962671
10.409375 0.7239174581507555
10.4125 0.7248348560057651
10.415625 0.7256865601326357
10.41875 0.7264768717986821
10.421875 0.7272098047290144
10.425 0.7278891005842003
10.428125 0.7285182440997114
10.43125 0.7291004778000156
10.434375 0.7296388162700683
10.4375 0.7301360599574812
10.440625 0.7305948084556914
10.44375 0.7310174732784528
10.446875 0.7314062900863602
10.45 0.7317633303689508
10.453125 0.7320905125878818
10.45625 0.7323896127570717
10.459375 0.7326622744864694
10.4625 0.7329100184796489
10.465625 0.7331342515098211
10.46875 0.7333362748720554
10.471875 0.7335172923342819
10.475 0.7336784175993937
10.478125 0.7338206812955398
10.48125 0.7339450375143184
10.484375 0.7340523699102337
10.4875 0.7341434973879564
10.490625 0.7342191793877763
10.49375 0.7342801208017771
10.496875 0.7343269765207725
10.5 0.7343603556566614
10.503125 0.734380825434445
10.50625 0.7343889147884662
10.509375 0.7343851176785782
10.5125 0.7343698961386516
10.515625 0.7343436830791401
10.51875 0.7343068848593833
10.521875 0.7342598836451507
10.525 0.7342030395659598
10.528125 0.7341366926872317
10.53125 0.7340611648125296
10.534375 0.733976761123298
10.5375 0.7338837716750718
10.540625 0.733782472759556
10.54375 0.7336731281386024
10.546875 0.7335559901689631
10.55 0.733431300814533
10.553125 0.7332992925734589
10.55625 0.7331601893084589
10.559375 0.7330142069999627
10.5625 0.73286155442731
10.565625 0.7327024337809311
10.56875 0.7325370412168647
10.571875 0.7323655673501325
10.575 0.732188197706966
10.578125 0.7320051131224596
10.58125 0.7318164901039012
10.584375 0.7316225011517307
10.5875 0.7314233150503329
10.590625 0.7312190971264897
10.59375 0.7310100094794161
10.596875 0.7307962111901052
10.6 0.7305778585024341
10.603125 0.7303551049875883
10.60625 0.7301281016898794
10.609375 0.7298969972571049
10.6125 0.7296619380514892
10.615625 0.729423068253145
10.61875 0.7291805299491039
10.621875 0.7289344632093976
10.625 0.7286850061578627
10.628125 0.7284322950306824
10.63125 0.728176464228751
10.634375 0.7279176463602817
10.6375 0.7276559722835304
10.640625 0.7273915711346658
10.64375 0.7271245703580838
10.646875 0.7268550957281247
10.65 0.7265832713681188
10.653125 0.726309219763047
10.65625 0.7260330617730926
10.659375 0.7257549166401467
10.6625 0.7254749019947876
10.665625 0.7251931338548946
10.66875 0.7249097266283715
10.671875 0.7246247931135441
10.675 0.7243384444892015
10.678125 0.7240507903139448
10.68125 0.7237619385160666
10.684375 0.7234719953858272
10.6875 0.7231810655639325
10.690625 0.7228892520327725
10.69375 0.7225966560990987
10.696875 0.7223033773855707
10.7 0.7220095138119864
10.703125 0.7217151615822878
10.70625 0.7214204151666491
10.709375 0.7211253672863283
10.7125 0.7208301088939699
10.715625 0.7205347291577332
10.71875 0.7202393154406461
10.721875 0.7199439532825697
10.725 0.7196487263809916
10.728125 0.7193537165705308
10.73125 0.7190590038037441
10.734375 0.7187646661298788
10.7375 0.7184707796752513
10.740625 0.7181774186230224
10.74375 0.7178846551921981
10.746875 0.7175925596172071
10.75 0.7173012001273852
10.753125 0.717010642926531
10.75625 0.7167209521725112
10.759375 0.7164321899581724
10.7625 0.7161444162903595
10.765625 0.7158576890708402
10.76875 0.7155720640771369
10.771875 0.7152875949441042
10.775 0.7150043331430477
10.778125 0.7147223279682585
10.78125 0.7144416265151154
10.784375 0.7141622736655684
10.7875 0.7138843120704568
10.790625 0.7136077821357244
10.79375 0.7133327220044253
10.796875 0.7130591675451249
10.8 0.7127871523359016
10.803125 0.7125167076543263
10.80625 0.7122478624623101
10.809375 0.7119806433962166
10.8125 0.7117150747585583
10.815625 0.7114511785050986
10.81875 0.7111889742382494
10.821875 0.710928479201621
10.825 0.7106697082695698
10.828125 0.7104126739454963
10.83125 0.7101573863551959
10.834375 0.7099038532461418
10.8375 0.7096520799831205
10.840625 0.7094020695504069
10.84375 0.7091538225497166
10.846875 0.7089073372025589
10.85 0.7086626093552642
10.853125 0.708419632480058
10.85625 0.7081783976829102
10.859375 0.7079388937102857
10.8625 0.7077011069571806
10.865625 0.707465021475157
10.86875 0.7072306189862249
10.871875 0.706997878893833
10.875 0.7067667782953269
10.878125 0.7065372920000327
10.88125 0.706309392542681
10.884375 0.7060830502052255
10.8875 0.7058582330315318
10.890625 0.7056349068532144
10.89375 0.7054130353081077
10.896875 0.7051925798662979
10.9 0.7049734998547059
10.903125 0.7047557524826377
10.90625 0.7045392928717451
10.909375 0.7043240740846557
10.9125 0.7041100471535421
10.915625 0.7038971611171665
10.91875 0.7036853630504452
10.921875 0.7034745981004247
10.925 0.7032648095240586
10.928125 0.7030559387232419
10.93125 0.7028479252871933
10.934375 0.7026407070286218
10.9375 0.7024342200302052
10.940625 0.7022283986813006
10.94375 0.7020231757285583
10.946875 0.7018184823157575
10.95 0.7016142480322929
10.953125 0.7014104009617727
10.95625 0.7012068677285636
10.959375 0.7010035735482586
10.9625 0.7008004422789744
10.965625 0.7005973964719988
10.96875 0.7003943574253162
10.971875 0.7001912452370572
10.975 0.699987978859185
10.978125 0.6997844761538558
10.98125 0.6995806539496534
10.984375 0.6993764280974261
10.9875 0.6991717135280759
10.990625 0.6989664243127204
10.99375 0.698760473720228
10.996875 0.6985537742763163
11.0 0.6983462378239437
11.003125 0.6981377755865393
11.00625 0.6979282982253574
11.009375 0.6977177159025606
11.0125 0.6975059383445441
11.015625 0.6972928749022527
11.01875 0.6970784346157775
11.021875 0.696862526274728
11.025 0.6966450584825371
11.028125 0.6964259397204544
11.03125 0.6962050784096734
11.034375 0.6959823829741161
11.0375 0.6957577619057902
11.040625 0.695531123826314
11.04375 0.6953023775507919
11.046875 0.6950714321507471
11.05 0.6948381970174068
11.053125 0.694602581923747
11.05625 0.694364497087527
11.059375 0.694123853233554
11.0625 0.6938805616550264
11.065625 0.6936345342736794
11.06875 0.693385683704584
11.071875 0.6931339233119108
11.075 0.6928791672730567
11.078125 0.6926213306340089
11.08125 0.6923603293718412
11.084375 0.6920960804515836
11.0875 0.6918285018823587
11.090625 0.6915575127755478
11.09375 0.6912830334020044
11.096875 0.691004985243232
11.1 0.690723291050707
11.2 0.6794063055417483
11.4 0.6423548467119143
11.6 0.6009349619039288
11.8 0.5800369275849654
12.0 0.5865267972756225
12.2 0.6095179114053065
12.4 0.6341402931495344
12.6 0.6495520331662853
12.8 0.6520158823014801
13.0 0.6454328746829344
