0.0 -0.0
0.2 -0.0
0.4 -0.0
0.6 -0.0
0.8 -0.0
1.0 -0.0
1.2 -0.0
1.4 -0.0
1.6 -0.0
1.8 -0.0
2.0 -0.0
2.2 -0.0
2.4 -0.0
2.6 -0.0
2.8 -0.0
3.0 -0.0
3.2 -0.0
3.4 -0.0
3.6 -0.0
3.8 -0.0
4.0 -0.0
4.2 -0.0
4.4 -0.0
4.6 -0.0
4.8 -0.0
5.0 -0.0
5.2 -0.0
5.4 -0.0
5.6 -0.0
5.8 -0.0
6.0 -0.0
6.2 -0.0
6.4 -0.0
6.6 -0.0
6.8 -0.0
7.0 -0.0
7.2 -0.0
7.4 -0.0
7.6 -0.0
7.8 -0.0
8.0 -0.0
8.2 -0.0
8.4 -0.0
8.6 -0.0
8.8 -0.0
9.0 -0.0
9.2 1.7733510985311146e-13
9.4 4.5014069887704314e-8
9.403125 5.3154764535594225e-8
9.40625 6.271322354864611e-8
9.409375 7.392631508819495e-8
9.4125 8.706868825278535e-8
9.415625 1.0245849030913986e-7
9.41875 1.204638978422895e-7
9.421875 1.4151056953128233e-7
9.425 1.6609014126241905e-7
9.428125 1.9476989868659934e-7
9.43125 2.2820377823215086e-7
9.434375 2.6714486512998807e-7
9.4375 3.1245957633217835e-7
9.440625 3.6514373744945284e-7
9.44375 4.2634078615296074e-7
9.446875 4.973623600340998e-7
9.45 5.797115548590874e-7
9.453125 6.751091696620212e-7
9.45625 7.855232883595467e-7
9.459375 9.132025837254266e-7
9.4625 1.0607137688059633e-6
9.465625 1.2309836633692406e-6
9.46875 1.4273463889440735e-6
9.471875 1.6535962555818583e-6
9.475 1.914046956851563e-6
9.478125 2.213597746899707e-6
9.48125 2.5578073348308407e-6
9.484375 2.9529762973336876e-6
9.4875 3.406238880484043e-6
9.490625 3.925665136132063e-6
9.49375 4.520374417258581e-6
9.496875 5.200661340220943e-6
9.5 5.97813540991259e-6
9.503125 6.865875596448246e-6
9.50625 7.878601249032236e-6
9.509375 9.032860833958645e-6
9.5125 1.0347240089061367e-5
9.515625 1.1842591296117597e-5
9.51875 1.3542285485282048e-5
9.521875 1.5472489501273588e-5
9.525 1.7662469979104548e-5
9.528125 2.0144926397066483e-5
9.53125 2.295635549578745e-5
9.534375 2.613744947341098e-5
9.5375 2.97335304876272e-5
9.540625 3.3795024114019176e-5
9.54375 3.8377974525898105e-5
9.546875 4.354460427213785e-5
9.55 4.9363921634673284e-5
9.553125 5.591237864503386e-5
9.55625 6.327458292723885e-5
9.559375 7.15440666108013e-5
9.5625 8.082411562045056e-5
9.565625 9.122866269553544e-5
9.56875 0.00010288324752026424
9.571875 0.00011592604735250187
9.575 0.00013050898152127505
9.578125 0.00014679889311891768
9.58125 0.0001649788111385706
9.584375 0.00018524929620005593
9.5875 0.000207829872861938
9.590625 0.00023296055133248373
9.59375 0.0002609034411640239
9.596875 0.0002919444592388056
9.6 0.00032639513402885555
9.603125 0.00036459450773168275
9.60625 0.00040691113744587145
9.609375 0.00045374519605315675
9.6125 0.0005055306729106568
9.615625 0.0005627376738296561
9.61875 0.0006258748191193846
9.621875 0.000695491737705316
9.625 0.0007721816544910815
9.628125 0.0008565840672149425
9.63125 0.0009493875080622243
9.634375 0.0010513323842270916
9.6375 0.0011632138904741937
9.640625 0.0012858849855368487
9.64375 0.0014202594228970413
9.646875 0.001567314825138306
9.65 0.0017280957896376444
9.653125 0.0019037170118787396
9.65625 0.0020953664111332394
9.659375 0.0023043082416654157
9.6625 0.002531886170994259
9.665625 0.002779526305086849
9.66875 0.003048740138678165
9.671875 0.0033411274072324185
9.675 0.0036583788153712387
9.678125 0.004002278614938951
9.68125 0.004374707004242041
9.684375 0.004777642318420196
9.6875 0.0052131629794037165
9.690625 0.005683449172478584
9.69375 0.006190784215174696
9.696875 0.006737555582999175
9.7 0.007326255555493529
9.703125 0.007959481445237018
9.70625 0.008639935371724906
9.709375 0.00937042354160828
9.7125 0.010153854996550802
9.715625 0.010993239789994173
9.71875 0.011891686554463552
9.721875 0.012852399421647133
9.725 0.013878674258462537
9.728125 0.014973894183600544
9.73125 0.016141524330700187
9.734375 0.017385105826358598
9.7375 0.01870824895358396
9.740625 0.02011462547415743
9.74375 0.02160796008660137
9.746875 0.023192021000101336
9.75 0.024870609608846444
9.753125 0.02664754925570375
9.75625 0.028526673079103
9.759375 0.030511810942298684
9.7625 0.03260677544987526
9.765625 0.03481534706248949
9.76875 0.03714125832720228
9.771875 0.03958817724758116
9.775 0.04215968982474602
9.778125 0.04485928180783153
9.78125 0.04769031969989227
9.784375 0.050656031072875876
9.7875 0.053759484253152724
9.790625 0.057003567446885374
9.79375 0.06039096738236533
9.796875 0.06392414755427803
9.8 0.06760532616242723
9.803125 0.07143645384497396
9.80625 0.07541919131338566
9.809375 0.07955488700310508
9.8125 0.08384455486043894
9.815625 0.08828885239197148
9.81875 0.09288805910826002
9.821875 0.09764205549822234
9.825 0.10255030267456429
9.828125 0.10761182283391578
9.83125 0.11282518067752699
9.834375 0.11818846593992745
9.8375 0.12369927717333812
9.840625 0.12935470693500067
9.84375 0.1351513285230666
9.846875 0.14108518440373238
9.85 0.1471517764685769
9.853125 0.1533460582558658
9.85625 0.15966242926334964
9.859375 0.1660947314727372
9.8625 0.17263624819727874
9.865625 0.17927970535431473
9.86875 0.18601727525362266
9.871875 0.1928405829805202
9.875 0.19974071543971017
9.878125 0.20670823311183145
9.88125 0.21373318455993418
9.884375 0.22080512370738803
9.8875 0.22791312989236823
9.890625 0.23504583068718565
9.89375 0.24219142745313707
9.896875 0.24933772358385317
9.9 0.25647215537198187
9.903125 0.2635818254158491
9.90625 0.2706535384646921
9.909375 0.2776738395829657
9.9125 0.28462905449671855
9.915625 0.2915053319677961
9.91875 0.2982886880250622
9.921875 0.30496505186618644
9.925 0.3115203132285634
9.928125 0.31794037101419775
9.93125 0.32421118294081774
9.934375 0.3303188159800398
9.9375 0.3362494973338034
9.940625 0.3419896656916599
9.94375 0.34752602250513753
9.946875 0.3528455830101911
9.95 0.35793572672574586
9.953125 0.36278424715495244
9.95625 0.36737940041635303
9.959375 0.37170995253467587
9.9625 0.37576522512538907
9.965625 0.3795351392133988
9.96875 0.3830102569346225
9.971875 0.3861818208791374
9.975 0.3890417908465378
9.978125 0.39158287779768197
9.98125 0.39379857480216435
9.984375 0.39568318479778336
9.9875 0.3972318449961278
9.990625 0.3984405477880481
9.99375 0.3993061580232122
9.996875 0.39982642655945977
10.0 0.3999999999999997
10.003125 0.39982642655945977
10.00625 0.3993061580232122
10.009375 0.3984405477880481
10.0125 0.3972318449961278
10.015625 0.39568318479778336
10.01875 0.39379857480216435
10.021875 0.39158287779768197
10.025 0.3890417908465378
10.028125 0.3861818208791374
10.03125 0.3830102569346225
10.034375 0.3795351392133988
10.0375 0.37576522512538907
10.040625 0.37170995253467587
10.04375 0.36737940041635303
10.046875 0.36278424715495244
10.05 0.35793572672574586
10.053125 0.3528455830101911
10.05625 0.34752602250513753
10.059375 0.3419896656916599
10.0625 0.3362494973338034
10.065625 0.3303188159800398
10.06875 0.32421118294081774
10.071875 0.31794037101419775
10.075 0.3115203132285634
10.078125 0.30496505186618644
10.08125 0.2982886880250622
10.084375 0.2915053319677961
10.0875 0.28462905449671855
10.090625 0.2776738395829657
10.09375 0.2706535384646921
10.096875 0.2635818254158491
10.1 0.25647215537198187
10.103125 0.24933772358385317
10.10625 0.24219142745313707
10.109375 0.23504583068718565
10.1125 0.22791312989236823
10.115625 0.22080512370738803
10.11875 0.21373318455993418
10.121875 0.20670823311183145
10.125 0.19974071543971017
10.128125 0.1928405829805202
10.13125 0.18601727525362266
10.134375 0.17927970535431473
10.1375 0.17263624819727874
10.140625 0.1660947314727372
10.14375 0.15966242926334964
10.146875 0.1533460582558658
10.15 0.1471517764685769
10.153125 0.14108518440373238
10.15625 0.1351513285230666
10.159375 0.12935470693500067
10.1625 0.12369927717333812
10.165625 0.11818846593992745
10.16875 0.11282518067752699
10.171875 0.10761182283391578
10.175 0.10255030267456429
10.178125 0.09764205549822234
10.18125 0.09288805910826002
10.184375 0.08828885239197148
10.1875 0.08384455486043894
10.190625 0.07955488700310508
10.19375 0.07541919131338566
10.196875 0.07143645384497396
10.2 0.06760532616242723
10.203125 0.06392414755427803
10.20625 0.06039096738236533
10.209375 0.057003567446885374
10.2125 0.053759484253152724
10.215625 0.050656031072875876
10.21875 0.04769031969989227
10.221875 0.04485928180783153
10.225 0.04215968982474602
10.228125 0.03958817724758116
10.23125 0.03714125832720228
10.234375 0.03481534706248949
10.2375 0.03260677544987526
10.240625 0.030511810942298684
10.24375 0.028526673079103
10.246875 0.02664754925570375
10.25 0.024870609608846444
10.253125 0.023192021000101336
10.25625 0.02160796008660137
10.259375 0.02011462547415743
10.2625 0.01870824895358396
10.265625 0.017385105826358598
10.26875 0.016141524330700187
10.271875 0.014973894183600544
10.275 0.013878674258462537
10.278125 0.012852399421647133
10.28125 0.011891686554463552
10.284375 0.010993239789994173
10.2875 0.010153854996550802
10.290625 0.00937042354160828
10.29375 0.008639935371724906
10.296875 0.007959481445237018
10.3 0.007326255555493529
10.303125 0.006737555582999175
10.30625 0.006190784215174696
10.309375 0.005683449172478584
10.3125 0.0052131629794037165
10.315625 0.004777642318420196
10.31875 0.004374707004242041
10.321875 0.004002278614938951
10.325 0.0036583788153712387
10.328125 0.0033411274072324185
10.33125 0.003048740138678165
10.334375 0.002779526305086849
10.3375 0.002531886170994259
10.340625 0.0023043082416654157
10.34375 0.0020953664111332394
10.346875 0.0019037170118787396
10.35 0.0017280957896376444
10.353125 0.001567314825138306
10.35625 0.0014202594228970413
10.359375 0.0012858849855368487
10.3625 0.0011632138904741937
10.365625 0.0010513323842270916
10.36875 0.0009493875080622243
10.371875 0.0008565840672149425
10.375 0.0007721816544910815
10.378125 0.000695491737705316
10.38125 0.0006258748191193846
10.384375 0.0005627376738296561
10.3875 0.0005055306729106568
10.390625 0.00045374519605315675
10.39375 0.00040691113744587145
10.396875 0.00036459450773168275
10.4 0.00032639513402885555
10.403125 0.0002919444592388056
10.40625 0.0002609034411640239
10.409375 0.00023296055133248373
10.4125 0.000207829872861938
10.415625 0.00018524929620005593
10.41875 0.0001649788111385706
10.421875 0.00014679889311891768
10.425 0.00013050898152127505
10.428125 0.00011592604735250187
10.43125 0.00010288324752026424
10.434375 9.122866269553544e-5
10.4375 8.082411562045056e-5
10.440625 7.15440666108013e-5
10.44375 6.327458292723885e-5
10.446875 5.591237864503386e-5
10.45 4.9363921634673284e-5
10.453125 4.354460427213785e-5
10.45625 3.8377974525898105e-5
10.459375 3.3795024114019176e-5
10.4625 2.97335304876272e-5
10.465625 2.613744947341098e-5
10.46875 2.295635549578745e-5
10.471875 2.0144926397066483e-5
10.475 1.7662469979104548e-5
10.478125 1.5472489501273588e-5
10.48125 1.3542285485282048e-5
10.484375 1.1842591296117597e-5
10.4875 1.0347240089061367e-5
10.490625 9.032860833958645e-6
10.49375 7.878601249032236e-6
10.496875 6.865875596448246e-6
10.5 5.97813540991259e-6
10.503125 5.200661340220943e-6
10.50625 4.520374417258581e-6
10.509375 3.925665136132063e-6
10.5125 3.406238880484043e-6
10.515625 2.9529762973336876e-6
10.51875 2.5578073348308407e-6
10.521875 2.213597746899707e-6
10.525 1.914046956851563e-6
10.528125 1.6535962555818583e-6
10.53125 1.4273463889440735e-6
10.534375 1.2309836633692406e-6
10.5375 1.0607137688059633e-6
10.540625 9.132025837254266e-7
10.54375 7.855232883595467e-7
10.546875 6.751091696620212e-7
10.55 5.797115548590874e-7
10.553125 4.973623600340998e-7
10.55625 4.2634078615296074e-7
10.559375 3.6514373744945284e-7
10.5625 3.1245957633217835e-7
10.565625 2.6714486512998807e-7
10.56875 2.2820377823215086e-7
10.571875 1.9476989868659934e-7
10.575 1.6609014126241905e-7
10.578125 1.4151056953128233e-7
10.58125 1.204638978422895e-7
10.584375 1.0245849030913986e-7
10.5875 8.706868825278535e-8
10.590625 7.392631508819495e-8
10.59375 6.271322354864611e-8
10.596875 5.3154764535594225e-8
10.6 4.5014069887704314e-8
10.603125 3.808705309593108e-8
10.60625 3.2198042559593873e-8
10.609375 2.719597148250805e-8
10.6125 2.2951057042924106e-8
10.615625 1.935190912296537e-8
10.61875 1.6303015734272806e-8
10.621875 1.3722558401061739e-8
10.625 1.1540516228995076e-8
10.628125 9.697022261911365e-9
10.63125 8.1409400664716e-9
10.634375 6.828632340968241e-9
10.6375 5.722896767427294e-9
10.640625 4.7920473602792165e-9
10.64375 4.0091222508429225e-9
10.646875 3.3512012212498445e-9
10.65 2.7988183977059746e-9
10.653125 2.3354573611684327e-9
10.65625 1.9471175608432814e-9
10.659375 1.621942346928476e-9
10.6625 1.3499001957290183e-9
10.665625 1.12251180251866e-9
10.66875 9.326166830287652e-10
10.671875 7.741737691029962e-10
10.675 6.420912220742156e-10
10.678125 5.320813314256987e-10
10.68125 4.405369275910255e-10
10.684375 3.6442622632657363e-10
10.6875 3.0120344685740356e-10
10.690625 2.4873291483760324e-10
10.69375 2.052246810436746e-10
10.696875 1.6917996380688472e-10
10.7 1.3934496291583136e-10
10.703125 1.146717998749247e-10
10.70625 9.428551820099436e-11
10.709375 7.745623157410967e-11
10.7125 6.357564037806364e-11
10.715625 5.213725130925046e-11
10.71875 4.271973278544195e-11
10.721875 3.497292301893342e-11
10.725 2.8606079722475574e-11
10.728125 2.3378022141103994e-11
10.73125 1.908886888069915e-11
10.734375 1.557312008018157e-11
10.7375 1.2693870928812617e-11
10.740625 1.03379762978936e-11
10.74375 8.41201414705667e-12
10.746875 6.838919077970426e-12
10.75 5.5551775459856226e-12
10.753125 4.5084933228506675e-12
10.75625 3.655846278247214e-12
10.759375 2.9618797991733297e-12
10.7625 2.3975625240219195e-12
10.765625 1.9390788155196692e-12
10.76875 1.566909775803819e-12
10.771875 1.2650728248957233e-12
10.775 1.0204930977105117e-12
10.778125 8.224843154011261e-13
10.78125 6.623204828942859e-13
10.784375 5.328828653854109e-13
10.7875 4.283692953003295e-13
10.790625 3.440550367947697e-13
10.79375 2.7609625417377117e-13
10.796875 2.2136865037722503e-13
10.8 1.7733510985311146e-13
10.803125 1.4193723723508702e-13
10.80625 1.1350656345382536e-13
10.809375 9.06919230534094e-14
10.8125 7.240011481686731e-14
10.815625 5.77474627306361e-14
10.81875 4.602031296704894e-14
10.821875 3.6642849314839935e-14
10.825 2.915089638328018e-14
10.828125 2.3170617028740273e-14
10.83125 1.840120623271478e-14
10.834375 1.4600845135564836e-14
10.8375 1.1575311973061193e-14
10.840625 9.168756164607868e-15
10.84375 7.256231834526707e-15
10.846875 5.737660995774519e-15
10.85 4.532957299190312e-15
10.853125 3.578090982361756e-15
10.85625 2.8219163717249475e-15
10.859375 2.2236165981128063e-15
10.8625 1.7506474011482317e-15
10.865625 1.3770841127292486e-15
10.86875 1.0822940245729923e-15
10.871875 8.498711009287009e-16
10.875 6.667820055540845e-16
10.878125 5.226821737190794e-16
10.88125 4.093685874484155e-16
10.884375 3.203423435628501e-16
10.8875 2.5045931635493073e-16
10.890625 1.95651436734098e-16
10.89375 1.5270452283986065e-16
10.896875 1.190813549110636e-16
10.9 -0.0
10.903125 -0.0
10.90625 -0.0
10.909375 -0.0
10.9125 -0.0
10.915625 -0.0
10.91875 -0.0
10.921875 -0.0
10.925 -0.0
10.928125 -0.0
10.93125 -0.0
10.934375 -0.0
10.9375 -0.0
10.940625 -0.0
10.94375 -0.0
10.946875 -0.0
10.95 -0.0
10.953125 -0.0
10.95625 -0.0
10.959375 -0.0
10.9625 -0.0
10.965625 -0.0
10.96875 -0.0
10.971875 -0.0
10.975 -0.0
10.978125 -0.0
10.98125 -0.0
10.984375 -0.0
10.9875 -0.0
10.990625 -0.0
10.99375 -0.0
10.996875 -0.0
11.0 -0.0
11.003125 -0.0
11.00625 -0.0
11.009375 -0.0
11.0125 -0.0
11.015625 -0.0
11.01875 -0.0
11.021875 -0.0
11.025 -0.0
11.028125 -0.0
11.03125 -0.0
11.034375 -0.0
11.0375 -0.0
11.040625 -0.0
11.04375 -0.0
11.046875 -0.0
11.05 -0.0
11.053125 -0.0
11.05625 -0.0
11.059375 -0.0
11.0625 -0.0
11.065625 -0.0
11.06875 -0.0
11.071875 -0.0
11.075 -0.0
11.078125 -0.0
11.08125 -0.0
11.084375 -0.0
11.0875 -0.0
11.090625 -0.0
11.09375 -0.0
11.096875 -0.0
11.1 -0.0
11.2 -0.0
11.4 -0.0
11.6 -0.0
11.8 -0.0
12.0 -0.0
12.2 -0.0
12.4 -0.0
12.6 -0.0
12.8 -0.0
13.0 -0.0
