9.4 1.2445124587180474e-6
9.4025 1.2445124587177998e-6
9.405 1.404302645343024e-6
9.4075 1.5813839093027653e-6
9.41 1.7770333736642262e-6
9.4125 2.0809173208580727e-6
9.415 2.3461672768933334e-6
9.4175 2.640194728439742e-6
9.42 2.9652299484943943e-6
9.4225 3.323503210066746e-6
9.425 3.8779059019841116e-6
9.4275 4.360023948838915e-6
9.43 4.893055832683953e-6
9.4325 5.480832585429595e-6
9.435 6.127185238991511e-6
9.4375 7.12363830615865e-6
9.44 7.986934772413117e-6
9.4425 8.938907132914556e-6
9.445 9.98602735082585e-6
9.4475 1.1134767389351539e-5
9.45 1.2899097005228397e-5
9.4525 1.4421928627628764e-5
9.455 1.6096786321223472e-5
9.4575 1.793442096534447e-5
9.46 1.9945583439296658e-5
9.4625 2.302288050032413e-5
9.465 2.5668968337623843e-5
9.4675 2.857157817660973e-5
9.47 3.1748267003381646e-5
9.4725 3.521659180394476e-5
9.475 4.0503472811387564e-5
9.4775 4.503234520709518e-5
9.48 4.998718081628161e-5
9.4825 5.539616058842063e-5
9.485 6.128746547321722e-5
9.4875 7.023372301210746e-5
9.49 7.786821460764583e-5
9.4925 8.619869451165533e-5
9.495 9.526961060042058e-5
9.4975 0.00010512541075032062
9.5 0.00012003493797473709
9.5025 0.00013270978040920948
9.505 0.00014650341535168645
9.5075 0.00016148470972672247
9.51 0.00017772253045954725
9.5125 0.00020219247942340198
9.515 0.00022291500967231144
9.5175 0.0002454066023325079
9.52 0.00026977204119568124
9.5225 0.00029611611005309166
9.525 0.0003356629638944427
9.5275 0.0003690242580685533
9.53 0.0004051366304840849
9.5325 0.0004441565900433786
9.535 0.0004862406456474477
9.5375 0.0005491709656622812
9.54 0.0006020521749605346
9.5425 0.0006591400655540176
9.545 0.0007206640188714864
9.5475 0.0007868534163447144
9.55 0.0008854433346567445
9.5525 0.0009679658771198765
9.555 0.0010568118486551066
9.5575 0.001152310961352326
9.56 0.0012547929273026327
9.5625 0.0014068408545095867
9.565 0.0015336078464800755
9.5675 0.0016697165906288361
9.57 0.0018156316177685345
9.5725 0.001971817458719445
9.575 0.0022026247744312256
9.5775 0.0023942913286655876
9.58 0.0025995171892052144
9.5825 0.0028189434032641447
9.585 0.003053211018051754
9.5875 0.0033980205884162336
9.59 0.003683208435430543
9.5925 0.003987726270886693
9.595 0.004312439856205051
9.5975 0.0046582149527932114
9.6 0.005165091681883275
9.6025 0.00558262479919484
9.605 0.0060272124126325745
9.6075 0.006499997638075743
9.61 0.007002123591431008
9.6125 0.007735189766101586
9.615 0.008336568853719802
9.6175 0.008975106717236066
9.62 0.009652277051718861
9.6225 0.010369553552247099
9.625 0.01141239129280082
9.6275 0.012264344013684795
9.63 0.013166353458296769
9.6325 0.014120271640145616
9.635 0.015127950572799663
9.6375 0.016586854480828226
9.64 0.017773696625849503
9.6425 0.019026632932097685
9.645 0.020347927372576808
9.6475 0.021739843920256248
9.65 0.023746455146473427
9.6525 0.025371881079381143
9.655 0.02708277948369961
9.6575 0.028881834797932215
9.66 0.030771731460497564
9.6625 0.03348442324021495
9.665 0.03567222355584411
9.6675 0.03796817722520806
9.67 0.0403753593160948
9.6725 0.04289684489646329
9.675 0.04650008159925341
9.6775 0.04939318101620923
9.68 0.052420029794121234
9.6825 0.055584011196028925
9.685 0.0588885084850355
9.6875 0.06358929661454733
9.69 0.06734644008910828
9.6925 0.07126499368813842
9.695 0.07534850015292575
9.6975 0.07960050222507713
9.7 0.0856210314135455
9.7025 0.0904104516869092
9.705 0.09538959122464291
9.7075 0.10056192621893753
9.71 0.10593093286179987
9.7125 0.11349660987232113
9.715 0.11948611568505657
9.7175 0.12569224332382306
9.72 0.13211809373184016
9.7225 0.13876676785194372
9.725 0.14808911185363663
9.7275 0.15543227086825262
9.73 0.16301483494511498
9.7325 0.17083914177573253
9.735 0.1789075290523346
9.7375 0.19016185243258335
9.74 0.1989803187654078
9.7425 0.20805354241292748
9.745 0.21738264517798186
9.7475 0.22696874886367763
9.75 0.2402671903035225
9.7525 0.25062974183938863
9.755 0.2612512190261991
9.7575 0.272131038480123
9.76 0.2832686168184828
9.7625 0.2986298926327166
9.765 0.3105293689411745
9.7675 0.3226768280835394
9.77 0.3350694980606514
9.7725 0.3477046068727188
9.775 0.3650227413061771
9.7775 0.3783527404455825
9.78 0.3919009463292822
9.7825 0.40566197578352364
9.785 0.41963044563338436
9.7875 0.4386455979737136
9.79 0.4531794246334639
9.7925 0.4678798009489865
9.795 0.4827384351187125
9.7975 0.4977470353431296
9.8 0.5180222556968817
9.8025 0.5333970844333485
9.805 0.5488630768657576
9.8075 0.5644089261892693
9.81 0.5800233255997655
9.8125 0.6009314286077982
9.815 0.6166408511985688
9.8175 0.6323421940248292
9.82 0.6480212806918656
9.8225 0.663663934807715
9.825 0.6843885942395156
9.8275 0.6997865345559684
9.83 0.7150553273473248
9.8325 0.7301783690511154
9.835 0.7451390561034194
9.8375 0.7646935113861664
9.84 0.7790118497276538
9.8425 0.7930626308814775
9.845 0.8068275813288561
9.8475 0.8202884275486544
9.85 0.8375538716042463
9.8525 0.8499350040487297
9.855 0.861899811258926
9.8575 0.8734294084446537
9.86 0.8845049108194447
9.8625 0.8982886888589503
9.865 0.9078327111536166
9.8675 0.916810531454193
9.87 0.9252039565450454
9.8725 0.9329947932117999
9.875 0.9421062202897512
9.8775 0.9479306093278572
9.88 0.9530487712167024
9.8825 0.9574446625370325
9.885 0.9611022398736124
9.8875 0.9644412968957239
9.89 0.9657490852440276
9.8925 0.9662322961521475
9.895 0.9658785213184806
9.8975 0.9646753524393148
9.9 0.9613272168684073
9.9025 0.9574779778695919
9.905 0.9527190904052518
9.9075 0.9470431406165325
9.91 0.9404427146418148
9.9125 0.9297692639298083
9.915 0.920346054160226
9.9175 0.9099715589913293
9.92 0.8986444448688902
9.9225 0.886363378242494
9.925 0.8680819569245712
9.9275 0.85294685461903
9.93 0.8368697825565707
9.9325 0.8198561563476092
9.935 0.8019113916038267
9.9375 0.7761513591766578
9.94 0.755482723156875
9.9425 0.7339362250804116
9.945 0.7115241792686633
9.9475 0.6882589000460237
9.95 0.6555880398621539
9.9525 0.6298939412894722
9.955 0.6034403467805816
9.9575 0.576246037805539
9.96 0.5483297958330025
9.9625 0.5097453157731691
9.965 0.47984986174804956
9.9675 0.4493623442821004
9.97 0.4183070077405149
9.9725 0.38670809648747584
9.975 0.34359063471668394
9.9775 0.3105926675730619
9.98 0.27720953844823093
9.9825 0.24346944988220542
9.985 0.20940060441602126
9.9875 0.16343358944774788
9.99 0.12864039117294057
9.9925 0.09369513524157824
9.995 0.058628100633828506
9.9975 0.02346956633005881
10.0 -0.02346956633004771
10.0025 -0.0586281006337841
10.005 -0.09369513524163375
10.0075 -0.12864039117294057
10.01 -0.16343358944759245
10.0125 -0.20940060441603237
10.015 -0.24346944988234975
10.0175 -0.2772095384480089
10.02 -0.3105926675730286
10.0225 -0.3435906347169393
10.025 -0.38670809648747584
10.0275 -0.4183070077402151
10.03 -0.449362344282056
10.0325 -0.4798498617483937
10.035 -0.5097453157731691
10.0375 -0.5483297958326139
10.04 -0.5762460378055057
10.0425 -0.6034403467810034
10.045 -0.6298939412890059
10.0475 -0.6555880398621539
10.05 -0.68825890004649
10.0525 -0.7115241792686633
10.055 -0.7339362250798787
10.0575 -0.7554827231568528
10.06 -0.7761513591772129
10.0625 -0.8019113916032605
10.065 -0.8198561563475981
10.0675 -0.8368697825571481
10.07 -0.85294685461903
10.0725 -0.8680819569239384
10.075 -0.8863633782425051
10.0775 -0.8986444448695119
10.08 -0.9099715589906854
10.0825 -0.9203460541602038
10.085 -0.9297692639304744
10.0875 -0.9404427146418148
10.09 -0.9470431406158553
10.0925 -0.9527190904052518
10.095 -0.9574779778702636
10.0975 -0.9613272168684128
10.1 -0.964675352438632
10.1025 -0.9658785213184751
10.105 -0.9662322961528358
10.1075 -0.9657490852433392
10.11 -0.9644412968957294
10.1125 -0.9611022398742952
10.115 -0.9574446625370325
10.1175 -0.9530487712160252
10.12 -0.9479306093278628
10.1225 -0.9421062202904229
10.125 -0.9329947932111338
10.1275 -0.9252039565450565
10.13 -0.916810531454848
10.1325 -0.9078327111536166
10.135 -0.898288688858323
10.1375 -0.8845049108194447
10.14 -0.8734294084452809
10.1425 -0.8618998112583209
10.145 -0.8499350040487408
10.1475 -0.8375538716048403
10.15 -0.8202884275486572
10.1525 -0.8068275813282816
10.155 -0.7930626308814914
10.1575 -0.7790118497282117
10.16 -0.7646935113861664
10.1625 -0.7451390561028892
10.165 -0.7301783690511321
10.1675 -0.7150553273478383
10.17 -0.6997865345554827
10.1725 -0.6843885942395156
10.175 -0.6636639348082035
10.1775 -0.6480212806918628
10.18 -0.6323421940243851
10.1825 -0.6166408511985855
10.185 -0.6009314286082257
10.1875 -0.5800233255993548
10.19 -0.5644089261892832
10.1925 -0.5488630768661545
10.195 -0.5333970844333485
10.1975 -0.5180222556965277
10.2 -0.497747035343131
10.2025 -0.482738435119065
10.205 -0.4678798009486604
10.2075 -0.45317942463347916
10.21 -0.43864559797402447
10.2125 -0.41963044563338575
10.215 -0.40566197578323915
10.2175 -0.3919009463292933
10.22 -0.3783527404458545
10.2225 -0.3650227413061771
10.225 -0.3477046068724718
10.2275 -0.3350694980606639
10.23 -0.32267682808377396
10.2325 -0.31052936894096284
10.235 -0.2986298926327159
10.2375 -0.28326861681869514
10.24 -0.272131038480123
10.2425 -0.261251219026018
10.245 -0.25062974183939907
10.2475 -0.2402671903036932
10.25 -0.22696874886351595
10.2525 -0.21738264517799158
10.255 -0.20805354241307944
10.2575 -0.1989803187654078
10.26 -0.19016185243245637
10.2625 -0.1789075290523346
10.265 -0.17083914177585952
10.2675 -0.16301483494500293
10.27 -0.1554322708682592
10.2725 -0.1480891118537421
10.275 -0.13876676785194372
10.2775 -0.13211809373174788
10.28 -0.12569224332382894
10.2825 -0.11948611568514261
10.285 -0.11349660987232148
10.2875 -0.10593093286172493
10.29 -0.10056192621894222
10.2925 -0.09538959122471317
10.295 -0.0904104516868483
10.2975 -0.08562103141354568
10.3 -0.07960050222513784
10.3025 -0.07534850015292575
10.305 -0.07126499368808967
10.3075 -0.06734644008911192
10.31 -0.06358929661459244
10.3125 -0.05888850848499352
10.315 -0.05558401119603214
10.3175 -0.05242002979416
10.32 -0.049393181016209146
10.3225 -0.04650008159922305
10.325 -0.0428968448964632
10.3275 -0.040375359316125334
10.33 -0.03796817722518213
10.3325 -0.03567222355584619
10.335 -0.03348442324023881
10.3375 -0.030771731460497564
10.34 -0.02888183479791218
10.3425 -0.027082779483701212
10.345 -0.025371881079399573
10.3475 -0.023746455146473427
10.35 -0.02173984392024081
10.3525 -0.02034792737257815
10.355 -0.019026632932111782
10.3575 -0.017773696625837707
10.36 -0.016586854480828226
10.3625 -0.015127950572811459
10.365 -0.014120271640145616
10.3675 -0.013166353458287858
10.37 -0.012264344013685596
10.3725 -0.011412391292808929
10.375 -0.010369553552239726
10.3775 -0.009652277051719532
10.38 -0.008975106717242767
10.3825 -0.008336568853719802
10.385 -0.007735189766096609
10.3875 -0.007002123591431008
10.39 -0.00649999763808072
10.3925 -0.006027212412628509
10.395 -0.005582624799195242
10.3975 -0.005165091681886939
10.4 -0.004658214952793223
10.4025 -0.004312439856202058
10.405 -0.003987726270886986
10.4075 -0.003683208435433232
10.41 -0.0033980205884162336
10.4125 -0.0030532110180495854
10.415 -0.0028189434032643615
10.4175 -0.002599517189207166
10.42 -0.0023942913286640237
10.4225 -0.0022026247744312256
10.425 -0.0019718174587210115
10.4275 -0.0018156316177685317
10.43 -0.0016697165906277166
10.4325 -0.0015336078464801973
10.435 -0.0014068408545105842
10.4375 -0.0012547929273017408
10.44 -0.001152310961352422
10.4425 -0.0010568118486559022
10.445 -0.0009679658771198765
10.4475 -0.0008854433346561861
10.45 -0.0007868534163447144
10.4525 -0.0007206640188720448
10.455 -0.0006591400655535785
10.4575 -0.000602052174960584
10.46 -0.0005491709656626708
10.4625 -0.0004862406456474484
10.465 -0.00044415659004307166
10.4675 -0.0004051366304841215
10.47 -0.000369024258068823
10.4725 -0.0003356629638944427
10.475 -0.0002961161100528816
10.4775 -0.00026977204119570564
10.48 -0.0002454066023326936
10.4825 -0.0002229150096721678
10.485 -0.00020219247942340198
10.4875 -0.00017772253045969126
10.49 -0.00016148470972672212
10.4925 -0.00014650341535158923
10.495 -0.00013270978040922136
10.4975 -0.00012003493797482247
10.5 -0.00010512541075024608
10.5025 -9.526961060042973e-5
10.505 -8.619869451172072e-5
10.5075 -7.786821460764575e-5
10.51 -7.023372301206393e-5
10.5125 -6.12874654732173e-5
10.515 -5.539616058846417e-5
10.5175 -4.998718081624849e-5
10.52 -4.5032345207099504e-5
10.5225 -4.050347281141636e-5
10.525 -3.521659180394476e-5
10.5275 -3.174826700335988e-5
10.53 -2.857157817661261e-5
10.5325 -2.5668968337642732e-5
10.535 -2.302288050032413e-5
10.5375 -1.9945583439282492e-5
10.54 -1.7934420965346357e-5
10.5425 -1.6096786321235754e-5
10.545 -1.4421928627619596e-5
10.5475 -1.2899097005228397e-5
10.55 -1.1134767389360719e-5
10.5525 -9.986027350825839e-6
10.555 -8.938907132908669e-6
10.5575 -7.986934772413942e-6
10.56 -7.123638306163711e-6
10.5625 -6.12718523898716e-6
10.565 -5.480832585430209e-6
10.5675 -4.893055832687691e-6
10.57 -4.360023948838915e-6
10.5725 -3.877905901981751e-6
10.575 -3.323503210066746e-6
10.5775 -2.9652299484967554e-6
10.58 -2.640194728438011e-6
10.5825 -2.346167276893585e-6
10.585 -2.0809173208595525e-6
10.5875 -1.7770333736642262e-6
10.59 -1.5813839093016866e-6
10.5925 -1.404302645343184e-6
10.595 -1.2445124587187185e-6
10.5975 -1.1007362263551525e-6
10.6 -9.366299336421679e-7
10.6025 -8.313651606122333e-7
10.605 -7.363135801874892e-7
10.6075 -6.507557015872009e-7
10.61 -5.73972034033402e-7
10.6125 -4.866553213472181e-7
10.615 -4.308537221717978e-7
10.6175 -3.805836273853661e-7
10.62 -3.35446235417387e-7
10.6225 -2.950427446980878e-7
10.625 -2.4926626488571875e-7
10.6275 -2.2011968110113398e-7
10.63 -1.9392330087516568e-7
10.6325 -1.704595791062131e-7
10.635 -1.495109706933995e-7
10.6375 -1.2586391532754182e-7
10.64 -1.108628264238767e-7
10.6425 -9.74113088532173e-8
10.645 -8.539259788751175e-8
10.6475 -7.468992879844432e-8
10.65 -6.265289628066211e-8
10.6525 -5.504498133562817e-8
10.655 -4.8238627068259e-8
10.6575 -4.217216564184519e-8
10.66 -3.678392921957304e-8
10.6625 -3.074609441593554e-8
10.665 -2.694389480877304e-8
10.6675 -2.35501007807601e-8
10.67 -2.053263390007718e-8
10.6725 -1.7859415734991808e-8
10.675 -1.4874872186863058e-8
10.6775 -1.3002297457567956e-8
10.68 -1.133466652310925e-8
10.6825 -9.85557058631786e-9
10.685 -8.548600850048552e-9
10.6875 -7.094762139271375e-9
10.69 -6.18588585066875e-9
10.6925 -5.378342987979093e-9
10.695 -4.66384276001624e-9
10.6975 -4.0340943756138175e-9
10.7 -3.3361582275191898e-9
10.7025 -2.9014231423321315e-9
10.705 -2.5160309203273547e-9
10.7075 -2.175876971287063e-9
10.71 -1.8768567049864576e-9
10.7125 -1.5466229465185011e-9
10.715 -1.3416913686116138e-9
10.7175 -1.1604293758659587e-9
10.72 -1.000831186952581e-9
10.7225 -8.608910205400922e-10
10.725 -7.069140563857458e-10
10.7275 -6.11699223446655e-10
10.73 -5.276653929749839e-10
10.7325 -4.5385618863810415e-10
10.735 -3.893152341053048e-10
10.7375 -3.185452104563535e-10
10.74 -2.7495443410290135e-10
10.7425 -2.3655604247366004e-10
10.745 -2.0291211123551782e-10
10.7475 -1.735847160558785e-10
10.75 -1.4153069746808288e-10
10.7525 -1.218593127668725e-10
10.755 -1.0456296849623497e-10
10.7575 -8.944266862515853e-11
10.76 -7.629941712300975e-11
10.7625 -6.200188722069929e-11
10.765 -5.3239519136630406e-11
10.7675 -4.55703388628228e-11
10.77 -3.888383846201231e-11
10.7725 -3.3069509996805076e-11
10.775 -2.6765857586098685e-11
10.7775 -2.293345223718329e-11
10.78 -1.9572712363202035e-11
10.7825 -1.665227807473598e-11
10.785 -1.4140789482326714e-11
10.7875 -1.1395639196063647e-11
10.79 -9.74492861109375e-12
10.7925 -8.299126582604937e-12
10.795 -7.040762945786423e-12
10.7975 -5.9523675358570664e-12
10.8 -4.777443687731969e-12
10.8025 -4.0799294188412704e-12
10.805 -3.4781520529317422e-12
10.8075 -2.945040583276286e-12
10.81 -2.4535240031555104e-12
10.8125 -1.9813548999878127e-12
10.815 -1.6932436419688857e-12
10.8175 -1.426911396602474e-12
10.82 -1.1965328056792425e-12
10.8225 -1.0162825109949433e-12
10.825 -8.007077551691588e-13
10.8275 -6.759585223079016e-13
10.83 -5.772725106844472e-13
10.8325 -4.971749175739643e-13
10.835 -4.2819094024994226e-13
10.8375 -3.1346341183366397e-13
10.84 -2.7131807991588096e-13
10.8425 -2.3137279395289957e-13
10.845 -1.9643457854365648e-13
10.8475 -1.6931045828663e-13
10.85 -1.1987322155340187e-13
10.8525 -1.0917950570146838e-13
10.855 -9.87772870574518e-14
10.8575 -8.364780449493032e-14
10.86 -5.877229688784885e-14
10.8625 -3.5852571549081065e-14
10.865 -4.6562389007881703e-14
10.8675 -4.540838670213588e-14
10.87 -3.3405172904514987e-14
10.8725 -1.1567355887729692e-14
10.875 -2.920178082262053e-14
10.8775 -1.148866986009745e-14
10.88 -1.0201392651350866e-14
10.8825 -1.4114023691740979e-14
10.885 -1.200063747661909e-14
10.8875 -3.80430980197013e-15
10.89 -1.2637984825434097e-14
10.8925 -9.336412528052363e-15
10.895 -5.122720555031573e-15
10.8975 -1.1220036551599595e-14
10.9 0.0
10.9025 0.0
10.905 0.0
10.9075 0.0
10.91 0.0
10.9125 0.0
10.915 0.0
10.9175 0.0
10.92 0.0
10.9225 0.0
10.925 0.0
10.9275 0.0
10.93 0.0
10.9325 0.0
10.935 0.0
10.9375 0.0
10.94 0.0
10.9425 0.0
10.945 0.0
10.9475 0.0
10.95 0.0
10.9525 0.0
10.955 0.0
10.9575 0.0
10.96 0.0
10.9625 0.0
10.965 0.0
10.9675 0.0
10.97 0.0
10.9725 0.0
10.975 0.0
10.9775 0.0
10.98 0.0
10.9825 0.0
10.985 0.0
10.9875 0.0
10.99 0.0
10.9925 0.0
10.995 0.0
10.9975 0.0
11.0 0.0
11.0025 0.0
11.005 0.0
11.0075 0.0
11.01 0.0
11.0125 0.0
11.015 0.0
11.0175 0.0
11.02 0.0
11.0225 0.0
11.025 0.0
11.0275 0.0
11.03 0.0
11.0325 0.0
11.035 0.0
11.0375 0.0
11.04 0.0
11.0425 0.0
11.045 0.0
11.0475 0.0
11.05 0.0
11.0525 0.0
11.055 0.0
11.0575 0.0
11.06 0.0
11.0625 0.0
11.065 0.0
11.0675 0.0
11.07 0.0
11.0725 0.0
11.075 0.0
11.0775 0.0
11.08 0.0
11.0825 0.0
11.085 0.0
11.0875 0.0
11.09 0.0
11.0925 0.0
11.095 0.0
11.0975 0.0
11.1 9.860761315262648e-30
