9.4 1.5616254705345126e-6
9.4025 1.561625470534202e-6
9.405 1.7621316395382892e-6
9.4075 1.9843348085116484e-6
9.41 2.229837523010798e-6
9.4125 2.6111538438721454e-6
9.415 2.9439918837817703e-6
9.4175 3.312940184905407e-6
9.42 3.72079731393808e-6
9.4225 4.17036183759032e-6
9.425 4.8660313413917305e-6
9.4275 5.470997419873862e-6
9.43 6.139850640738236e-6
9.4325 6.877398217418311e-6
9.435 7.68844736335421e-6
9.4375 8.938805669516402e-6
9.44 1.0022077870514788e-5
9.4425 1.1216621384313967e-5
9.445 1.2530557288729361e-5
9.4475 1.3972006661628678e-5
9.45 1.61859033946592e-5
9.4525 1.8096766264867385e-5
9.455 2.0198392821930836e-5
9.4575 2.2504273366310443e-5
9.46 2.5027898198433144e-5
9.4625 2.8889318337088607e-5
9.465 3.2209653248203384e-5
9.4675 3.5851874283301415e-5
9.47 3.983801210707174e-5
9.4725 4.4190097384084604e-5
9.475 5.0824123410157785e-5
9.4775 5.650699338578088e-5
9.48 6.272436584791542e-5
9.4825 6.951160250642116e-5
9.485 7.690406507144805e-5
9.4875 8.812990981155084e-5
9.49 9.770973880133475e-5
9.4925 0.00010816290020502017
9.495 0.00011954516761911148
9.4975 0.0001319123146402316
9.5 0.0001506209240271236
9.5025 0.00016652543076148973
9.505 0.00018383380843704588
9.5075 0.0002026324718925573
9.51 0.0002230078359676368
9.5125 0.00025371294887907976
9.515 0.0002797157669496624
9.5175 0.00030793842050769106
9.52 0.00033851239320112424
9.5225 0.00037156916867738134
9.525 0.00042119291796613873
9.5275 0.0004630549711318828
9.53 0.0005083691021158446
9.5325 0.0005573316997018803
9.535 0.0006101391526721798
9.5375 0.0006891046864566162
9.54 0.0007554605053753628
9.5425 0.0008270949059676258
9.545 0.0009042957181214096
9.5475 0.0009873507717285048
9.55 0.0011110622914448887
9.5525 0.001214612322865578
9.555 0.0013260970501833885
9.5575 0.0014459301991058542
9.56 0.0015745254953420226
9.5625 0.0017653166073192718
9.565 0.0019243849734873995
9.5675 0.002095175454640248
9.57 0.0022782709482360355
9.5725 0.0024742543517425265
9.575 0.002763873455574155
9.5775 0.0030043783784821023
9.58 0.0032618976413757595
9.5825 0.0035372356360876436
9.585 0.003831196754444419
9.5875 0.004263866916798515
9.59 0.004621723202337996
9.5925 0.005003834931914581
9.595 0.005411288470775948
9.5975 0.005845170184153747
9.6 0.0064812036806633985
9.6025 0.007005128006384542
9.605 0.007563000558133591
9.6075 0.008156255728037616
9.61 0.008786327908258076
9.6125 0.009706185963461551
9.615 0.010460801872762125
9.6175 0.011262044949585031
9.62 0.01211176439980894
9.6225 0.013011809429325618
9.625 0.014320371642484068
9.6275 0.015389409609363124
9.63 0.016521259205163657
9.6325 0.01771824435315937
9.635 0.018982688976698577
9.6375 0.020813334773677215
9.64 0.022302595013850464
9.6425 0.02387479080432899
9.645 0.02553276299888081
9.6475 0.027279352451230466
9.65 0.029797266336599747
9.6525 0.031836865474008685
9.655 0.03398371624031819
9.6575 0.03624118709320149
9.66 0.038612646490225375
9.6625 0.04201655662968667
9.665 0.04476182822049842
9.6675 0.04764281161614817
9.67 0.0506633654394626
9.6725 0.053827348313483014
9.675 0.058348722263598406
9.6775 0.06197900953525868
9.68 0.0657771267127377
9.6825 0.0697473191450466
9.685 0.07389383218127649
9.6875 0.07979242357199161
9.69 0.08450692112902745
9.6925 0.08942395756770125
9.695 0.09454797835177037
9.6975 0.0998834289453923
9.7 0.10743804333349845
9.7025 0.1134478511386235
9.705 0.11969572038975167
9.7075 0.12618601304423238
9.71 0.13292309105918407
9.7125 0.14241657088632664
9.715 0.1499322568624373
9.7175 0.15771976186184014
9.72 0.16578297697608718
9.7225 0.1741257932962488
9.725 0.18582355472575204
9.7275 0.19503781696240474
9.73 0.204552486832874
9.7325 0.21437049769357344
9.735 0.22449478290182054
9.7375 0.2386168095003588
9.74 0.24968230068119857
9.7425 0.26106746364085104
9.745 0.27277370602764867
9.7475 0.2848024354902589
9.75 0.3014894398873586
9.7525 0.3144924631233046
9.755 0.3278203886040268
9.7575 0.3414724842942264
9.76 0.35544801816005217
9.7625 0.37472348575651443
9.765 0.38965505607478307
9.7675 0.40489779749220106
9.77 0.420448231679193
9.7725 0.4363028803053903
9.775 0.45803383176672585
9.7775 0.4747604350501845
9.78 0.4917608461266833
9.7825 0.50902831014119
9.785 0.5265560722372042
9.7875 0.5504164570913183
9.79 0.5686536340172758
9.7925 0.5870997989551581
9.795 0.6057445472774852
9.7975 0.6245774743593584
9.8 0.6500190039345093
9.8025 0.669311477860166
9.805 0.6887183448146539
9.8075 0.708225416917166
9.81 0.7278185062878
9.8125 0.7540541827321612
9.815 0.7737665080474159
9.8175 0.7934686948012067
9.82 0.8131429543254415
9.8225 0.8327714979554786
9.825 0.8587769877439783
9.8275 0.8780984622888874
9.83 0.897257881353167
9.8325 0.9162344106367084
9.835 0.9350072158375817
9.8375 0.9595443228934813
9.84 0.9775111031319293
9.8425 0.9951421501953872
9.845 1.0124145343074868
9.8475 1.0293053256889075
9.85 1.050970160788328
9.8525 1.0665061175751993
9.855 1.081519665698875
9.8575 1.0959871083541155
9.86 1.1098847487403396
9.8625 1.1271807578850443
9.865 1.1391566832382165
9.8675 1.150422133216679
9.87 1.160954278809179
9.8725 1.170730291006044
9.875 1.1821633919751604
9.8775 1.1894718879315427
9.88 1.1958942036841491
9.8825 1.2014102078056348
9.885 1.2059997688736988
9.8875 1.2101896477750862
9.89 1.2118306724032228
9.8925 1.2124370098138884
9.895 1.2119930899581906
9.8975 1.2104833427845905
9.9 1.2062820720381988
9.9025 1.2014520121857515
9.905 1.1954805172250855
9.9075 1.188358284179167
9.91 1.1800760100674923
9.9125 1.1666828677380587
9.915 1.1548585390322395
9.9175 1.1418405288177218
9.92 1.1276271637386184
9.9225 1.1122167704438282
9.925 1.0892770779018601
9.9275 1.0702854148663405
9.93 1.0501117596743172
9.9325 1.0287629078826397
9.935 1.006245655049746
9.9375 0.9739217337597176
9.94 0.9479865426544815
9.9425 0.92094980231386
9.945 0.892826964859533
9.9475 0.8636334824169418
9.95 0.822637792056431
9.9525 0.7903966051623632
9.955 0.7572023959096662
9.9575 0.7230787314565543
9.96 0.6880491789594875
9.9625 0.6396330249815401
9.965 0.6021199393295812
9.9675 0.5638639271260276
9.97 0.5248954104192387
9.9725 0.48524481125630586
9.975 0.4311406308968535
9.9775 0.3897344837696309
9.98 0.34784503191056393
9.9825 0.30550766412151814
9.985 0.26275776920564015
9.9875 0.2050779437639249
9.99 0.16141912440323716
9.9925 0.1175695017220984
9.995 0.0735670700582272
9.9975 0.029449823749592926
10.0 -0.029449823749578996
10.0025 -0.07356707005817147
10.005 -0.11756950172216805
10.0075 -0.16141912440323716
10.01 -0.20507794376372984
10.0125 -0.2627577692056541
10.015 -0.3055076641216992
10.0175 -0.3478450319102854
10.02 -0.3897344837695891
10.0225 -0.43114063089717397
10.025 -0.48524481125630586
10.0275 -0.5248954104188627
10.03 -0.5638639271259719
10.0325 -0.6021199393300131
10.035 -0.6396330249815401
10.0375 -0.6880491789589999
10.04 -0.7230787314565126
10.0425 -0.7572023959101956
10.045 -0.7903966051617781
10.0475 -0.822637792056431
10.05 -0.8636334824175269
10.0525 -0.892826964859533
10.055 -0.9209498023131912
10.0575 -0.9479865426544536
10.06 -0.9739217337604139
10.0625 -1.0062456550490355
10.065 -1.028762907882626
10.0675 -1.0501117596750418
10.07 -1.0702854148663405
10.0725 -1.089277077901066
10.075 -1.1122167704438422
10.0775 -1.1276271637393986
10.08 -1.1418405288169138
10.0825 -1.1548585390322117
10.085 -1.1666828677388947
10.0875 -1.1800760100674923
10.09 -1.1883582841783171
10.0925 -1.1954805172250855
10.095 -1.2014520121865941
10.0975 -1.206282072038206
10.1 -1.2104833427837338
10.1025 -1.2119930899581837
10.105 -1.212437009814752
10.1075 -1.211830672402359
10.11 -1.210189647775093
10.1125 -1.2059997688745556
10.115 -1.2014102078056348
10.1175 -1.1958942036832994
10.12 -1.18947188793155
10.1225 -1.1821633919760033
10.125 -1.1707302910052082
10.1275 -1.1609542788091929
10.13 -1.150422133217501
10.1325 -1.1391566832382165
10.135 -1.1271807578842572
10.1375 -1.1098847487403396
10.14 -1.0959871083549024
10.1425 -1.0815196656981159
10.145 -1.066506117575213
10.1475 -1.0509701607890733
10.15 -1.0293053256889109
10.1525 -1.012414534306766
10.155 -0.9951421501954045
10.1575 -0.9775111031326293
10.16 -0.9595443228934813
10.1625 -0.9350072158369164
10.165 -0.9162344106367293
10.1675 -0.8972578813538113
10.17 -0.8780984622882779
10.1725 -0.8587769877439783
10.175 -0.8327714979560914
10.1775 -0.813142954325438
10.18 -0.7934686948006496
10.1825 -0.7737665080474366
10.185 -0.7540541827326974
10.1875 -0.7278185062872845
10.19 -0.7082254169171835
10.1925 -0.688718344815152
10.195 -0.669311477860166
10.1975 -0.6500190039340652
10.2 -0.6245774743593601
10.2025 -0.6057445472779275
10.205 -0.5870997989547487
10.2075 -0.568653634017295
10.21 -0.5504164570917084
10.2125 -0.5265560722372061
10.215 -0.5090283101408329
10.2175 -0.49176084612669724
10.22 -0.47476043505052584
10.2225 -0.45803383176672585
10.225 -0.43630288030508035
10.2275 -0.4204482316792086
10.23 -0.40489779749249544
10.2325 -0.38965505607451745
10.235 -0.3747234857565135
10.2375 -0.3554480181603187
10.24 -0.3414724842942264
10.2425 -0.32782038860379953
10.245 -0.3144924631233177
10.2475 -0.30148943988757276
10.25 -0.28480243549005596
10.2525 -0.2727737060276608
10.255 -0.2610674636410417
10.2575 -0.24968230068119857
10.26 -0.23861680950019948
10.2625 -0.22449478290182054
10.265 -0.21437049769373281
10.2675 -0.20455248683273342
10.27 -0.19503781696241299
10.2725 -0.1858235547258844
10.275 -0.1741257932962488
10.2775 -0.16578297697597136
10.28 -0.15771976186184752
10.2825 -0.14993225686254524
10.285 -0.1424165708863271
10.2875 -0.13292309105909003
10.29 -0.12618601304423827
10.2925 -0.11969572038983985
10.295 -0.1134478511385471
10.2975 -0.10743804333349864
10.3 -0.09988342894546849
10.3025 -0.09454797835177037
10.305 -0.08942395756764007
10.3075 -0.084506921129032
10.31 -0.0797924235720482
10.3125 -0.07389383218122382
10.315 -0.06974731914505063
10.3175 -0.06577712671278634
10.32 -0.06197900953525858
10.3225 -0.05834872226356031
10.325 -0.053827348313482896
10.3275 -0.050663365439500924
10.33 -0.04764281161611562
10.3325 -0.04476182822050103
10.335 -0.04201655662971661
10.3375 -0.038612646490225375
10.34 -0.03624118709317634
10.3425 -0.03398371624032021
10.345 -0.03183686547403181
10.3475 -0.029797266336599747
10.35 -0.027279352451211093
10.3525 -0.025532762998882495
10.355 -0.023874790804346676
10.3575 -0.022302595013835663
10.36 -0.020813334773677215
10.3625 -0.018982688976713378
10.365 -0.01771824435315937
10.3675 -0.01652125920515248
10.37 -0.015389409609364128
10.3725 -0.014320371642494245
10.375 -0.01301180942931637
10.3775 -0.012111764399809785
10.38 -0.011262044949593437
10.3825 -0.010460801872762125
10.385 -0.009706185963455304
10.3875 -0.008786327908258076
10.39 -0.00815625572804386
10.3925 -0.007563000558128488
10.395 -0.007005128006385046
10.3975 -0.006481203680667998
10.4 -0.005845170184153759
10.4025 -0.005411288470772193
10.405 -0.005003834931914948
10.4075 -0.00462172320234137
10.41 -0.004263866916798515
10.4125 -0.0038311967544416986
10.415 -0.0035372356360879155
10.4175 -0.003261897641378208
10.42 -0.0030043783784801394
10.4225 -0.002763873455574155
10.425 -0.002474254351744492
10.4275 -0.002278270948236032
10.43 -0.0020951754546388434
10.4325 -0.0019243849734875526
10.435 -0.0017653166073205231
10.4375 -0.0015745254953409037
10.44 -0.001445930199105975
10.4425 -0.0013260970501843866
10.445 -0.001214612322865578
10.4475 -0.0011110622914441881
10.45 -0.0009873507717285048
10.4525 -0.00090429571812211
10.455 -0.0008270949059670749
10.4575 -0.0007554605053754248
10.46 -0.0006891046864571049
10.4625 -0.0006101391526721807
10.465 -0.0005573316997014952
10.4675 -0.0005083691021158907
10.47 -0.0004630549711322212
10.4725 -0.00042119291796613873
10.475 -0.00037156916867711777
10.4775 -0.0003385123932011549
10.48 -0.00030793842050792406
10.4825 -0.0002797157669494822
10.485 -0.00025371294887907976
10.4875 -0.0002230078359678175
10.49 -0.0002026324718925569
10.4925 -0.00018383380843692385
10.495 -0.00016652543076150464
10.4975 -0.00015062092402723075
10.5 -0.0001319123146401381
10.5025 -0.00011954516761912299
10.505 -0.00010816290020510222
10.5075 -9.770973880133467e-5
10.51 -8.812990981149624e-5
10.5125 -7.690406507144814e-5
10.515 -6.951160250647579e-5
10.5175 -6.272436584787384e-5
10.52 -5.6506993385786306e-5
10.5225 -5.082412341019391e-5
10.525 -4.4190097384084604e-5
10.5275 -3.983801210704443e-5
10.53 -3.5851874283305026e-5
10.5325 -3.220965324822708e-5
10.535 -2.8889318337088607e-5
10.5375 -2.502789819841537e-5
10.54 -2.250427336631282e-5
10.5425 -2.019839282194625e-5
10.545 -1.809676626485588e-5
10.5475 -1.61859033946592e-5
10.55 -1.3972006661640194e-5
10.5525 -1.2530557288729348e-5
10.555 -1.121662138430658e-5
10.5575 -1.0022077870515823e-5
10.56 -8.938805669522751e-6
10.5625 -7.68844736334875e-6
10.565 -6.877398217419082e-6
10.5675 -6.139850640742926e-6
10.57 -5.470997419873862e-6
10.5725 -4.866031341388768e-6
10.575 -4.17036183759032e-6
10.5775 -3.7207973139410425e-6
10.58 -3.3129401849032354e-6
10.5825 -2.9439918837820863e-6
10.585 -2.611153843874003e-6
10.5875 -2.229837523010798e-6
10.59 -1.984334808510295e-6
10.5925 -1.7621316395384901e-6
10.595 -1.5616254705353545e-6
10.5975 -1.3812137559369224e-6
10.6 -1.1752916980415992e-6
10.6025 -1.0432045103545352e-6
10.605 -9.239329289685676e-7
10.6075 -8.165741303553833e-7
10.61 -7.202252909901419e-7
10.6125 -6.106594914845693e-7
10.615 -5.4063914097827e-7
10.6175 -4.775597721260363e-7
10.62 -4.2092096511617766e-7
10.6225 -3.7022230013796147e-7
10.625 -3.127815599303136e-7
10.6275 -2.762081634181075e-7
10.63 -2.4333670897013963e-7
10.6325 -2.138942190285963e-7
10.635 -1.876077160365722e-7
10.6375 -1.5793517744222018e-7
10.64 -1.3911167563345006e-7
10.6425 -1.2223258992520217e-7
10.645 -1.0715140288238896e-7
10.6475 -9.372159706959182e-8
10.65 -7.861741997779819e-8
10.6525 -6.907093960904132e-8
10.655 -6.053026481631672e-8
10.6575 -5.2918014241291155e-8
10.66 -4.6156806525500596e-8
10.6625 -3.8580476895219055e-8
10.665 -3.3809442496160074e-8
10.6675 -2.955087910551937e-8
10.67 -2.5764534417397335e-8
10.6725 -2.2410156126003606e-8
10.675 -1.866512393285203e-8
10.6775 -1.6315400254104186e-8
10.68 -1.4222841899658664e-8
10.6825 -1.2366858962664348e-8
10.685 -1.0726861536300033e-8
10.6875 -8.90257159456867e-9
10.69 -7.762105420924448e-9
10.6925 -6.74879334510679e-9
10.695 -5.8522320074735326e-9
10.6975 -5.062018048407346e-9
10.7 -4.186241467758227e-9
10.7025 -3.640731957421611e-9
10.705 -3.157138317347895e-9
10.7075 -2.7303100706693586e-9
10.71 -2.3550967405094955e-9
10.7125 -1.940716438535565e-9
10.715 -1.6835664441466964e-9
10.7175 -1.4561172589428484e-9
10.72 -1.255852010401231e-9
10.7225 -1.0802538259959987e-9
10.725 -8.870421410389068e-10
10.7275 -7.675657089238474e-10
10.73 -6.621192996638564e-10
10.7325 -5.695028436011443e-10
10.735 -4.885162710803274e-10
10.7375 -3.9971340638713415e-10
10.74 -3.4501530661556184e-10
10.7425 -2.968326580806084e-10
10.745 -2.546159493748439e-10
10.7475 -2.1781566909148533e-10
10.75 -1.7759399713550454e-10
10.7525 -1.5291016598950178e-10
10.755 -1.3120655702122817e-10
10.7575 -1.1223346821413395e-10
10.76 -9.57411975521441e-11
10.7625 -7.780052793106538e-11
10.765 -6.68054293393037e-11
10.7675 -5.7182072682805876e-11
10.77 -4.879179160406052e-11
10.7725 -4.149591974539354e-11
10.775 -3.358603978155978e-11
10.7775 -2.8777102945006278e-11
10.78 -2.4560016205307275e-11
10.7825 -2.0895428890055526e-11
10.785 -1.774399032679423e-11
10.7875 -1.4299350960235076e-11
10.79 -1.2228024413110542e-11
10.7925 -1.0413818972881908e-11
10.795 -8.834812918997608e-12
10.7975 -7.469084530943273e-12
10.8 -5.994779477331707e-12
10.8025 -5.1195322745170394e-12
10.805 -4.36441660202027e-12
10.8075 -3.695463516162364e-12
10.81 -3.078704073273961e-12
10.8125 -2.4862220191644753e-12
10.815 -2.1246974110994388e-12
10.8175 -1.7905013047645458e-12
10.82 -1.5014201686687628e-12
10.8225 -1.2752404713274403e-12
10.825 -1.00473532118328e-12
10.8275 -8.481988573647877e-13
10.83 -7.243667588935533e-13
10.8325 -6.23859575816668e-13
10.835 -5.372978581791152e-13
10.8375 -3.9333671958924243e-13
10.84 -3.404523765471997e-13
10.8425 -2.903286710345746e-13
10.845 -2.464878828641635e-13
10.8475 -2.1245229184818788e-13
10.85 -1.5041800080141246e-13
10.8525 -1.3699942959141431e-13
10.855 -1.2394663170998663e-13
10.8575 -1.04962020378752e-13
10.86 -7.374800881979314e-14
10.8625 -4.498813051086579e-14
10.865 -5.842690616255043e-14
10.8675 -5.697885364922761e-14
10.87 -4.1917112592858817e-14
10.8725 -1.4514822615454857e-14
10.875 -3.664265825393555e-14
10.8775 -1.441608667748581e-14
10.88 -1.2800799612470841e-14
10.8825 -1.7710404371085333e-14
10.885 -1.5058508265512814e-14
10.8875 -4.7736822905576184e-15
10.89 -1.585825747373882e-14
10.8925 -1.1715414743411e-14
10.895 -6.4280360080994575e-15
10.8975 -1.4079003176356112e-14
10.9 -0.0
10.9025 -0.0
10.905 -0.0
10.9075 -0.0
10.91 -0.0
10.9125 -0.0
10.915 -0.0
10.9175 -0.0
10.92 -0.0
10.9225 -0.0
10.925 -0.0
10.9275 -0.0
10.93 -0.0
10.9325 -0.0
10.935 -0.0
10.9375 -0.0
10.94 -0.0
10.9425 -0.0
10.945 -0.0
10.9475 -0.0
10.95 -0.0
10.9525 -0.0
10.955 -0.0
10.9575 -0.0
10.96 -0.0
10.9625 -0.0
10.965 -0.0
10.9675 -0.0
10.97 -0.0
10.9725 -0.0
10.975 -0.0
10.9775 -0.0
10.98 -0.0
10.9825 -0.0
10.985 -0.0
10.9875 -0.0
10.99 -0.0
10.9925 -0.0
10.995 -0.0
10.9975 -0.0
11.0 -0.0
11.0025 -0.0
11.005 -0.0
11.0075 -0.0
11.01 -0.0
11.0125 -0.0
11.015 -0.0
11.0175 -0.0
11.02 -0.0
11.0225 -0.0
11.025 -0.0
11.0275 -0.0
11.03 -0.0
11.0325 -0.0
11.035 -0.0
11.0375 -0.0
11.04 -0.0
11.0425 -0.0
11.045 -0.0
11.0475 -0.0
11.05 -0.0
11.0525 -0.0
11.055 -0.0
11.0575 -0.0
11.06 -0.0
11.0625 -0.0
11.065 -0.0
11.0675 -0.0
11.07 -0.0
11.0725 -0.0
11.075 -0.0
11.0775 -0.0
11.08 -0.0
11.0825 -0.0
11.085 -0.0
11.0875 -0.0
11.09 -0.0
11.0925 -0.0
11.095 -0.0
11.0975 -0.0
11.1 1.2373372336213994e-29
