x y
0.265625 0.28953558521622086
0.246875 0.29175300697978085
0.22187500000000002 0.2929931177145325
0.19687500000000002 0.2922448029478814
0.178125 0.29038334594222354
0.153125 0.2864628963483641
0.134375 0.2819284946321772
0.115625 0.27562232811931175
0.096875 0.2662119955978075
0.084375 0.25555981096411795
0.07762377995001911 0.240625
0.08022312282331209 0.22187500000000002
0.08732444766894087 0.203125
0.09275186490260132 0.184375
0.09624159638042327 0.15937500000000002
0.09840497420031492 0.140625
0.10312500000000001 0.11762581864675428
0.109375 0.10047592109401664
0.1185921620790902 0.084375
0.12887248724789363 0.07187500000000001
0.14278001680652247 0.059375000000000004
0.15937500000000002 0.048033783905090034
0.17323242123751542 0.040625
0.19062500000000002 0.03304148106326979
0.209375 0.026981807671545576
0.234375 0.0220560535759742
0.253125 0.02074961242277563
0.27187500000000003 0.02199262026630412
0.29594850808218814 0.028125
0.309375 0.03466648651087413
0.32455201220498486 0.046875
0.33437500000000003 0.0607437714762804
0.34089944409697204 0.078125
0.34687500000000004 0.10179427033762503
0.353125 0.1205484505078463
0.359375 0.13580312032798147
0.366596933663979 0.153125
0.37299425391952806 0.171875
0.37717065524563403 0.19687500000000002
0.37424257691268453 0.22187500000000002
0.36562500000000003 0.2398485398419631
0.35420008238908957 0.253125
0.340625 0.2637109791156584
0.32587511654464674 0.27187500000000003
0.309375 0.27877018478774346
0.290625 0.2844073210867826
0.265625 0.28953558521622086
0.265625 0.28953558521622086

-0.46653132833938116 0.140625
-0.453125 0.15033772170158313
-0.43615271908492936 0.15937500000000002
-0.421875 0.16650132071216994
-0.403125 0.17442922684656964
-0.384375 0.18096052098536144
-0.36562500000000003 0.1864196217963501
-0.34687500000000004 0.19080651544603788
-0.321875 0.19576358422834475
-0.30312500000000003 0.19846849554981202
-0.278125 0.20070709116605145
-0.253125 0.20089506100717547
-0.22812500000000002 0.19782822538709144
-0.209375 0.1924323312517379
-0.19229042097911628 0.184375
-0.178125 0.17631413538032195
-0.16295742344386097 0.16562500000000002
-0.1481937817561025 0.153125
-0.13757597716990524 0.140625
-0.1298577131694649 0.12187500000000001
-0.1320009228435948 0.096875
-0.140625 0.08340372733476553
-0.15937500000000002 0.07278325777582915
-0.178125 0.06934102671520453
-0.203125 0.07034833868001113
-0.22187500000000002 0.07408599916731987
-0.240625 0.08107146263617697
-0.259375 0.09036034356292343
-0.27211434855794325 0.096875
-0.296875 0.10306127077451466
-0.31562500000000004 0.10354188123036824
-0.33437500000000003 0.10219040622336621
-0.359375 0.10042683864145564
-0.384375 0.09931327655844095
-0.40937500000000004 0.09775664149938709
-0.4343190161407403 0.096875
-0.44094150907591023 0.096875
-0.465625 0.09138641613128862
-0.47831088537751926 0.096875
-0.48088346980185354 0.084375
-0.4985693576841115 0.084375
-0.496875 0.10587572757017816
-0.48650561805442727 0.12187500000000001
-0.4742468693026284 0.134375
-0.46653132833938116 0.140625

-0.07187500000000001 0.01023410494489366
-0.096875 0.01382428356076578
-0.115625 0.017967930764885547
-0.13644858773611648 0.021875000000000002
-0.15937500000000002 0.02527471181785632
-0.178125 0.030768178694734964
-0.203125 0.03364448733350989
-0.22187500000000002 0.03807462640226532
-0.24244999699402311 0.040625
-0.265625 0.044911563403236356
-0.284375 0.04845103383264119
-0.309375 0.051903905776973895
-0.328125 0.05617421952188703
-0.34687500000000004 0.06050883149536262
-0.371875 0.06401267262470073
-0.390625 0.06822180467403656
-0.4140788449191604 0.07187500000000001
-0.434375 0.07507028517949409
-0.45049873104215943 0.078125
-0.446875 0.06590245563523514
-0.42812500000000003 0.06072363099329004
-0.40937500000000004 0.05732703481426697
-0.384375 0.053384548900494405
-0.36562500000000003 0.04826499098418609
-0.3451250288876948 0.046875
-0.321875 0.04154045947143598
-0.30312500000000003 0.035887099653656766
-0.278125 0.03476368379168141
-0.259375 0.029079121478262634
-0.240625 0.026865826648654077
-0.215625 0.022718912596390677
-0.19687500000000002 0.01680333823109842
-0.171875 0.01583892071276306
-0.153125 0.009853272658539792
-0.134375 0.008582484618445255
-0.109375 0.003563687641568792
-0.09062500000000001 -0.0023319417439054985
-0.065625 -0.003111269833433211
-0.046875 -0.008621150311539866
-0.02686775324055902 -0.009375000000000001
-0.003125 -0.014682643192993245
0.015625 -0.02076408168371875
0.040625 -0.021389137060116584
0.059375000000000004 -0.027040587945531276
0.07971062500042614 -0.028125
0.10312500000000001 -0.03326600921342105
0.12187500000000001 -0.03872993769726187
0.146875 -0.04007422385203267
0.16562500000000002 -0.04563975297808155
0.18642569002293585 -0.046875
0.209375 -0.05207095046449993
0.22812500000000002 -0.05616841557429235
0.253125 -0.058985059336577765
0.27187500000000003 -0.0636688803135086
0.2949586033731195 -0.065625
0.31562500000000004 -0.07026034302421406
0.33437500000000003 -0.07337881382942738
0.359375 -0.07733478728815854
0.37812500000000004 -0.08267150191446873
0.4022133286653527 -0.084375
0.421875 -0.08953144244209904
0.434375 -0.09293002724091963
0.41583715881174665 -0.096875
0.40186011361263474 -0.096875
0.37812500000000004 -0.0983666832446988
0.353125 -0.10117555295066975
0.33437500000000003 -0.10383661172930432
0.31562500000000004 -0.11110661275856101
0.305140603183048 -0.12812500000000002
0.31562500000000004 -0.14551019756319664
0.328125 -0.15614407985168713
0.34233955554011497 -0.16562500000000002
0.359375 -0.17509826672204837
0.37812500000000004 -0.18414215598031863
0.3931488590021041 -0.19062500000000002
0.40937500000000004 -0.1968888423792944
0.42812500000000003 -0.20326503467986448
0.4498275659592371 -0.209375
0.47187500000000004 -0.214233517508447
0.49062500000000003 -0.21700417325777638
0.515625 -0.21875413832220386
0.540625 -0.21768996727537226
0.5593750000000001 -0.2144382121112614
0.578125 -0.20795834189153037
0.595063474154461 -0.19687500000000002
0.6063572624743414 -0.184375
0.6156250000000001 -0.16941618933112393
0.6239500576588228 -0.153125
0.6335811707841635 -0.134375
0.640625 -0.11805248782524032
0.6442603697823255 -0.096875
0.639465961061763 -0.078125
0.628125 -0.0644959815432246
0.609375 -0.05428343776725488
0.5906250000000001 -0.0489948296134263
0.571875 -0.04609339574479429
0.546875 -0.04452665411822589
0.5240090788128863 -0.046875
0.509375 -0.05681618061215547
0.509375 -0.07551746708232437
0.5176707677903212 -0.09062500000000001
0.496875 -0.09115036520096079
0.4785490713149015 -0.09062500000000001
0.4713531831067066 -0.084375
0.446875 -0.08033488808364236
0.42812500000000003 -0.07585880689561034
0.403125 -0.07259771164480652
0.384375 -0.06849276694773347
0.36562500000000003 -0.0646657795022819
0.340625 -0.06079818021391879
0.321875 -0.056698798806529255
0.2990261343827562 -0.053125000000000006
0.278125 -0.0497834156041227
0.25902502308727515 -0.046875
0.234375 -0.043033245372483694
0.22187500000000002 -0.04110287534512245
0.203125 -0.037088986240684185
0.184375 -0.03249805502148878
0.15937500000000002 -0.029645878702798834
0.140625 -0.02562826171358098
0.115625 -0.022265737221693616
0.096875 -0.019029224736296552
0.07491915852678951 -0.015625
0.053125000000000006 -0.012334334885125052
0.034375 -0.008038075689681245
0.009375000000000001 -0.005438584886878691
-0.009375000000000001 -0.0005257495227378611
-0.03406560038819826 0.003125
-0.053125000000000006 0.006476233129346073
-0.07187500000000001 0.01023410494489366
-0.07187500000000001 0.01023410494489366

1.221182297776703 -0.12187500000000001
1.2221967511342007 -0.140625
1.2237796674950299 -0.16562500000000002
1.221875 -0.18897055503152357
1.2156250000000002 -0.20843515815651506
1.2076764546282621 -0.22187500000000002
1.1965318391719193 -0.234375
1.1804105434307135 -0.246875
1.1656250000000001 -0.2552525200679615
1.146875 -0.2631377396315622
1.128125 -0.2688995041996247
1.109375 -0.2729750637416965
1.084375 -0.2763844811593853
1.059375 -0.2775602326192282
1.034375 -0.2767319525990255
1.0093750000000001 -0.27356820160418843
0.9906250000000001 -0.2693251318793289
0.971875 -0.2627216408331467
0.9550320456301631 -0.253125
0.943062396839629 -0.240625
0.9377732372383258 -0.22187500000000002
0.9410228215855754 -0.203125
0.9474611806670042 -0.184375
0.9541657090783557 -0.16562500000000002
0.961048123105452 -0.146875
0.9693100708259945 -0.12812500000000002
0.978125 -0.11245925197322282
0.9897669414306031 -0.096875
1.0026667791845536 -0.084375
1.015625 -0.07551325510910263
1.034375 -0.0672122034581252
1.053125 -0.06191629156802658
1.0718750000000001 -0.05838768844790601
1.096875 -0.05530707323483566
1.121875 -0.05363647532001034
1.146875 -0.05323295414026061
1.171875 -0.05446050094791946
1.1968750000000001 -0.05845305663374581
1.2143545243174274 -0.065625
1.2231255051175758 -0.078125
1.2220591202904114 -0.10312500000000001
1.221182297776703 -0.12187500000000001
1.221182297776703 -0.12187500000000001

0.6988376796109179 0.171875
0.6868202999522806 0.15937500000000002
0.6781250000000001 0.14485044319602958
0.6725931665252198 0.12187500000000001
0.674372315070893 0.096875
0.6782975955544731 0.078125
0.6843750000000001 0.055214790740396404
0.690625 0.035494938594787064
0.696875 0.020049484386450538
0.7069440773287567 0.003125
0.7198120581295572 -0.009375000000000001
0.734375 -0.017576387942947497
0.753125 -0.024113941035139055
0.7718750000000001 -0.028417783536030743
0.796875 -0.03200137993678591
0.821875 -0.034135411199267
0.8406250000000001 -0.034802825318403854
0.8656250000000001 -0.0345011725619866
0.884375 -0.03313837404868679
0.909375 -0.02923950691955983
0.9281250000000001 -0.02343147782785439
0.9421780411407891 -0.015625
0.9535477746713199 -0.003125
0.9591567026205365 0.021875000000000002
0.953125 0.045387405226774244
0.9462669381213905 0.059375000000000004
0.9347272250760063 0.078125
0.9262211251996267 0.09062500000000001
0.915625 0.10550278945961294
0.9032491156288068 0.12187500000000001
0.893067104119029 0.134375
0.8817665877330404 0.146875
0.8685794215472197 0.15937500000000002
0.853125 0.17120545214559152
0.8406250000000001 0.17872058228595605
0.821875 0.18713866333954748
0.8031250000000001 0.19259130756068865
0.7781250000000001 0.19589255432317335
0.753125 0.19484984718906712
0.7339480872014084 0.19062500000000002
0.7156250000000001 0.18317870554858462
0.6988376796109179 0.171875
0.6988376796109179 0.171875

-0.47110803307870014 0.078125
-0.45971562584503806 0.078125
-0.47110803307870014 0.078125

0.4719679705497815 -0.096875
0.4719679705497815 -0.096875
0.4719679705497815 -0.096875

-0.02765051792978836 0.015625
-0.02765051792978836 0.015625
-0.02765051792978836 0.015625

0.45937500000000003 -0.09795471593778726
0.45937500000000003 -0.09621238161464701
0.45937500000000003 -0.09795471593778726

0.48716417085929686 -0.078125
0.48716417085929686 -0.078125
0.48716417085929686 -0.078125

0.6068543582153099 -0.171875
0.595900491685556 -0.184375
0.5781540019047671 -0.19687500000000002
0.5626688088387568 -0.203125
0.540625 -0.2080093207655819
0.521875 -0.20938436331234836
0.503125 -0.20909567556968733
0.478125 -0.20639931120839622
0.45937500000000003 -0.20252287340765537
0.4391426396499191 -0.19687500000000002
0.4212393417818836 -0.19062500000000002
0.403125 -0.18308019162715009
0.384375 -0.1737746492384379
0.3703585072701871 -0.16562500000000002
0.35313743499468214 -0.153125
0.34158208563448383 -0.140625
0.3402029564709724 -0.12187500000000001
0.353125 -0.11293128151196581
0.371875 -0.10674207539714356
0.39566904535457686 -0.10312500000000001
0.415625 -0.10065141368420442
0.44051820677741 -0.096875
0.421875 -0.08917153294973133
0.403125 -0.08426191919574884
0.37812500000000004 -0.08184493912504756
0.359375 -0.07705317145706694
0.3348406313959124 -0.07187500000000001
0.31562500000000004 -0.06975414967590991
0.2966054158053765 -0.065625
0.27187500000000003 -0.06291253326050257
0.253125 -0.05871825805537242
0.22812500000000002 -0.054807037509963796
0.209375 -0.051690268820515396
0.1901962410136842 -0.046875
0.16562500000000002 -0.045116794061376614
0.146875 -0.039836695392396114
0.12187500000000001 -0.03767604334367763
0.10312500000000001 -0.03294970119644345
0.08223934845448617 -0.028125
0.059375000000000004 -0.026542100896212947
0.040625 -0.02117868438174216
0.015625 -0.019637154675839548
-0.003125 -0.014368125934028043
-0.025651570147536072 -0.009375000000000001
-0.046875 -0.008103319833745485
-0.065625 -0.0029425722952923666
-0.09062500000000001 -0.0011883720158227182
-0.109375 0.0038225435156446215
-0.13314611941961485 0.009375000000000001
-0.153125 0.010237990962869007
-0.171875 0.016017096376878478
-0.19687500000000002 0.01758641921767462
-0.215625 0.022966547143568997
-0.2393503564027883 0.028125
-0.259375 0.02942620578957156
-0.278125 0.03491638041161555
-0.30312500000000003 0.036519257569523865
-0.321875 0.041740149179656086
-0.3440838774502011 0.046875
-0.36562500000000003 0.04853432682820808
-0.384375 0.053472523281892705
-0.40937500000000004 0.05774740597252183
-0.42812500000000003 0.06081096070791916
-0.446875 0.06594002056445253
-0.45014326299738266 0.078125
-0.434375 0.07503677436683494
-0.41419262405617063 0.07187500000000001
-0.390625 0.06816561535336976
-0.371875 0.06393841354968773
-0.34687500000000004 0.06039521618245516
-0.328125 0.056089963194615844
-0.309375 0.051818881264548776
-0.284375 0.048336724240561076
-0.265625 0.044822559038476456
-0.24264929080686037 0.040625
-0.22187500000000002 0.03797494131578803
-0.203125 0.03350414977256163
-0.178125 0.030651739589487283
-0.15937500000000002 0.025165323123031876
-0.1370942960016331 0.021875000000000002
-0.115625 0.017868002037633432
-0.096875 0.013700105945666436
-0.07187500000000001 0.010088785963402078
-0.053125000000000006 0.006384570012755157
-0.034375 0.0030793125622900824
-0.009375000000000001 -0.0006217080623869575
0.009375000000000001 -0.005539261669360935
0.034375 -0.008187540914944736
0.053125000000000006 -0.012427437593922222
0.07462131729504068 -0.015625
0.096875 -0.01914708173068893
0.115625 -0.0224292200390175
0.140625 -0.025790310386385917
0.15937500000000002 -0.02981601636134445
0.184375 -0.03274837456675835
0.203125 -0.037292282116653676
0.22187500000000002 -0.04142435344846738
0.234375 -0.04327111626540265
0.2585286107541836 -0.046875
0.278125 -0.04998243816992216
0.29852717063807055 -0.053125000000000006
0.321875 -0.05686928878927959
0.340625 -0.06095204930887352
0.36562500000000003 -0.06487846099121465
0.384375 -0.06859464137673538
0.403125 -0.0727464158615081
0.42812500000000003 -0.07595538475557276
0.446875 -0.08040064336968553
0.47118499323995505 -0.084375
0.4785629026392542 -0.09062500000000001
0.496875 -0.09120410650020475
0.5181595055500147 -0.09062500000000001
0.509375 -0.07481778532235182
0.5098746932169299 -0.059375000000000004
0.5281250000000001 -0.048069607497940155
0.546875 -0.04668970937552365
0.565625 -0.04755579144704089
0.5906250000000001 -0.051460787134917876
0.609375 -0.05737742933809761
0.6239565879775452 -0.065625
0.6352809594882356 -0.078125
0.6408583595563108 -0.096875
0.638145141397379 -0.115625
0.6297631121698687 -0.134375
0.6218750000000001 -0.14837279517497773
0.6112151810294346 -0.16562500000000002
0.6068543582153099 -0.171875

0.265625 0.2856810829548109
0.240625 0.2885018129158976
0.215625 0.28914552953584666
0.19062500000000002 0.287898426632435
0.16562500000000002 0.28445613690058047
0.146875 0.28066738631657034
0.12812500000000002 0.2751408593332674
0.109375 0.26716861824626525
0.096875 0.2592368611037375
0.084375 0.24336532723016704
0.0839063908888483 0.22187500000000002
0.08980255537769138 0.203125
0.09462293078845296 0.184375
0.09726706906498327 0.16562500000000002
0.10020774307652142 0.140625
0.10410681361045529 0.12187500000000001
0.11087075106689923 0.10312500000000001
0.12187500000000001 0.08468877948369884
0.1332242644179883 0.07187500000000001
0.146875 0.06037682903842957
0.15937500000000002 0.05213137518189568
0.178125 0.04243482378014289
0.19687500000000002 0.03526720015609421
0.215625 0.03019273726757765
0.234375 0.027307272890489117
0.259375 0.026937858520532758
0.278125 0.029770903211826627
0.296875 0.03610858705361762
0.3143115369356573 0.046875
0.32616254977883874 0.059375000000000004
0.33437500000000003 0.07438497517325277
0.340625 0.09272483099496762
0.34687500000000004 0.11140228494399788
0.3536342409827279 0.12812500000000002
0.3618191602898085 0.146875
0.3688375012637798 0.16562500000000002
0.3732802139697169 0.184375
0.3734830648988246 0.209375
0.36773020539757373 0.22812500000000002
0.359375 0.24128137528420632
0.34687500000000004 0.25380470398526117
0.3289406507660725 0.265625
0.31562500000000004 0.27195106733745045
0.296875 0.27864035458800174
0.27262735781870984 0.284375
0.265625 0.2856810829548109

-0.46632460048710445 0.140625
-0.453125 0.15003003984992924
-0.4351105527855356 0.15937500000000002
-0.42158726730408747 0.16562500000000002
-0.403125 0.17306243986882677
-0.384375 0.17907276944423317
-0.36346865877032775 0.184375
-0.340625 0.18920134199865937
-0.321875 0.19201966154436734
-0.296875 0.1945410079877395
-0.27187500000000003 0.19538170527382293
-0.246875 0.19424294234760123
-0.2254374195805739 0.19062500000000002
-0.20449285108130255 0.184375
-0.18999305089772556 0.178125
-0.171875 0.16811336557664688
-0.15937500000000002 0.15924022773002736
-0.1457578868850085 0.146875
-0.134375 0.12852401797559598
-0.13248991619110614 0.109375
-0.14015160949895158 0.09062500000000001
-0.153125 0.08024174255404838
-0.171875 0.07447172621731289
-0.19687500000000002 0.07366532161028816
-0.2203752057206307 0.078125
-0.2377215044090457 0.084375
-0.253125 0.09176399396991451
-0.27187500000000003 0.10061617434610083
-0.290625 0.105112650481689
-0.31562500000000004 0.10555952914229187
-0.340625 0.10358836711837963
-0.359375 0.10188192557211134
-0.384375 0.10012113729227669
-0.40937500000000004 0.09814645340689872
-0.434375 0.09699847105854434
-0.453125 0.09502044348428777
-0.476421347215852 0.096875
-0.48472756924188454 0.09062500000000001
-0.49062500000000003 0.08092294576352674
-0.5011487741414896 0.096875
-0.4910200368635281 0.115625
-0.48084813108346236 0.12812500000000002
-0.46632460048710445 0.140625
-0.46632460048710445 0.140625

0.9827594809961973 -0.115625
0.971875 -0.13407311063765276
0.9656250000000001 -0.14828972999964177
0.9593750000000001 -0.16587809071648865
0.953125 -0.18652430873841513
0.9485329971708141 -0.209375
0.953125 -0.23071897718885506
0.9656250000000001 -0.2442247892095746
0.9816044538874142 -0.253125
0.9999159687803502 -0.259375
1.021875 -0.2639102426448357
1.0406250000000001 -0.2657969726448613
1.065625 -0.2662275514093104
1.084375 -0.26500050300554534
1.109375 -0.261294510122646
1.128125 -0.256705089169096
1.146875 -0.2502141619163017
1.1656250000000001 -0.24112406116701152
1.178125 -0.23301085081313233
1.1908369212299488 -0.22187500000000002
1.203125 -0.20543021531719582
1.2094953695120156 -0.19062500000000002
1.2131475593624814 -0.16562500000000002
1.2112868549273852 -0.140625
1.2085168911581152 -0.12187500000000001
1.2041455522151916 -0.096875
1.1968750000000001 -0.08134580289262325
1.184375 -0.07165504829797513
1.1656250000000001 -0.06552796700822801
1.140625 -0.06233345355787875
1.115625 -0.06186299393305961
1.090625 -0.0633552982981413
1.0718750000000001 -0.06579047108854054
1.046875 -0.07123231014161656
1.028125 -0.07793887966497971
1.015625 -0.08440329318810133
0.9990187766323103 -0.096875
0.9874320720895801 -0.109375
0.9827594809961973 -0.115625

0.7030485485168796 0.028125
0.7093750000000001 0.015218194760297728
0.721875 -0.0006196134796365368
0.734375 -0.00992761542030343
0.753125 -0.018181683518126525
0.7718750000000001 -0.023310211572203202
0.796875 -0.027501885588940483
0.815625 -0.029270072129812762
0.8406250000000001 -0.030159061367210936
0.8656250000000001 -0.029341815078448612
0.884375 -0.027274101819246974
0.908092273204121 -0.021875000000000002
0.9227589534116878 -0.015625
0.9379278616663621 -0.003125
0.9456287784182321 0.015625
0.9418809878687501 0.040625
0.9343750000000001 0.056338317505727355
0.9246342354553939 0.07187500000000001
0.915625 0.08448240316836006
0.9031250000000001 0.10062696270570816
0.890625 0.11547153976224925
0.8789037761734781 0.12812500000000002
0.8657473018326 0.140625
0.853125 0.15079980043440053
0.840131490463179 0.15937500000000002
0.821875 0.16859555764066655
0.8031250000000001 0.17492957408802634
0.784375 0.17844238430721038
0.759375 0.178992827516529
0.7406250000000001 0.17600211708212393
0.721875 0.16925585378531763
0.7064286258326117 0.15937500000000002
0.6947661953512272 0.146875
0.6862777628014444 0.12812500000000002
0.6848012105409634 0.10312500000000001
0.6887420757153319 0.078125
0.6930977615051253 0.059375000000000004
0.6984853083873116 0.040625
0.7030485485168796 0.028125

-0.4710959853648359 0.078125
-0.4597286103461188 0.078125
-0.4710959853648359 0.078125

0.4723915002272084 -0.096875
0.4723915002272084 -0.096875
0.4723915002272084 -0.096875

0.45937500000000003 -0.09863793719944777
0.45937500000000003 -0.09579309080546611
0.45937500000000003 -0.09863793719944777

0.48731296897846754 -0.078125
0.48731296897846754 -0.078125
0.48731296897846754 -0.078125

1.1270477371888834 -0.246875
1.1438678493892407 -0.240625
1.159375 -0.23286013572822387
1.175102465851259 -0.22187500000000002
1.1874204123001533 -0.209375
1.1968750000000001 -0.19391324391308962
1.2028230138708105 -0.171875
1.203125 -0.15776665417303673
1.1998807993008345 -0.134375
1.1949270202565623 -0.115625
1.1868826531220877 -0.096875
1.1756182350129667 -0.084375
1.159375 -0.0761191644169875
1.140625 -0.0716693060808737
1.115625 -0.06966473140516824
1.090625 -0.07047756916148448
1.0718750000000001 -0.07273429648103508
1.0477917019736425 -0.078125
1.0305822224486207 -0.084375
1.015625 -0.09222871534034044
1.0013388304587247 -0.10312500000000001
0.9895765925126216 -0.115625
0.978125 -0.13282709402814233
0.9714044235436778 -0.146875
0.9648136440990246 -0.16562500000000002
0.9593750000000001 -0.1874691202629403
0.9577172776893789 -0.209375
0.9652940440181285 -0.22812500000000002
0.978125 -0.23928303571560441
0.9937117557059281 -0.246875
1.015625 -0.25310757026239034
1.034375 -0.25601976741972277
1.059375 -0.25720186039572646
1.084375 -0.25577069100250593
1.1031250000000001 -0.25290099703307145
1.1270477371888834 -0.246875
1.1270477371888834 -0.246875

-0.4661178726348277 0.140625
-0.453125 0.14972235799827532
-0.434375 0.15925380531773006
-0.41963145382681394 0.16562500000000002
-0.40266448410355815 0.171875
-0.38140479823906187 0.178125
-0.359375 0.18329229766078167
-0.340625 0.18653404591366943
-0.31562500000000004 0.18935087898757738
-0.2906748963037286 0.19062500000000002
-0.27187500000000003 0.19064698968786065
-0.253125 0.18970581040927947
-0.22812500000000002 0.1862638868788546
-0.209375 0.18150409183702307
-0.19062500000000002 0.17435242718576452
-0.17411826144040646 0.16562500000000002
-0.15937500000000002 0.15576107039963233
-0.146875 0.14415598122521023
-0.1371921551307041 0.12812500000000002
-0.13751488628038028 0.10312500000000001
-0.146875 0.08950391180554282
-0.16562500000000002 0.07985358868992186
-0.184375 0.07703471640874517
-0.203125 0.07822939660224335
-0.2280791564261814 0.084375
-0.24235379400129028 0.09062500000000001
-0.259375 0.09901343430639611
-0.278125 0.10584746291640744
-0.30312500000000003 0.10821499316555282
-0.328125 0.10627759210939758
-0.353125 0.10387470382473239
-0.371875 0.10172822569945818
-0.39687500000000003 0.0998400786314183
-0.421875 0.09849723992818132
-0.44274004757265795 0.096875
-0.465625 0.09143994123969804
-0.4783146510506387 0.096875
-0.48089095901546786 0.084375
-0.49856723080498333 0.084375
-0.496875 0.10585580009837127
-0.4864482526551536 0.12187500000000001
-0.47401329889597066 0.134375
-0.4661178726348277 0.140625

-0.23688133314261098 0.028125
-0.259375 0.02977329010088049
-0.278125 0.03506907703154969
-0.30312500000000003 0.03715141548539097
-0.321875 0.04193983888787618
-0.34304272601270736 0.046875
-0.36562500000000003 0.048803662672230075
-0.384375 0.053560497663291
-0.40937500000000004 0.05816777713077668
-0.42812500000000003 0.060898290422548275
-0.446875 0.0659775854936699
-0.44978779495260596 0.078125
-0.434375 0.07500326355417579
-0.4143064031931809 0.07187500000000001
-0.390625 0.06810942603270298
-0.371875 0.06386415447467471
-0.34687500000000004 0.060281600869547695
-0.328125 0.05600570686734465
-0.309375 0.05173385675212366
-0.284375 0.04822241464848097
-0.265625 0.044733554673716557
-0.24284858461969766 0.040625
-0.22187500000000002 0.03787525622931074
-0.203125 0.03336381221161337
-0.178125 0.030535300484239594
-0.15937500000000002 0.02505593442820743
-0.1377400042671497 0.021875000000000002
-0.115625 0.017768073310381313
-0.096875 0.013575928330567092
-0.07187500000000001 0.009943466981910497
-0.053125000000000006 0.006292906896164241
-0.034375 0.002841910218453688
-0.009375000000000001 -0.0007176666020360534
0.009375000000000001 -0.00563993845184318
0.034375 -0.008337006140208231
0.053125000000000006 -0.01252054030271939
0.07432347606329183 -0.015625
0.096875 -0.019264938725081303
0.115625 -0.022592702856341386
0.140625 -0.025952359059190855
0.15937500000000002 -0.02998615401989007
0.184375 -0.032998694112027924
0.203125 -0.03749557799262316
0.22187500000000002 -0.041745831551812315
0.246875 -0.04515883121934811
0.265625 -0.04818345321965997
0.290625 -0.052691474349016505
0.309375 -0.055345243119186184
0.33057999272529653 -0.059375000000000004
0.353125 -0.06267805272368797
0.371875 -0.06737731420180185
0.39687500000000003 -0.07042877214502251
0.415625 -0.07465346791353553
0.4358742493095261 -0.078125
0.45937500000000003 -0.08229377099605609
0.47617077287201426 -0.09062500000000001
0.49062500000000003 -0.0861017340776357
0.509375 -0.0965841764704174
0.515625 -0.08168602489189523
0.5078665440903017 -0.065625
0.5197814434165772 -0.053125000000000006
0.540625 -0.04861930318760841
0.565625 -0.04946126702951129
0.5874603767589638 -0.053125000000000006
0.6070154524432108 -0.059375000000000004
0.6218750000000001 -0.06812460305741941
0.634375 -0.08400446400119004
0.637507443300461 -0.10312500000000001
0.6324132390774708 -0.12187500000000001
0.622206657270138 -0.140625
0.6140437979023539 -0.153125
0.603125 -0.16777325149521546
0.5906250000000001 -0.18012551650781666
0.5737595194437258 -0.19062500000000002
0.5570457167739804 -0.19687500000000002
0.534375 -0.20138745305924582
0.509375 -0.20239703109305957
0.484375 -0.20037068283093556
0.465625 -0.19673211349478267
0.4439280594845819 -0.19062500000000002
0.42714658259598015 -0.184375
0.40937500000000004 -0.17617756775680188
0.3911255395225727 -0.16562500000000002
0.37812500000000004 -0.1558886651308864
0.36562500000000003 -0.14177571985829443
0.36562500000000003 -0.12433646557434791
0.37812500000000004 -0.11485388410166149
0.39687500000000003 -0.10860905295685466
0.421875 -0.1041709797215656
0.44062500000000004 -0.09917694415859094
0.46143077540059896 -0.096875
0.44062500000000004 -0.09119576897510352
0.421875 -0.08881162345736364
0.403125 -0.08409224893709588
0.37812500000000004 -0.08101837633562639
0.359375 -0.07677155562597535
0.33619930589250996 -0.07187500000000001
0.31562500000000004 -0.06924795632760578
0.296875 -0.06542410401980125
0.27187500000000003 -0.06215618620749654
0.253125 -0.05845145677416707
0.22812500000000002 -0.05344565944563524
0.209375 -0.05130958717653086
0.19062500000000002 -0.046630915422025125
0.16562500000000002 -0.04459383514467167
0.146875 -0.039599166932759555
0.12187500000000001 -0.03662214899009339
0.10312500000000001 -0.03263339317946585
0.084375 -0.028092815940249018
0.059375000000000004 -0.026043613846894617
0.040625 -0.020968231703367732
0.015625 -0.018510227667960347
-0.003125 -0.01405360867506284
-0.024435387054513126 -0.009375000000000001
-0.046875 -0.007585489355951105
-0.065625 -0.002773874757151522
-0.09062500000000001 -4.4802287739937816e-5
-0.109375 0.004081399389720451
-0.13159269224356343 0.009375000000000001
-0.153125 0.010622709267198223
-0.171875 0.016195272040993896
-0.19687500000000002 0.018369500204250818
-0.215625 0.023214181690747317
-0.23688133314261098 0.028125
-0.23688133314261098 0.028125

0.7087630351316282 0.140625
0.6993067238804477 0.12187500000000001
0.6975306438479707 0.096875
0.7009185450493355 0.07187500000000001
0.7049960653502141 0.053125000000000006
0.7107064388564324 0.034375
0.7198092662066875 0.015625
0.7300774016896283 0.003125
0.7468750000000001 -0.008550167193811029
0.7644034993073914 -0.015625
0.784375 -0.02048205493418988
0.8031250000000001 -0.023297006848765265
0.828125 -0.02504483621496704
0.853125 -0.024737132205057737
0.878125 -0.022004546262084382
0.8968750000000001 -0.017274257092439783
0.9140442357481231 -0.009375000000000001
0.9270250844767282 0.003125
0.9324817057778692 0.021875000000000002
0.9281250000000001 0.04174394680937214
0.9188476470915544 0.059375000000000004
0.909375 0.07306632179757253
0.8968750000000001 0.08882164501758189
0.884375 0.10300334392746248
0.8720622910487988 0.115625
0.859375 0.12714890793090874
0.846875 0.13691028104671485
0.8311493251631848 0.146875
0.815625 0.15440357768993637
0.796875 0.16052916468961295
0.7718750000000001 0.16401950232299253
0.7468750000000001 0.1619075485496216
0.728125 0.15551711120602085
0.7148910298464487 0.146875
0.7087630351316282 0.140625

0.11693272036742715 0.096875
0.12812500000000002 0.08140083064035344
0.140625 0.06920231623647427
0.15400832889013497 0.059375000000000004
0.171875 0.04923235237178959
0.19062500000000002 0.04145781648576012
0.209375 0.03595340540685567
0.22812500000000002 0.032668142873287245
0.253125 0.031849007109077
0.2718814943771881 0.034375
0.29182493783254543 0.040625
0.309375 0.050706301129342636
0.321875 0.06309902073830087
0.3308435553436825 0.078125
0.3383057260912575 0.096875
0.34568604320663165 0.115625
0.353125 0.13233023345895562
0.35955856671425585 0.146875
0.3665745846558769 0.16562500000000002
0.3713990460582213 0.19062500000000002
0.3688369344717941 0.215625
0.35982408826468576 0.234375
0.34900910710370175 0.246875
0.33437500000000003 0.25815917166099156
0.32082433517800885 0.265625
0.30312500000000003 0.2729662666037201
0.284375 0.27841523325588996
0.259375 0.283197802225697
0.240625 0.2850802593740529
0.215625 0.28579335669829137
0.1915375426457635 0.284375
0.171875 0.28203042201466727
0.15288323042817387 0.278125
0.13142031039938265 0.27187500000000003
0.115625 0.26527165640397343
0.09749195710690466 0.253125
0.08871312755619187 0.240625
0.08873247676583278 0.215625
0.09383809554418862 0.19687500000000002
0.09745641622029176 0.178125
0.1002746987528811 0.153125
0.10315844085601582 0.134375
0.109375 0.1125886242380177
0.11693272036742715 0.096875
0.11693272036742715 0.096875

-0.47108393765097156 0.078125
-0.45974159484719956 0.078125
-0.47108393765097156 0.078125

0.4728150299046353 -0.096875
0.4728150299046353 -0.096875
0.4728150299046353 -0.096875

0.4874617670976382 -0.078125
0.4874617670976382 -0.078125
0.4874617670976382 -0.078125

0.7876272663737598 0.146875
0.765625 0.14852973533230424
0.7468750000000001 0.14553848361874555
0.728125 0.13608226136459212
0.7165282038547858 0.12187500000000001
0.7114812860431637 0.10312500000000001
0.7119095688314322 0.078125
0.7156250000000001 0.0545791133604996
0.7214373258632806 0.034375
0.728125 0.02049373739312317
0.7406250000000001 0.005413795495087014
0.753125 -0.0034432686866989453
0.7718750000000001 -0.011262831334852392
0.790625 -0.0159804762581841
0.815625 -0.0190908724782731
0.8406250000000001 -0.01964642355280147
0.8656250000000001 -0.017387297999470662
0.884375 -0.012995117834954184
0.9031250000000001 -0.004169553253276264
0.9154758705307748 0.009375000000000001
0.9183322117805656 0.028125
0.9120446855678228 0.046875
0.9031250000000001 0.061430133284433905
0.890625 0.07750249368354571
0.8787846597213022 0.09062500000000001
0.8661398259685172 0.10312500000000001
0.853125 0.11446996671881228
0.8406250000000001 0.12385347068453095
0.8232200375843396 0.134375
0.8093750000000001 0.14069849477979787
0.7876272663737598 0.146875
0.7876272663737598 0.146875

-0.46591114478255097 0.140625
-0.453125 0.14941467614662143
-0.434375 0.15884186974470793
-0.41767564034954036 0.16562500000000002
-0.3991549369795239 0.171875
-0.37812500000000004 0.1775364051323898
-0.359375 0.18141146032986932
-0.3366920630391912 0.184375
-0.31562500000000004 0.18635370978130472
-0.290625 0.18716006296465992
-0.265625 0.18646573095257493
-0.24432089495812734 0.184375
-0.22187500000000002 0.18063369253021747
-0.203125 0.1753659616581762
-0.184375 0.167692291245688
-0.16953183311151368 0.15937500000000002
-0.153125 0.1469055906819854
-0.1430877790274333 0.134375
-0.13832794316886077 0.115625
-0.14525097339613446 0.096875
-0.15937500000000002 0.08611682206001321
-0.178125 0.0810598185904747
-0.203125 0.08153418532609291
-0.22187500000000002 0.08584839965460338
-0.240625 0.09356564887753087
-0.259375 0.10276560511047875
-0.278125 0.10878202595356798
-0.296875 0.11040686090830365
-0.3172988005631207 0.109375
-0.340625 0.10631705811291212
-0.36562500000000003 0.10348047894280138
-0.384375 0.10173685875994817
-0.40937500000000004 0.09892607722192195
-0.434375 0.09725530406451689
-0.453125 0.09526912398650546
-0.4763871806263384 0.096875
-0.48472791485184236 0.09062500000000001
-0.49062500000000003 0.08092426473395496
-0.501145800580827 0.096875
-0.4909892808666515 0.115625
-0.48072643220091504 0.12812500000000002
-0.46591114478255097 0.140625
-0.46591114478255097 0.140625

1.1843419311853491 -0.19687500000000002
1.171875 -0.21210624330575273
1.159375 -0.22214028351857923
1.140625 -0.2326082621276518
1.121875 -0.23975330503842232
1.1031250000000001 -0.2446479780469673
1.084375 -0.2476529931468227
1.059375 -0.24919005075514253
1.034375 -0.24775693483762878
1.015625 -0.24447233005578212
0.9968750000000001 -0.23840234634029583
0.9795853661185007 -0.22812500000000002
0.969481795120331 -0.215625
0.9653676666526076 -0.19687500000000002
0.9673508438679383 -0.178125
0.972111961758107 -0.15937500000000002
0.9796640706396332 -0.140625
0.9906250000000001 -0.1229149286878142
1.0029971773543565 -0.109375
1.015625 -0.09951484321158871
1.032068232166852 -0.09062500000000001
1.0492455888706762 -0.084375
1.0718750000000001 -0.07935309487346058
1.090625 -0.07734795154884272
1.115625 -0.07736738879063729
1.1343750000000001 -0.07980662495917308
1.153125 -0.08560806661934273
1.169936084616212 -0.096875
1.1795360071946595 -0.109375
1.1879289233496708 -0.12812500000000002
1.1927141537456614 -0.146875
1.193329453161628 -0.171875
1.1877442144192962 -0.19062500000000002
1.1843419311853491 -0.19687500000000002

-0.23441230988243364 0.028125
-0.259375 0.030120374412189413
-0.278125 0.03522177365148383
-0.30312500000000003 0.03778357340125807
-0.321875 0.042139528596096286
-0.34200157457521363 0.046875
-0.36562500000000003 0.04907299851625207
-0.384375 0.0536484720446893
-0.40937500000000004 0.058588148289031534
-0.42812500000000003 0.06098562013717739
-0.446875 0.06601515042288729
-0.4494323269078292 0.078125
-0.434375 0.07496975274151665
-0.4144201823301911 0.07187500000000001
-0.390625 0.06805323671203618
-0.371875 0.0637898953996617
-0.34687500000000004 0.06016798555664023
-0.328125 0.05592145054007346
-0.309375 0.05164883223969854
-0.284375 0.048108105056400854
-0.265625 0.04464455030895666
-0.24304787843253492 0.040625
-0.22187500000000002 0.037775571142833454
-0.203125 0.03322347465066511
-0.178125 0.030418861378991913
-0.15937500000000002 0.024946545733382987
-0.1383857125326663 0.021875000000000002
-0.115625 0.017668144583129198
-0.096875 0.013451750715467746
-0.07187500000000001 0.009798148000418914
-0.053125000000000006 0.006201243779573324
-0.034375 0.0026045078746172933
-0.009375000000000001 -0.0008136251416851498
0.009375000000000001 -0.005740615234325425
0.034375 -0.008486471365471725
0.053125000000000006 -0.01261364301151656
0.074025634831543 -0.015625
0.096875 -0.01938279571947368
0.115625 -0.02275618567366527
0.140625 -0.026114407731995797
0.15937500000000002 -0.03015629167843569
0.184375 -0.033249013657297495
0.203125 -0.03769887386859264
0.22187500000000002 -0.042067309655157245
0.246875 -0.04537836792025887
0.265625 -0.04850832898150321
0.290625 -0.05293771696130796
0.309375 -0.05553937839826696
0.32991857951267056 -0.059375000000000004
0.353125 -0.06280926604468855
0.371875 -0.06751993394377508
0.39687500000000003 -0.07057038468769174
0.415625 -0.07473619058723321
0.4355967033596345 -0.078125
0.45937500000000003 -0.08237171944498213
0.47611093776674523 -0.09062500000000001
0.49062500000000003 -0.08611202376423227
0.509375 -0.09680320341825462
0.515625 -0.08101027073279138
0.508868352928749 -0.065625
0.521875 -0.053956509212051425
0.540625 -0.050386927058851255
0.565625 -0.0513667426119817
0.584375 -0.05455503818442744
0.603125 -0.06048709249999802
0.6215719749668189 -0.07187500000000001
0.6309304196089768 -0.084375
0.6333570821700765 -0.109375
0.6258621268563985 -0.12812500000000002
0.6156250000000001 -0.1443427427696308
0.6039719879934681 -0.15937500000000002
0.591598245357407 -0.171875
0.578125 -0.18150784624792002
0.5593750000000001 -0.18973743529634518
0.540625 -0.19440545255281558
0.515625 -0.19657795940338682
0.49062500000000003 -0.1953890949531951
0.465625 -0.19071609533492417
0.446875 -0.18509031559089592
0.4298214426236969 -0.178125
0.415625 -0.17078854912379277
0.39857467167288557 -0.15937500000000002
0.3861684129259126 -0.146875
0.382445076663714 -0.12812500000000002
0.3967112531695931 -0.115625
0.41210940693046283 -0.109375
0.434375 -0.10361685005652779
0.453125 -0.10046292053311258
0.453125 -0.09560881165792813
0.434375 -0.09016014497714066
0.40937500000000004 -0.08662528051656519
0.390625 -0.08276172177217919
0.3716311735284982 -0.078125
0.34687500000000004 -0.07519626431074304
0.328125 -0.07076644364509845
0.30312500000000003 -0.06673643513871966
0.284375 -0.06320099210345731
0.265625 -0.05873441978648896
0.240625 -0.055411969955330924
0.22187500000000002 -0.05152250085468792
0.19687500000000002 -0.047103344021097525
0.178125 -0.04426392998829941
0.15791835341982657 -0.040625
0.134375 -0.037633683607568254
0.115625 -0.034006720596543596
0.09062500000000001 -0.030902611180196424
0.07187500000000001 -0.02710388769832952
0.04723326379106265 -0.021875000000000002
0.028125 -0.020477978010291668
0.009375000000000001 -0.015345867656297831
-0.015625 -0.013837888271035527
-0.034375 -0.008280647065894185
-0.059264990817148464 -0.003125
-0.078125 -0.0012511422862359963
-0.096875 0.003659116163245761
-0.12187500000000001 0.00611089850804002
-0.140625 0.011031964484950635
-0.16226805252185775 0.015625
-0.184375 0.01824326072681283
-0.203125 0.022257169734121035
-0.22812500000000002 0.0256560604762914
-0.23441230988243364 0.028125

0.11984104068568234 0.096875
0.12918889903803835 0.084375
0.14206653867934188 0.07187500000000001
0.15937500000000002 0.05967009079679896
0.171875 0.05295836465587732
0.19062500000000002 0.04521726691739005
0.209375 0.03998496774061548
0.234375 0.036473151524318126
0.259375 0.0372930999791964
0.278125 0.0412898630404868
0.296875 0.0490707023738124
0.31124948994305196 0.059375000000000004
0.3220619285751196 0.07187500000000001
0.3320720590858113 0.09062500000000001
0.3401629291326785 0.109375
0.34687500000000004 0.12397127562067936
0.35464876350410546 0.140625
0.3623633311724858 0.15937500000000002
0.367488607055644 0.178125
0.3684217648293606 0.203125
0.36310969577859814 0.22187500000000002
0.353125 0.23749296902723027
0.340625 0.24954329290737737
0.32566839187446084 0.259375
0.309375 0.2672013537502188
0.290625 0.273629602244726
0.2710599553622849 0.278125
0.246875 0.2816626876921968
0.22187500000000002 0.28283272158942746
0.19687500000000002 0.2819198666903235
0.171875 0.27871701183245295
0.153125 0.2748730574583155
0.134375 0.26918982428589255
0.115625 0.2607965561282107
0.10312500000000001 0.2521446707778093
0.09151048179222805 0.234375
0.09305370071824534 0.209375
0.09726052446927978 0.19062500000000002
0.10058712217451296 0.16562500000000002
0.10312500000000001 0.14482208238382027
0.10833537696251071 0.12187500000000001
0.115625 0.10420036343560293
0.11984104068568234 0.096875

-0.47107188993710725 0.078125
-0.4597545793482803 0.078125
-0.47107188993710725 0.078125

0.4732385595820622 -0.096875
0.4732385595820622 -0.096875
0.4732385595820622 -0.096875

0.48761056521680896 -0.078125
0.48761056521680896 -0.078125
0.48761056521680896 -0.078125

-0.46570441693027426 0.140625
-0.453125 0.14910699429496754
-0.434375 0.15842993417168577
-0.4157198268722668 0.16562500000000002
-0.39687500000000003 0.17156147634301838
-0.37812500000000004 0.17622888292527258
-0.359375 0.17953062299895695
-0.33437500000000003 0.18246610398024507
-0.309375 0.18372889917680418
-0.284375 0.1836742010264719
-0.259375 0.18231421407975737
-0.234375 0.17918957836775934
-0.215625 0.17534513348313469
-0.19687500000000002 0.1695182748372432
-0.178125 0.16110803214294603
-0.16509653544177966 0.153125
-0.15093349046604373 0.140625
-0.14179205245447368 0.12187500000000001
-0.146875 0.1009377899317355
-0.15937500000000002 0.09018177422429631
-0.17933485912299235 0.084375
-0.1994261912083502 0.084375
-0.22187500000000002 0.08925672338759082
-0.239808597806981 0.096875
-0.253125 0.10340510822784162
-0.27187500000000003 0.11014834181714962
-0.296875 0.11238468725377476
-0.321875 0.11036006546094528
-0.340625 0.10768140361017836
-0.36562500000000003 0.10430072520238558
-0.384375 0.10254471949378392
-0.40937500000000004 0.09931588912943358
-0.434375 0.09738372056750318
-0.453125 0.0953934642376143
-0.4763700973315816 0.096875
-0.48472808765682124 0.09062500000000001
-0.49062500000000003 0.08092492421916908
-0.5011443138004957 0.096875
-0.49097390286821324 0.115625
-0.4806655827596414 0.12812500000000002
-0.46570441693027426 0.140625
-0.46570441693027426 0.140625

-0.234375 0.0282916886786731
-0.259375 0.03046745872349834
-0.278125 0.03537447027141797
-0.30312500000000003 0.038415731317125175
-0.321875 0.04233921830431638
-0.34096042313771985 0.046875
-0.36562500000000003 0.04934233436027406
-0.384375 0.053736446426087596
-0.40937500000000004 0.059008519447286384
-0.42812500000000003 0.061072949851806516
-0.446875 0.06605271535210466
-0.44907685886305243 0.078125
-0.434375 0.0749362419288575
-0.41453396146720134 0.07187500000000001
-0.390625 0.06799704739136939
-0.371875 0.0637156363246487
-0.34687500000000004 0.060054370243732766
-0.328125 0.05583719421280227
-0.309375 0.05156380772727342
-0.284375 0.04799379546432074
-0.265625 0.04455554594419676
-0.24324717224537218 0.040625
-0.22187500000000002 0.03767588605635617
-0.203125 0.03308313708971685
-0.178125 0.030302422273744224
-0.15937500000000002 0.02483715703855854
-0.13903142079818287 0.021875000000000002
-0.115625 0.017568215855877083
-0.096875 0.013327573100368402
-0.07187500000000001 0.009652829018927334
-0.053125000000000006 0.006109580662982407
-0.034375 0.0023671055307808997
-0.009375000000000001 -0.0009095836813342462
0.009375000000000001 -0.0058412920168076695
0.034375 -0.008635936590735216
0.053125000000000006 -0.012706745720313729
0.07372779359979416 -0.015625
0.096875 -0.019500652713866057
0.115625 -0.022919668490989156
0.140625 -0.026276456404800735
0.15937500000000002 -0.030326429336981306
0.184375 -0.033499333202567066
0.203125 -0.03790216974456213
0.22187500000000002 -0.042388787758502175
0.246875 -0.04559790462116964
0.265625 -0.048833204743346445
0.290503437732934 -0.053125000000000006
0.2970302794040135 -0.053125000000000006
0.321875 -0.05738075873753061
0.340625 -0.0614136565937377
0.36562500000000003 -0.0655165054580129
0.384375 -0.06890026466374108
0.403125 -0.07319252851161279
0.42812500000000003 -0.07624511833546004
0.446875 -0.08059790922781501
0.47068042363970053 -0.084375
0.47860439661231224 -0.09062500000000001
0.496875 -0.09136533039793662
0.5104835594582798 -0.096875
0.515625 -0.08033451657368752
0.509375 -0.06744199092325774
0.521875 -0.055666324615439036
0.540625 -0.0521545509300941
0.5643186526857435 -0.053125000000000006
0.584375 -0.05664874779542089
0.603125 -0.06316226624552662
0.6171287043259813 -0.07187500000000001
0.628125 -0.08629933311831968
0.6301834223380356 -0.109375
0.6223299850588159 -0.12812500000000002
0.6140494906273083 -0.140625
0.603125 -0.15422812250213028
0.5906250000000001 -0.16648512847273889
0.5731502233472526 -0.178125
0.558424360547151 -0.184375
0.534375 -0.19006975981456728
0.515625 -0.19163847235030332
0.4932178790488697 -0.19062500000000002
0.47187500000000004 -0.18718007159925523
0.453125 -0.1816837418468641
0.434375 -0.17370643504310718
0.42021864440382917 -0.16562500000000002
0.4047368333755625 -0.153125
0.39645842597186326 -0.140625
0.40155952832807007 -0.12187500000000001
0.415625 -0.11329814479829176
0.434375 -0.10620212171682789
0.453125 -0.10159287638815656
0.453125 -0.0952100467138586
0.434375 -0.09002018186396876
0.40937500000000004 -0.08551574318831118
0.390625 -0.0824778650819947
0.371875 -0.07794139493527522
0.34687500000000004 -0.0746467783777667
0.328125 -0.07051493361952926
0.30312500000000003 -0.06572717180676105
0.284375 -0.06282113901246629
0.265625 -0.05833968416003154
0.240625 -0.05481968780673565
0.22187500000000002 -0.05121173421771811
0.1981326232538463 -0.046875
0.178125 -0.04388777132419356
0.1592225439402352 -0.040625
0.134375 -0.0371603544432907
0.115625 -0.03382761955199484
0.09062500000000001 -0.03015679374854208
0.07187500000000001 -0.026885642450317736
0.04850029302320431 -0.021875000000000002
0.028125 -0.02015003836910234
0.009375000000000001 -0.015180467517616644
-0.015625 -0.013252763504897219
-0.034375 -0.008067022663201785
-0.05759271470391205 -0.003125
-0.078125 -0.0008981748059204526
-0.096875 0.0038332216881040793
-0.12187500000000001 0.006750582636274309
-0.140625 0.011285721736811404
-0.16080369461555916 0.015625
-0.184375 0.01863219670220554
-0.203125 0.022418684117146242
-0.22812500000000002 0.026312156396770425
-0.234375 0.0282916886786731

0.8974052251472426 0.046875
0.8893199857496964 0.059375000000000004
0.878125 0.07296673310502758
0.8656250000000001 0.08577173685507944
0.853125 0.09689214286948226
0.8364225819219393 0.109375
0.821875 0.11814307157017054
0.8031250000000001 0.12632694487066096
0.784375 0.13084438360459807
0.759375 0.13012642807909916
0.7413718028913238 0.12187500000000001
0.7313661819872932 0.109375
0.7262082184257285 0.09062500000000001
0.7262590310443945 0.065625
0.7293436790423542 0.046875
0.7359908735303458 0.028125
0.7468750000000001 0.012634343751919859
0.759375 0.0025521904644437926
0.7781250000000001 -0.005904895427092066
0.796875 -0.01067889046402986
0.821875 -0.013421583728486857
0.846875 -0.012857256976506073
0.8680646685008429 -0.009375000000000001
0.8847622922447675 -0.003125
0.8994358368895788 0.009375000000000001
0.9038403810614059 0.028125
0.8974052251472426 0.046875
0.8974052251472426 0.046875

1.128125 -0.22944945333759284
1.109375 -0.2355581965245263
1.084375 -0.24032599480724026
1.065625 -0.2418095841121546
1.0406250000000001 -0.24095963253302763
1.021875 -0.23795902566644467
1.003125 -0.23197965876234952
0.9864416492267839 -0.22187500000000002
0.9766752491818169 -0.209375
0.9727745266673676 -0.184375
0.9775812181086411 -0.15937500000000002
0.984375 -0.14252666283553064
0.9932545487133438 -0.12812500000000002
1.0043834671992617 -0.115625
1.0208336403321598 -0.10312500000000001
1.034375 -0.09608053396822797
1.053125 -0.08956092405763283
1.078125 -0.08492820650676386
1.096875 -0.08388799786447615
1.115625 -0.08497730329986597
1.1395621059163803 -0.09062500000000001
1.153125 -0.09744606501594383
1.166406687144209 -0.109375
1.1777366923867654 -0.12812500000000002
1.1836371363546014 -0.146875
1.184924613657013 -0.16562500000000002
1.1805587839577572 -0.184375
1.171875 -0.1990286800781816
1.159375 -0.21167049654229325
1.1441691076985439 -0.22187500000000002
1.128125 -0.22944945333759284
1.128125 -0.22944945333759284

0.31916697481744105 0.259375
0.33437500000000003 0.2502887975837159
0.34687500000000004 0.23962185780902556
0.359375 0.22243241151669588
0.36562500000000003 0.20318055502355442
0.36607270897973265 0.184375
0.3622924968964388 0.16562500000000002
0.3552963620176923 0.146875
0.34687500000000004 0.12898854137766994
0.3402999451556884 0.115625
0.33132097053919646 0.096875
0.321875 0.0793563913788492
0.31084923804636344 0.065625
0.296875 0.05477653497813927
0.27967868928992745 0.046875
0.259375 0.041883419039438784
0.240625 0.04052876032977873
0.22187500000000002 0.04163754354653236
0.19692023119472638 0.046875
0.1793178385845275 0.053125000000000006
0.16562500000000002 0.05961439331963785
0.146875 0.0716425864945804
0.134375 0.08264507337778063
0.12275482832126493 0.096875
0.11555430580569998 0.109375
0.10850355164828625 0.12812500000000002
0.10364406656685167 0.153125
0.10160301974167771 0.171875
0.09807851428645553 0.19687500000000002
0.0946176542219484 0.215625
0.096875 0.23688231643766025
0.109375 0.2521307889038392
0.12187500000000001 0.2600209056919658
0.140625 0.26792436627877286
0.15937500000000002 0.2732304496135256
0.184375 0.2776827593902032
0.203125 0.27953778997247747
0.22812500000000002 0.28001241809779215
0.2528572590308513 0.278125
0.27187500000000003 0.27526591625631935
0.290625 0.2706210073578344
0.309375 0.2639867555749186
0.31916697481744105 0.259375

-0.47105984222324293 0.078125
-0.459767563849361 0.078125
-0.47105984222324293 0.078125

0.47366208925948905 -0.096875
0.47366208925948905 -0.096875
0.47366208925948905 -0.096875

0.48775936333597963 -0.078125
0.48775936333597963 -0.078125
0.48775936333597963 -0.078125

1.0145330419743888 -0.22812500000000002
1.034375 -0.23309883116356409
1.053125 -0.2349701747516291
1.0763009133931263 -0.234375
1.096875 -0.23142850675788457
1.115625 -0.22641962417222783
1.1343750000000001 -0.21864614449737818
1.1494571118007058 -0.209375
1.1628749004504728 -0.19687500000000002
1.171875 -0.1823262750592341
1.1763625198610301 -0.15937500000000002
1.171875 -0.13745113429754935
1.1638611730957635 -0.12187500000000001
1.152897155839241 -0.109375
1.1343750000000001 -0.0979410114936977
1.115625 -0.09251127180447191
1.096875 -0.09057664925894127
1.078125 -0.09117393105238784
1.053125 -0.09565724015336605
1.034375 -0.10236086865331442
1.021387838829585 -0.109375
1.0056786910308284 -0.12187500000000001
0.9951881577071193 -0.134375
0.9853524029795747 -0.153125
0.9803969384890333 -0.171875
0.9810237635919353 -0.19687500000000002
0.9906250000000001 -0.21385007346984883
1.003125 -0.22313126844155026
1.0145330419743888 -0.22812500000000002

0.36387036451026167 0.19687500000000002
0.3618489720764526 0.171875
0.3558440163158762 0.153125
0.3472794588746947 0.134375
0.340625 0.12129457374375922
0.33120969179554033 0.10312500000000001
0.321875 0.08633301812512292
0.3108976856512388 0.07187500000000001
0.296875 0.06012199797012933
0.28357585633352944 0.053125000000000006
0.26299534302345556 0.046875
0.240625 0.04438946352808965
0.215625 0.04616824871518199
0.19687500000000002 0.05024957258954848
0.178125 0.05688634169825941
0.1609203815709348 0.065625
0.146875 0.07506514296557842
0.134375 0.08637084150836419
0.12187500000000001 0.10253973096867297
0.11503460358326226 0.115625
0.10876894525197571 0.134375
0.10454751945603635 0.15937500000000002
0.10263893256381304 0.178125
0.09912176571655155 0.203125
0.09798404738828558 0.22812500000000002
0.10889243251180786 0.246875
0.12187500000000001 0.25624958064431347
0.140625 0.2647084927351936
0.15937500000000002 0.2703650252719658
0.178125 0.2741877291931899
0.203125 0.276955912392623
0.22812500000000002 0.27742053841656356
0.253125 0.27566442174313244
0.274755015440679 0.27187500000000003
0.296875 0.265761711077209
0.31277676259309295 0.259375
0.328125 0.25101672690573007
0.34158771415978995 0.240625
0.353125 0.22726157960120516
0.3615784894026283 0.209375
0.36387036451026167 0.19687500000000002

-0.234375 0.028460934868877467
-0.259375 0.030814543034807265
-0.278125 0.03552716689135211
-0.30312500000000003 0.039047889232992274
-0.321875 0.042538908012536486
-0.340625 0.04696350754657993
-0.36562500000000003 0.049611670204296056
-0.384375 0.05382442080748589
-0.40934386226130254 0.059375000000000004
-0.42812500000000003 0.06116027956643563
-0.446875 0.06609028028132205
-0.4487213908182757 0.078125
-0.434375 0.07490273111619836
-0.41464774060421156 0.07187500000000001
-0.390625 0.06794085807070259
-0.371875 0.0636413772496357
-0.34687500000000004 0.0599407549308253
-0.328125 0.05575293788553108
-0.309375 0.05147878321484829
-0.284375 0.047879485872240626
-0.265625 0.04446654157943686
-0.24344646605820944 0.040625
-0.22187500000000002 0.037576200969878876
-0.203125 0.03294279952876859
-0.178125 0.030185983168496543
-0.15937500000000002 0.024727768343734097
-0.13967712906369947 0.021875000000000002
-0.115625 0.017468287128624964
-0.096875 0.013203395485269056
-0.07187500000000001 0.009507510037435751
-0.053125000000000006 0.0060179175463914904
-0.034375 0.002129703186944505
-0.009375000000000001 -0.0010055422209833418
0.009375000000000001 -0.005941968799289914
0.034375 -0.00878540181599871
0.053125000000000006 -0.012799848429110897
0.07342995236804532 -0.015625
0.096875 -0.019618509708258434
0.115625 -0.02308315130831304
0.140625 -0.026438505077605673
0.15937500000000002 -0.030496566995526928
0.184375 -0.03374965274783664
0.203125 -0.03810546562053161
0.22187500000000002 -0.042710265861847105
0.246875 -0.0458174413220804
0.265625 -0.04915808050518969
0.2899957371447008 -0.053125000000000006
0.309375 -0.05592764895642851
0.3285957530874187 -0.059375000000000004
0.353125 -0.06307169268668972
0.371875 -0.06780517342772152
0.39687500000000003 -0.07085360977303017
0.415625 -0.07490163593462859
0.4350416114598514 -0.078125
0.45937500000000003 -0.08252761634283422
0.47599126755620724 -0.09062500000000001
0.49062500000000003 -0.08613260313742543
0.5086559431858368 -0.096875
0.5201144565887886 -0.09062500000000001
0.509375 -0.0720190582824616
0.515625 -0.061094204989205855
0.534375 -0.05432116654569121
0.5593750000000001 -0.054291501548373325
0.584375 -0.05874245740641434
0.6027045699749344 -0.065625
0.6156250000000001 -0.07440397111971966
0.6265025010650294 -0.09062500000000001
0.6251154339957935 -0.115625
0.6156250000000001 -0.13300234061656424
0.604750962332005 -0.146875
0.5923883847154006 -0.15937500000000002
0.578125 -0.17011147586101066
0.5618751295157615 -0.178125
0.540625 -0.18435670216903857
0.521875 -0.18700398497139675
0.496875 -0.18681970669279527
0.478125 -0.18399297297362469
0.4572967530308334 -0.178125
0.44062500000000004 -0.17096915591548803
0.4223496955466806 -0.15937500000000002
0.410428514694048 -0.146875
0.40780311683640136 -0.12812500000000002
0.420578251264223 -0.115625
0.434375 -0.10878739337712798
0.453125 -0.10272283224320056
0.453125 -0.09481128176978908
0.434375 -0.08988021875079688
0.40937500000000004 -0.08440620586005715
0.390625 -0.08219400839181021
0.371875 -0.07773600651822893
0.34687500000000004 -0.07409729244479038
0.328125 -0.07026342359396007
0.307126982685501 -0.065625
0.284375 -0.062441285921475284
0.265625 -0.05794494853357412
0.240625 -0.05422740565814037
0.22187500000000002 -0.050900967580748295
0.1997795612935035 -0.046875
0.178125 -0.04351161266008772
0.15937500000000002 -0.040391907233826074
0.134375 -0.03668702527901316
0.115625 -0.03364851850744609
0.09062500000000001 -0.02941097631688774
0.07187500000000001 -0.026667397202305952
0.049767322255345976 -0.021875000000000002
0.028125 -0.019822098727913014
0.009375000000000001 -0.015015067378935458
-0.015625 -0.01266763873875891
-0.034375 -0.007853398260509388
-0.05592043859067564 -0.003125
-0.078125 -0.0005452073256049092
-0.096875 0.0040073272129623975
-0.12187500000000001 0.007390266764508599
-0.140625 0.011539478988672172
-0.15937500000000002 0.01563083115720007
-0.184375 0.01902113267759825
-0.203125 0.022580198500171452
-0.22812500000000002 0.02696825231724945
-0.234375 0.028460934868877467

0.7492538863839223 0.096875
0.7651623730009968 0.109375
0.784375 0.111828545301352
0.8031250000000001 0.10820770158061785
0.821875 0.10025945644071625
0.8376529518350179 0.09062500000000001
0.853125 0.07871008391588041
0.8656250000000001 0.066854482357263
0.8771409591389233 0.053125000000000006
0.8844865757245834 0.040625
0.8853984570800788 0.015625
0.8726927181590288 0.003125
0.8565065013919134 -0.003125
0.8343750000000001 -0.0061479527893550006
0.8093750000000001 -0.005201639203831491
0.790625 -0.00145330667671688
0.7718750000000001 0.00621675005476943
0.7590122007352531 0.015625
0.7468750000000001 0.03381759705683016
0.7418783887388115 0.053125000000000006
0.7422588443525198 0.078125
0.7492538863839223 0.096875
0.7492538863839223 0.096875

-0.31562500000000004 0.11261779300049551
-0.33863560483638533 0.109375
-0.359375 0.1060565917005066
-0.384375 0.10326721946433239
-0.403125 0.10058535391196932
-0.42812500000000003 0.09844642784321547
-0.446875 0.09662121779154971
-0.47187500000000004 0.09147157203036507
-0.484375 0.09305402826234509
-0.484375 0.07924688790785332
-0.5018003991586677 0.09062500000000001
-0.49472811840551384 0.109375
-0.484375 0.12517433702630976
-0.47187500000000004 0.1364479760495649
-0.4556007212485061 0.146875
-0.44062500000000004 0.15526730202515904
-0.421875 0.16308308792552212
-0.403125 0.16909512542865437
-0.384375 0.1736223403747487
-0.359375 0.17775876991193423
-0.340625 0.17984851729999235
-0.31562500000000004 0.1810963223564092
-0.290625 0.1809078351049623
-0.265625 0.17945281067311022
-0.246875 0.17748481472837033
-0.22187500000000002 0.17331470503873145
-0.203125 0.1683089381779479
-0.184375 0.16094897503673997
-0.17013617840313738 0.153125
-0.15469307659828718 0.140625
-0.14662567732687176 0.12812500000000002
-0.146875 0.10841495542319766
-0.15937500000000002 0.09434233688556082
-0.178125 0.08778077402673796
-0.203125 0.08791031371176343
-0.22187500000000002 0.09259636451882339
-0.240625 0.10078633137194173
-0.259375 0.10931006320256248
-0.278125 0.11375462567691358
-0.30312500000000003 0.11396483449286605
-0.31562500000000004 0.11261779300049551

-0.4710477945093786 0.078125
-0.4597805483504418 0.078125
-0.4710477945093786 0.078125

0.4740856189369159 -0.096875
0.4740856189369159 -0.096875
0.4740856189369159 -0.096875

0.4879081614551503 -0.078125
0.4879081614551503 -0.078125
0.4879081614551503 -0.078125

0.36145118431850437 0.19687500000000002
0.35973672106803484 0.171875
0.3537918652372133 0.153125
0.34687500000000004 0.13787968210744198
0.33851026795463185 0.12187500000000001
0.328125 0.10312777865109961
0.32061380266455536 0.09062500000000001
0.309375 0.07593069585002353
0.296875 0.06514417244918673
0.278125 0.05530458980343587
0.259375 0.050089353211508744
0.234375 0.048058476736938235
0.209375 0.0505959502040811
0.19062500000000002 0.05541184861250324
0.171875 0.06290838664819981
0.15606408326384433 0.07187500000000001
0.140625 0.08378180617191149
0.12861467909763002 0.096875
0.12045036799824274 0.109375
0.1124487746302969 0.12812500000000002
0.10794215502516412 0.146875
0.10492328032730962 0.171875
0.10299323449281786 0.19062500000000002
0.10022468944272533 0.215625
0.10389180639912887 0.234375
0.115625 0.24813409846267204
0.134375 0.25909622119827874
0.15230073344493444 0.265625
0.171875 0.27049375925944336
0.19062500000000002 0.27341747558109175
0.215625 0.2751626912498976
0.240625 0.27450981996934
0.26186255449365603 0.27187500000000003
0.284375 0.26708733095346965
0.30312500000000003 0.2608079502660513
0.3192907599506177 0.253125
0.33437500000000003 0.2431845369399709
0.34687500000000004 0.23097960481704116
0.35647724741349646 0.215625
0.36145118431850437 0.19687500000000002
0.36145118431850437 0.19687500000000002

-0.234375 0.028630181059081834
-0.259375 0.031161627346116192
-0.278125 0.03567986351128625
-0.30312500000000003 0.03968004714885938
-0.321875 0.04273859772075658
-0.340625 0.04709408153572032
-0.36562500000000003 0.04988100604831805
-0.384375 0.05391239518888419
-0.4091009737810148 0.059375000000000004
-0.42812500000000003 0.06124760928106475
-0.446875 0.06612784521053944
-0.44836592277349896 0.078125
-0.434375 0.07486922030353922
-0.4147615197412218 0.07187500000000001
-0.390625 0.06788466875003579
-0.371875 0.06356711817462268
-0.34687500000000004 0.059827139617917836
-0.328125 0.05566868155825989
-0.309375 0.05139375870242317
-0.284375 0.04776517628016052
-0.265625 0.04437753721467696
-0.2436457598710467 0.040625
-0.22187500000000002 0.03747651588340159
-0.203125 0.03280246196782033
-0.178125 0.030069544063248858
-0.15937500000000002 0.02461837964890965
-0.14032283732921608 0.021875000000000002
-0.115625 0.01736835840137285
-0.096875 0.013079217870169711
-0.07190567266116255 0.009375000000000001
-0.053125000000000006 0.0059262544298005725
-0.034375 0.0018923008431081106
-0.009375000000000001 -0.0011015007606324382
0.009375000000000001 -0.006042645581772159
0.034375 -0.008934867041262203
0.053125000000000006 -0.012892951137908067
0.07313211113629649 -0.015625
0.096875 -0.01973636670265081
0.115625 -0.023246634125636927
0.140625 -0.026600553750410615
0.15937500000000002 -0.030666704654072546
0.178125 -0.03515863737695157
0.19062500000000002 -0.03722448312772803
0.215625 -0.03975524197333396
0.234375 -0.044460470729997405
0.25604654908872576 -0.046875
0.278125 -0.05097755099891942
0.296875 -0.053586514643605206
0.321875 -0.05772173870303129
0.340625 -0.06172139478364716
0.36422500018616605 -0.065625
0.384375 -0.06910401352174488
0.403125 -0.0734899369450159
0.42812500000000003 -0.07643827405538489
0.446875 -0.08072941979990134
0.4703440439061975 -0.084375
0.47863205926101765 -0.09062500000000001
0.496875 -0.09147281299642453
0.5137818518022879 -0.096875
0.515625 -0.07898300825547981
0.515625 -0.06277147436335181
0.534375 -0.05584131772751889
0.5593750000000001 -0.055939986966563104
0.5790749228210251 -0.059375000000000004
0.5974102590530556 -0.065625
0.6155234754978172 -0.078125
0.6232080319037794 -0.09062500000000001
0.6219078856860827 -0.115625
0.6153054960202364 -0.12812500000000002
0.603125 -0.1438129589032524
0.5906250000000001 -0.15604096001717088
0.577471747904192 -0.16562500000000002
0.5593750000000001 -0.17473880174921044
0.540625 -0.1802959317060499
0.515625 -0.1833727531271655
0.49062500000000003 -0.1822932318214222
0.47066778688759736 -0.178125
0.4530194598879629 -0.171875
0.434375 -0.16150259108718587
0.421875 -0.15010318358143018
0.4151499603335469 -0.134375
0.421875 -0.12081491488900617
0.4382506242398936 -0.109375
0.45494519413659873 -0.10312500000000001
0.453125 -0.09441251682571954
0.434375 -0.089740255637625
0.41071674346802317 -0.084375
0.390625 -0.08191015170162572
0.371875 -0.07753061810118264
0.34687500000000004 -0.07354780651181406
0.328125 -0.07001191356839088
0.309375 -0.06544562861027854
0.284375 -0.06206143283048427
0.265625 -0.057550212907116705
0.240625 -0.05363512350954509
0.22187500000000002 -0.05059020094377848
0.2014264993331607 -0.046875
0.178125 -0.04313545399598188
0.15937500000000002 -0.04012795978204111
0.134375 -0.03621369611473561
0.115625 -0.03346941746289733
0.09062500000000001 -0.028665158885233397
0.07187500000000001 -0.02644915195429417
0.05103435148748764 -0.021875000000000002
0.028125 -0.019494159086723688
0.009375000000000001 -0.01484966724025427
-0.015625 -0.0120825139726206
-0.034375 -0.00763977385781699
-0.054248162477439237 -0.003125
-0.078125 -0.00019223984528936484
-0.096875 0.004181432737820716
-0.12187500000000001 0.00802995089274289
-0.140625 0.011793236240532941
-0.15937500000000002 0.015870262263296575
-0.184375 0.019410068652990966
-0.203125 0.02274171288319666
-0.22812500000000002 0.027624348237728476
-0.234375 0.028630181059081834

0.796875 0.08854982825517621
0.7739778862385546 0.084375
0.7631385204836274 0.07187500000000001
0.7592142202402784 0.053125000000000006
0.7631687314144405 0.034375
0.7718750000000001 0.021371371849175175
0.7900400704594668 0.009375000000000001
0.8093750000000001 0.00416287581917162
0.828125 0.003000501969720724
0.846875 0.006127817514685175
0.8637704212862499 0.015625
0.8678986794261175 0.034375
0.859375 0.0504089210156667
0.846875 0.06360352319442553
0.8343750000000001 0.07324723859592222
0.815625 0.08343184064265546
0.796875 0.08854982825517621
0.796875 0.08854982825517621

1.115625 -0.10001461171184345
1.090625 -0.09691032382231528
1.065625 -0.0988438001562376
1.046875 -0.10352707531386625
1.028125 -0.11178815529971567
1.0136622535944935 -0.12187500000000001
1.0017768066537607 -0.134375
0.9912117171584244 -0.153125
0.9865578647955084 -0.171875
0.9893768118262259 -0.19687500000000002
0.9978610333084611 -0.209375
1.015625 -0.22066426872801115
1.034375 -0.22618332423459345
1.053125 -0.2284293657551306
1.0738502145667856 -0.22812500000000002
1.096875 -0.2247530192882476
1.115625 -0.2192713352737275
1.1343750000000001 -0.21051178635755252
1.146875 -0.20172539551514138
1.159375 -0.18780068543482167
1.1664465910950956 -0.171875
1.1659795189718754 -0.146875
1.159375 -0.1312044434684414
1.146875 -0.11585318409643466
1.1343750000000001 -0.10712830925085806
1.115625 -0.10001461171184345
1.115625 -0.10001461171184345

-0.253125 0.1750787783003535
-0.278125 0.1773301297807747
-0.296875 0.17829205542738905
-0.321875 0.17858998680509247
-0.340625 0.17784658616362456
-0.36562500000000003 0.17556407657893097
-0.3862089494132856 0.171875
-0.40937500000000004 0.1662800372626549
-0.42812500000000003 0.1599152204640615
-0.44338342245958234 0.153125
-0.45937500000000003 0.14493815953059494
-0.47354615808265527 0.134375
-0.4863335218566063 0.12187500000000001
-0.496875 0.10581594515475748
-0.4985629770467271 0.084375
-0.4809059374426965 0.084375
-0.47832218239687757 0.096875
-0.465625 0.09154699145651689
-0.4463371245661533 0.096875
-0.421875 0.09938888327479602
-0.39687500000000003 0.10209512541821089
-0.37812500000000004 0.10441266729835663
-0.353125 0.10809685597495175
-0.33437500000000003 0.11111664030475733
-0.309375 0.11504735077278208
-0.290625 0.11651511067487737
-0.27187500000000003 0.1153503774180127
-0.251585233120212 0.109375
-0.234375 0.10124090192440412
-0.215625 0.09383759440367379
-0.19687500000000002 0.09025533140642492
-0.178125 0.0910750278100903
-0.15937500000000002 0.09871718188281652
-0.1486305707124888 0.115625
-0.15344869067732314 0.134375
-0.16594337053862937 0.146875
-0.184375 0.15768904897885977
-0.203125 0.16500690806183732
-0.22187500000000002 0.17000769796271523
-0.240625 0.1734132382495129
-0.253125 0.1750787783003535

-0.4710357467955143 0.078125
-0.4597935328515225 0.078125
-0.4710357467955143 0.078125

0.4745091486143428 -0.096875
0.4745091486143428 -0.096875
0.4745091486143428 -0.096875

0.488056959574321 -0.078125
0.488056959574321 -0.078125
0.488056959574321 -0.078125

0.10357982651894437 0.203125
0.10312500000000001 0.2176105396549838
0.109375 0.23674736721332248
0.12187500000000001 0.24888948921145307
0.140625 0.2588012642041985
0.15937500000000002 0.2650667492898173
0.178125 0.26927790383670996
0.19896140104392915 0.27187500000000003
0.22187500000000002 0.2729396494279154
0.24384343885050166 0.27187500000000003
0.265625 0.2690630841512787
0.284375 0.2646544684665223
0.30312500000000003 0.2581969011466829
0.321875 0.24876781368747336
0.33437500000000003 0.23979637165529413
0.34687500000000004 0.22667756704824654
0.35618890787825 0.209375
0.3595306553156785 0.19062500000000002
0.35772906248318065 0.171875
0.35181011364782816 0.153125
0.34297763164354844 0.134375
0.33437500000000003 0.11873894832680161
0.3250894710375176 0.10312500000000001
0.31562500000000004 0.08889610016511215
0.30312500000000003 0.07494719051368177
0.2904535265495608 0.065625
0.27187500000000003 0.05714658655061941
0.253125 0.05282884044849421
0.22812500000000002 0.05164387898853257
0.209375 0.053838719865831004
0.18828853074098995 0.059375000000000004
0.171875 0.06602435992022616
0.153125 0.07697091165764186
0.140625 0.08713626347531658
0.12812500000000002 0.10134017270227923
0.11956148411649699 0.115625
0.11249125211025394 0.134375
0.10863485516085908 0.153125
0.10601755572556096 0.178125
0.10357982651894437 0.203125
0.10357982651894437 0.203125

0.9952432628093639 -0.15937500000000002
0.9936903961519721 -0.184375
1.0030409472040105 -0.203125
1.015625 -0.21247950343392755
1.034375 -0.2192954918778801
1.053125 -0.22203050037715674
1.073489237293776 -0.22187500000000002
1.096875 -0.2182138216741413
1.115625 -0.21214834902107366
1.132807640436124 -0.203125
1.146875 -0.19106543891015343
1.1553419169639274 -0.178125
1.1585772345295098 -0.153125
1.1514426522816197 -0.134375
1.140625 -0.12147818761007131
1.121875 -0.10983943008437695
1.1031250000000001 -0.10457727172974987
1.078125 -0.10336069569574974
1.053125 -0.10754072354112906
1.034375 -0.11475045321548646
1.021875 -0.1223693267590219
1.008843410131426 -0.134375
0.9973804551739508 -0.153125
0.9952432628093639 -0.15937500000000002

-0.234375 0.0287994272492862
-0.259375 0.031508711657425116
-0.278125 0.03583256013122039
-0.30312500000000003 0.04031220506472648
-0.321875 0.042938287428976686
-0.340625 0.0472246555248607
-0.36562500000000003 0.05015034189234005
-0.384375 0.05400036957028249
-0.408858085300727 0.059375000000000004
-0.42812500000000003 0.061334938995693866
-0.446875 0.06616541013975681
-0.4480104547287222 0.078125
-0.434375 0.07483570949088007
-0.414875298878232 0.07187500000000001
-0.390625 0.067828479429369
-0.371875 0.06349285909960968
-0.34687500000000004 0.059713524305010375
-0.328125 0.05558442523098869
-0.309375 0.051308734189998054
-0.284375 0.047650866688080405
-0.265625 0.04428853284991706
-0.24384505368388396 0.040625
-0.22187500000000002 0.037376830796924304
-0.203125 0.03266212440687207
-0.178125 0.029953104958001173
-0.15937500000000002 0.024508990954085208
-0.140625 0.021647741771275437
-0.115625 0.01726842967412073
-0.096875 0.012955040255070365
-0.07225365762076166 0.009375000000000001
-0.053125000000000006 0.005834591313209656
-0.034375 0.001654898499271717
-0.009375000000000001 -0.0011974593002815343
0.009375000000000001 -0.006143322364254404
0.034375 -0.009084332266525696
0.053125000000000006 -0.012986053846705235
0.07283426990454765 -0.015625
0.096875 -0.019854223697043184
0.115625 -0.023410116942960812
0.140625 -0.026762602423215553
0.15937500000000002 -0.030836842312618164
0.178125 -0.035977700249681
0.19062500000000002 -0.03741543885505479
0.215625 -0.03999915108463248
0.234375 -0.04469834162291635
0.2555501367556342 -0.046875
0.278125 -0.05117657356471888
0.296875 -0.05385979488811289
0.321875 -0.05789222868578162
0.340625 -0.061875263878601885
0.363285322985165 -0.065625
0.384375 -0.06920588795074678
0.403125 -0.07363864116171748
0.42812500000000003 -0.07653485191534731
0.446875 -0.0807951750859445
0.47017585403944595 -0.084375
0.4786458905853703 -0.09062500000000001
0.496875 -0.09152655429566849
0.5154309979742918 -0.096875
0.515625 -0.07830725409637596
0.515625 -0.06444874373749776
0.534375 -0.05736146890934656
0.5593750000000001 -0.057588472384752884
0.578125 -0.061032745699998184
0.596875 -0.06786759844424742
0.6117040859836416 -0.078125
0.6215127930964218 -0.096875
0.6156914385650268 -0.12187500000000001
0.6071267027889473 -0.134375
0.595604192776076 -0.146875
0.5802629963547488 -0.15937500000000002
0.565625 -0.16789735352009527
0.546875 -0.17491702645314666
0.5281250000000001 -0.17869980601724686
0.503125 -0.17989570805117203
0.484375 -0.17772002702989834
0.4631850186865792 -0.171875
0.446875 -0.16425404438796468
0.43193862931418736 -0.153125
0.4223121590067099 -0.134375
0.43348453139519827 -0.115625
0.446875 -0.10739331773179789
0.4643017044209771 -0.096875
0.44548917416500744 -0.09062500000000001
0.421875 -0.08701207599552514
0.403125 -0.0832438976438311
0.3799327443795766 -0.078125
0.359375 -0.07536347647051735
0.340625 -0.071457897922146
0.31562500000000004 -0.06671698958608503
0.296875 -0.06422300318283969
0.273708440358423 -0.059375000000000004
0.253125 -0.05711745036814033
0.234375 -0.05256705076146641
0.209375 -0.04940617895660818
0.19062500000000002 -0.04525390969263079
0.16562500000000002 -0.041979040561146944
0.146875 -0.03841152463457675
0.12812500000000002 -0.034204587427796224
0.10312500000000001 -0.031051853094577836
0.084375 -0.02705757804904249
0.059375000000000004 -0.02355117860030297
0.040625 -0.019915968311495596
0.018955533137602926 -0.015625
-0.003125 -0.012481022380236826
-0.021875000000000002 -0.008897515177383056
-0.046875 -0.004996336966979202
-0.065625 -0.0019303870664472988
-0.0889054790389455 0.003125
-0.109375 0.005375678760099598
-0.12812500000000002 0.009855923195948687
-0.153125 0.0125463007888443
-0.171875 0.017086150361570997
-0.19597667132505125 0.021875000000000002
-0.215625 0.02445235442663892
-0.234375 0.0287994272492862
-0.234375 0.0287994272492862

-0.24409824910943245 0.109375
-0.260887797471804 0.115625
-0.284375 0.11853888670100755
-0.309375 0.11658661876757355
-0.328125 0.11340839385812823
-0.3519070293953149 0.109375
-0.371875 0.10579536973569573
-0.3940308579276982 0.10312500000000001
-0.415625 0.09995335414572956
-0.44062500000000004 0.09751414914160157
-0.45937500000000003 0.09651088922500918
-0.478125 0.09750497335232924
-0.484375 0.08632131731511883
-0.496875 0.0828583989985546
-0.4981713425642117 0.10312500000000001
-0.49062500000000003 0.11634753298767592
-0.478125 0.13119239788634487
-0.46497301099628036 0.140625
-0.446875 0.15151681583613208
-0.42812500000000003 0.15930887845075187
-0.40937500000000004 0.16545770112564553
-0.390625 0.17016896238812637
-0.371875 0.17333234633919653
-0.34687500000000004 0.17584540048218295
-0.321875 0.1765479108405966
-0.296875 0.1758603215143031
-0.27187500000000003 0.17404052804744
-0.25239508459692683 0.171875
-0.22812500000000002 0.1681095762599163
-0.209375 0.1636839254552789
-0.19062500000000002 0.15721912566778856
-0.171875 0.14747435429283742
-0.15937500000000002 0.13670215595478677
-0.15221320233624747 0.12187500000000001
-0.15937500000000002 0.10348360544775305
-0.171875 0.09615161070813096
-0.19687500000000002 0.09337636028219747
-0.215625 0.0970434378646502
-0.234375 0.10473348776943753
-0.24409824910943245 0.109375

0.8093750000000001 0.01995853403971722
0.7932201859793884 0.028125
0.7863121966400516 0.046875
0.7993110397596154 0.059375000000000004
0.815625 0.0577524855008463
0.833140833942433 0.046875
0.8406640424072193 0.034375
0.8342612646832511 0.021875000000000002
0.8093750000000001 0.01995853403971722
0.8093750000000001 0.01995853403971722

-0.47102369908165 0.078125
-0.45980651735260325 0.078125
-0.47102369908165 0.078125

0.47493267829176966 -0.096875
0.47493267829176966 -0.096875
0.47493267829176966 -0.096875

0.48820575769349167 -0.078125
0.48820575769349167 -0.078125
0.48820575769349167 -0.078125

0.10547249552068343 0.209375
0.10720378869211387 0.184375
0.109375 0.16009129205902264
0.11268820953669802 0.140625
0.11886182696466453 0.12187500000000001
0.12812500000000002 0.10514913579652212
0.14046394746479615 0.09062500000000001
0.153125 0.08004106943558711
0.16628933155106346 0.07187500000000001
0.184375 0.06363984971703984
0.203125 0.05813343457619378
0.22812500000000002 0.05484464739449214
0.253125 0.05625332752401678
0.27187500000000003 0.06094492602727104
0.290625 0.06994155076076185
0.30312500000000003 0.07967009247278206
0.31562500000000004 0.0938523498083021
0.32611039341385334 0.109375
0.33437500000000003 0.12290819864180808
0.34412683589688536 0.140625
0.35220935469586034 0.15937500000000002
0.3568097641817139 0.178125
0.3555458378064824 0.203125
0.3471891603099732 0.22187500000000002
0.33671051647131744 0.234375
0.321875 0.24591283645147474
0.3087541189784379 0.253125
0.290625 0.26042451477269196
0.2712501461472219 0.265625
0.246875 0.2695909702277195
0.22187500000000002 0.2708276841622924
0.19687500000000002 0.2696349991114159
0.171875 0.2656839708158477
0.153125 0.26074778459822023
0.1345091303803802 0.253125
0.12187500000000001 0.245214075235642
0.109375 0.23032789785182464
0.10547249552068343 0.209375
0.10547249552068343 0.209375

-0.234375 0.028968673439490566
-0.259375 0.031855795968734044
-0.278125 0.035985256751154535
-0.3022715626398684 0.040625
-0.321875 0.04313797713719678
-0.340625 0.04735522951400109
-0.36562500000000003 0.05041967773636204
-0.384375 0.05408834395168078
-0.4086151968204392 0.059375000000000004
-0.42812500000000003 0.06142226871032298
-0.446875 0.0662029750689742
-0.4476549866839455 0.078125
-0.434375 0.07480219867822092
-0.4149890780152422 0.07187500000000001
-0.390625 0.0677722901087022
-0.371875 0.06341860002459668
-0.34687500000000004 0.05959990899210291
-0.328125 0.055500168903717506
-0.309375 0.051223709677572934
-0.284375 0.04753655709600029
-0.265625 0.04419952848515715
-0.24404434749672121 0.040625
-0.22187500000000002 0.03727714571044701
-0.203125 0.03252178684592381
-0.178125 0.029836665852753488
-0.15937500000000002 0.024399602259260765
-0.140625 0.021220600457446927
-0.115625 0.017168500946868614
-0.096875 0.01283086263997102
-0.07260164258036077 0.009375000000000001
-0.053125000000000006 0.005742928196618738
-0.034375 0.0014174961554353216
-0.009375000000000001 -0.0012934178399306305
0.009375000000000001 -0.006243999146736649
0.034375 -0.00923379749178919
0.053125000000000006 -0.013079156555502404
0.0725364286727988 -0.015625
0.096875 -0.01997208069143556
0.115625 -0.023573599760284697
0.140625 -0.02692465109602049
0.15937500000000002 -0.031006979971163785
0.178125 -0.03679676312241044
0.203125 -0.03871535324844007
0.22187500000000002 -0.0436747001718819
0.246875 -0.04647605142481269
0.265625 -0.050132707790719405
0.2884726353800011 -0.053125000000000006
0.309375 -0.056510054793670834
0.328125 -0.06018160924897126
0.353125 -0.06346533264969148
0.371875 -0.06823303265364118
0.39687500000000003 -0.07127844740103782
0.415625 -0.07514980395572167
0.434375 -0.07822623361063949
0.45937500000000003 -0.08276146168961235
0.4758117622404002 -0.09062500000000001
0.49062500000000003 -0.08616347219721515
0.5073659253759134 -0.096875
0.5215806698678691 -0.09062500000000001
0.5127919745771262 -0.07187500000000001
0.5281250000000001 -0.06003049806368198
0.546875 -0.05830188022245696
0.565625 -0.060149761458761705
0.586454533988759 -0.065625
0.603125 -0.0743351342958571
0.6156250000000001 -0.0885650140933448
0.6176720962183638 -0.109375
0.609375 -0.12652786204427097
0.5975841366497137 -0.140625
0.584375 -0.1523016315487837
0.571875 -0.16064956956077545
0.553125 -0.1692933561542747
0.534375 -0.17438561048426776
0.509375 -0.17682386480041903
0.484375 -0.1745784898639721
0.465625 -0.16925960802318174
0.446875 -0.15962885597679102
0.434375 -0.14836411474921432
0.42903449694536616 -0.12812500000000002
0.44062500000000004 -0.11370124355070686
0.45937500000000003 -0.10356164734301018
0.453125 -0.09361498693758048
0.434375 -0.08946032941128122
0.4134778878964651 -0.084375
0.390625 -0.08134243832125675
0.371875 -0.07711984126709008
0.34687500000000004 -0.0724488346458614
0.328125 -0.0695088935172525
0.309375 -0.0647211004727256
0.284375 -0.06130172664850225
0.265625 -0.05676074165420187
0.24360620761719998 -0.053125000000000006
0.22187500000000002 -0.04996866766983886
0.203125 -0.04629072579127012
0.178125 -0.04238313666777019
0.15937500000000002 -0.03960006487847119
0.134375 -0.035267037786180525
0.115625 -0.033111215373799824
0.09172661463608506 -0.028125
0.07187500000000001 -0.026012661458270598
0.053125000000000006 -0.02179602193037598
0.028125 -0.01883827980434503
0.009375000000000001 -0.014518866962891896
-0.015625 -0.010912264440343981
-0.034375 -0.007212525052432195
-0.053125000000000006 -0.0028472270348458544
-0.078125 0.0005136951153417225
-0.096875 0.004529643787537352
-0.12187500000000001 0.00930931914921147
-0.140625 0.01230075074425448
-0.15937500000000002 0.01634912447548958
-0.184375 0.02018794060377639
-0.203125 0.023064741649247072
-0.22750930142426595 0.028125
-0.234375 0.028968673439490566

-0.240625 0.11124332658334651
-0.259375 0.11809763102534214
-0.284375 0.12057889395145738
-0.309375 0.1180523523151917
-0.328125 0.11468206479004776
-0.353125 0.11001009344449399
-0.371875 0.10650234229126024
-0.39687500000000003 0.1031860807999989
-0.415625 0.10025498174430715
-0.44062500000000004 0.09760108499571812
-0.45937500000000003 0.09654618659322851
-0.478125 0.09751093188581565
-0.484375 0.08631921413348552
-0.496875 0.08285935507212054
-0.4981665247706756 0.10312500000000001
-0.49062500000000003 0.11631083466050073
-0.478125 0.13111324321213286
-0.4647237643160526 0.140625
-0.446875 0.15124275074614707
-0.42812500000000003 0.158903872492766
-0.40937500000000004 0.16484415037811906
-0.390625 0.16925208021083177
-0.371875 0.17198944148019815
-0.34687500000000004 0.17425138901546944
-0.321875 0.1745801384893835
-0.296875 0.1734510293239756
-0.278125 0.1718555407065243
-0.253125 0.1690181997878153
-0.23164732331514443 0.16562500000000002
-0.209375 0.16049033863757453
-0.19062500000000002 0.15396708036136142
-0.17660184336393894 0.146875
-0.16167930616102932 0.134375
-0.1567028831395656 0.115625
-0.16592202113254648 0.10312500000000001
-0.184375 0.09671558346343422
-0.203125 0.0972725550013607
-0.223102754927923 0.10312500000000001
-0.240625 0.11124332658334651
-0.240625 0.11124332658334651

1.034375 -0.21225349995655945
1.015625 -0.2035895793629409
1.0040569764820058 -0.19062500000000002
0.9998691911495936 -0.171875
1.0039633136983213 -0.153125
1.015625 -0.1354528234142666
1.028125 -0.12494902875654311
1.046625116465332 -0.115625
1.065625 -0.11072875006883749
1.084375 -0.1093654852049769
1.1031250000000001 -0.11150645646618677
1.121875 -0.11820380766283034
1.135760888825539 -0.12812500000000002
1.146875 -0.14413156681008235
1.1500244710103076 -0.16562500000000002
1.1420737648099284 -0.184375
1.1292031838312262 -0.19687500000000002
1.115625 -0.20483895605004113
1.096875 -0.2116603611161256
1.0735679648027041 -0.215625
1.053125 -0.2156335797497326
1.034375 -0.21225349995655945
1.034375 -0.21225349995655945

-0.47101165136778567 0.078125
-0.459819501853684 0.078125
-0.47101165136778567 0.078125

0.47535620796919653 -0.096875
0.47535620796919653 -0.096875
0.47535620796919653 -0.096875

0.4883545558126624 -0.078125
0.4883545558126624 -0.078125
0.4883545558126624 -0.078125

0.10783965404326845 0.209375
0.10895418864839963 0.184375
0.1103894580864794 0.16562500000000002
0.11445751926817156 0.140625
0.12096753426289561 0.12187500000000001
0.12812500000000002 0.10893732145579882
0.140625 0.09367152297083493
0.153125 0.08304613776077957
0.17185875267763656 0.07187500000000001
0.18705726560185354 0.065625
0.209375 0.05984803406751846
0.22812500000000002 0.0579164071446097
0.25132246151625853 0.059375000000000004
0.27187500000000003 0.06456590991444139
0.2871356136212711 0.07187500000000001
0.30312500000000003 0.08413055758964408
0.31439787689225157 0.096875
0.3233708040774633 0.109375
0.33437500000000003 0.12673885202719512
0.3421034887509434 0.140625
0.35030608461516827 0.15937500000000002
0.35479561179817964 0.178125
0.353125 0.20311210982156336
0.34687500000000004 0.21775402286680384
0.33437500000000003 0.23328417029090392
0.321875 0.2431926855697984
0.303491828269894 0.253125
0.28678975628645115 0.259375
0.265625 0.2647419633223963
0.246875 0.2675571453392615
0.22187500000000002 0.2688648720124793
0.19687500000000002 0.26755918687916147
0.178125 0.26478698301775244
0.1565646516034506 0.259375
0.1402873089738146 0.253125
0.12187500000000001 0.2414991181738999
0.11158930875252063 0.22812500000000002
0.10783965404326845 0.209375
0.10783965404326845 0.209375

1.0080435831076997 -0.178125
1.015625 -0.19276534586745456
1.0302051417450695 -0.203125
1.053125 -0.20907424994625512
1.0718750000000001 -0.2094371789669344
1.090625 -0.2065892093182731
1.109375 -0.20019283812754446
1.1250676278329177 -0.19062500000000002
1.1361973614686909 -0.178125
1.1413231597912994 -0.15937500000000002
1.1352241667986724 -0.140625
1.123143780011876 -0.12812500000000002
1.109375 -0.12074897293534306
1.084375 -0.11573736485884378
1.059375 -0.11803715395474837
1.0406250000000001 -0.12457217472767458
1.0255078316177404 -0.134375
1.0144882977024794 -0.146875
1.0075383054640903 -0.16562500000000002
1.0080435831076997 -0.178125

-0.234375 0.02913791962969493
-0.259375 0.03220288028004297
-0.278125 0.036137953371088674
-0.3005822397825315 0.040625
-0.321875 0.043337666845416886
-0.340625 0.04748580350314147
-0.36562500000000003 0.05068901358038404
-0.384375 0.05417631833307908
-0.40837230834015137 0.059375000000000004
-0.42812500000000003 0.0615095984249521
-0.446875 0.06624053999819159
-0.4472995186391687 0.078125
-0.434375 0.07476868786556179
-0.4151028571522524 0.07187500000000001
-0.390625 0.06771610078803542
-0.371875 0.06334434094958367
-0.34687500000000004 0.059486293679195446
-0.328125 0.05541591257644631
-0.309375 0.051138685165147815
-0.284375 0.047422247503920184
-0.265625 0.04411052412039725
-0.24424364130955847 0.040625
-0.22187500000000002 0.037177460623969726
-0.203125 0.03238144928497555
-0.178125 0.029720226747505803
-0.15937500000000002 0.02429021356443632
-0.140625 0.020793459143618416
-0.115625 0.017068572219616496
-0.096875 0.012706685024871676
-0.07294962753995989 0.009375000000000001
-0.053125000000000006 0.005651265080027822
-0.034375 0.001180093811598928
-0.009375000000000001 -0.0013893763795797265
0.009375000000000001 -0.006344675929218894
0.03435299359044862 -0.009375000000000001
0.053125000000000006 -0.013172259264299574
0.07223858744104997 -0.015625
0.096875 -0.020089937685827938
0.115625 -0.023737082577608582
0.140625 -0.02708669976882543
0.15937500000000002 -0.031177117629709403
0.178125 -0.03761582599513988
0.203125 -0.03891864912440955
0.22187500000000002 -0.04399617827522684
0.246875 -0.04669558812572345
0.265625 -0.05045758355256264
0.2879649347917679 -0.053125000000000006
0.309375 -0.05670419007275161
0.328125 -0.060534107931258206
0.353125 -0.06359654597069206
0.371875 -0.0683756523956144
0.39687500000000003 -0.07142005994370704
0.415625 -0.07523252662941936
0.434375 -0.07839546561439374
0.45937500000000003 -0.08283941013853839
0.4757519271351312 -0.09062500000000001
0.49062500000000003 -0.08617376188381173
0.5069359194392723 -0.096875
0.521875 -0.09115091665038039
0.5173532310039047 -0.078125
0.5187150256980122 -0.065625
0.540625 -0.059853839400495594
0.565625 -0.061828687675013295
0.584375 -0.06695528911158057
0.603125 -0.07737523850706658
0.6134459175255179 -0.09062500000000001
0.6123544185909751 -0.115625
0.603125 -0.1301784506999563
0.5906250000000001 -0.14320126053692836
0.5777743768804594 -0.153125
0.5593750000000001 -0.16332578743999346
0.540625 -0.16977372114636727
0.521875 -0.17314535180198767
0.496875 -0.1733992484081602
0.478125 -0.17010785074249593
0.45937500000000003 -0.1630095761610231
0.44453019190270554 -0.153125
0.434375 -0.1381557029319987
0.43644947484476276 -0.12187500000000001
0.4496943972896962 -0.109375
0.46545007602912836 -0.096875
0.446875 -0.09055384814235759
0.421875 -0.08629225701078976
0.403125 -0.08290455712652517
0.38234386087806604 -0.078125
0.359375 -0.07480024480833414
0.340625 -0.07097919611743914
0.31562500000000004 -0.06570460288947673
0.296875 -0.06374256284805507
0.276480352842902 -0.059375000000000004
0.253125 -0.05658384780572964
0.234375 -0.05132296651616182
0.209375 -0.04864481566863911
0.19062500000000002 -0.044703107400873056
0.16562500000000002 -0.040933122727737054
0.146875 -0.03793646771530362
0.12812500000000002 -0.03347628449619432
0.10312500000000001 -0.030419237060622627
0.084375 -0.02664348289255988
0.059375000000000004 -0.02255420450166631
0.040625 -0.019495062954746744
0.021685770775280857 -0.015625
-0.003125 -0.01185198786230642
-0.021875000000000002 -0.008567616423154536
-0.046875 -0.003960676011390441
-0.065625 -0.0015929919901656094
-0.08736202821765084 0.003125
-0.109375 0.005893390508251257
-0.12812500000000002 0.01020344684101022
-0.153125 0.013315737397502733
-0.171875 0.017442501689801833
-0.1925443449581711 0.021875000000000002
-0.215625 0.02494762352099556
-0.234375 0.02913791962969493
-0.234375 0.02913791962969493

-0.24263429360151664 0.115625
-0.22812500000000002 0.10893884367990317
-0.209375 0.10194081791729351
-0.184375 0.10029193144191687
-0.16562500000000002 0.1087509970554299
-0.1622612022316173 0.12812500000000002
-0.1730824423116932 0.140625
-0.19062500000000002 0.15048826914830105
-0.209375 0.1571508004419826
-0.22812500000000002 0.16172421698575512
-0.250130193015334 0.16562500000000002
-0.27187500000000003 0.1685489937582233
-0.296875 0.1711085776314438
-0.31562500000000004 0.17234636996831745
-0.340625 0.17281258391492296
-0.36028454229074225 0.171875
-0.384375 0.16936235806697697
-0.403125 0.1655670902307178
-0.42491578565203636 0.15937500000000002
-0.44123162162365137 0.153125
-0.45937500000000003 0.14438659805318008
-0.4731958024726687 0.134375
-0.4862474737576958 0.12187500000000001
-0.496875 0.10578605394704714
-0.4985597867280349 0.084375
-0.48091717126311795 0.084375
-0.4783278309065568 0.096875
-0.465625 0.09162727911913103
-0.446875 0.09701998638236546
-0.421875 0.10005761578475704
-0.3997054746327048 0.10312500000000001
-0.37812500000000004 0.10620888158846516
-0.359375 0.10968689102067469
-0.33437500000000003 0.11456125840973068
-0.31562500000000004 0.11837020211401787
-0.2930453356007511 0.12187500000000001
-0.27187500000000003 0.12261274082008627
-0.253125 0.11943531119459921
-0.24263429360151664 0.115625

-0.4709996036539214 0.078125
-0.45983248635476476 0.078125
-0.4709996036539214 0.078125

0.4757797376466234 -0.096875
0.4757797376466234 -0.096875
0.4757797376466234 -0.096875

0.4885033539318331 -0.078125
0.4885033539318331 -0.078125
0.4885033539318331 -0.078125

