9.4 1.5616254705345126e-6
9.4025 0.7331827377207941
9.405 0.7331829478528462
9.4075 0.7331831809282104
9.41 0.7331834386844928
9.4125 0.7331838337808343
9.415 0.7331841827641195
9.4175 0.7331845699265856
9.42 0.733184998291574
9.4225 0.7331854708999126
9.425 0.7331861924089544
9.4275 0.7331868275302453
9.43 0.7331875302998448
9.4325 0.7331883059227474
9.435 0.7331891596339983
9.4375 0.733190457699103
9.44 0.7331915964360362
9.4425 0.7331928531805417
9.445 0.733194236746699
9.4475 0.7331957559993766
9.45 0.7331980566670985
9.4525 0.7332000680394921
9.455 0.7332022820608012
9.4575 0.7332047134097585
9.46 0.7332073768495032
9.4625 0.7332113937883866
9.465 0.7332148936086456
9.4675 0.7332187359718314
9.47 0.7332229449145414
9.4725 0.7332275446112813
9.475 0.7332344533372388
9.4775 0.7332404520901165
9.48 0.7332470207092364
9.4825 0.7332541978883262
9.485 0.733262022542587
9.4875 0.733273726603482
9.49 0.7332838543506484
9.4925 0.7332949150601561
9.495 0.7333069699517523
9.4975 0.7333200805946949
9.5 0.7333396097172782
9.5025 0.733356450924523
9.505 0.7333747950287363
9.5075 0.7333947372026536
9.51 0.7334163731608663
9.5125 0.7334484657937599
9.515 0.7334760468640632
9.5175 0.7335060097193007
9.52 0.7335384996968631
9.5225 0.7335736629591362
9.525 0.7336255991817366
9.5275 0.7336700820305947
9.53 0.733718277763141
9.5325 0.7337704043214225
9.535 0.7338266808806071
9.5375 0.7339094446869079
9.54 0.7339800895296142
9.5425 0.7340564264984951
9.545 0.7341387763957747
9.5475 0.7342274618323736
9.55 0.7343573216245355
9.5525 0.7344677889691161
9.555 0.7345868365884957
9.5575 0.7347149277965936
9.56 0.7348525285093741
9.5625 0.7350531271902437
9.565 0.7352231894957579
9.5675 0.7354059660019798
9.57 0.7356021129035984
9.5725 0.735812290064818
9.575 0.7361173259160669
9.5775 0.7363750490307632
9.58 0.7366512870931988
9.5825 0.7369469509463558
9.585 0.7372629565024696
9.5875 0.737719506276756
9.59 0.7381039342760528
9.5925 0.7385148515104589
9.595 0.7389534961975232
9.5975 0.7394211134092193
9.6 0.740093592322352
9.6025 0.7406579208862374
9.605 0.7412594696325588
9.6075 0.7418998856365715
9.61 0.7425808250362073
9.6125 0.7435554875137756
9.615 0.7443706354094157
9.6175 0.7452371255200966
9.62 0.7461570993930395
9.6225 0.7471327102772702
9.625 0.7485224655339379
9.6275 0.7496808477153756
9.63 0.7509087248514166
9.6325 0.7522088150172381
9.635 0.7535838510208346
9.6375 0.7555329981923774
9.64 0.7571521681230552
9.6425 0.7588635896183498
9.645 0.7606706244639942
9.6475 0.7625766524948157
9.65 0.7652649379344186
9.6525 0.7674906074418822
9.655 0.7698362955548352
9.6575 0.7723060451262801
9.66 0.7749039204671406
9.6625 0.778549101108528
9.665 0.7815568772446778
9.6675 0.7847175616614878
9.67 0.7880358673885084
9.6725 0.7915165321178054
9.675 0.7963744216305287
9.6775 0.8003694457346869
9.68 0.8045550579278453
9.6825 0.8089365616801307
9.685 0.8135192877134338
9.6875 0.8198801064295203
9.69 0.8250936724227026
9.6925 0.8305393581994818
9.695 0.8362228883078104
9.6975 0.8421500160022684
9.7 0.8503298117921781
9.7025 0.8570120188868502
9.705 0.8639700324468573
9.7075 0.8712097208396382
9.71 0.878736980848442
9.7125 0.8890629921940268
9.715 0.8974705933785124
9.7175 0.9061972680645223
9.72 0.9152486315343225
9.7225 0.9246303247942453
9.725 0.9374194674109638
9.7275 0.9477983489984744
9.73 0.9585356442848104
9.7325 0.9696361979416298
9.735 0.9811048746373958
9.7375 0.9966350927387262
9.74 1.009197282968412
9.7425 1.022148903889385
9.745 1.0354934050442868
9.7475 1.0492342466790139
9.75 1.0677092799589083
9.7525 1.0826050399960543
9.755 1.097907810493338
9.7575 1.1136189458684327
9.76 1.1297397980718038
9.7625 1.1512489441663862
9.765 1.168535311873228
9.7675 1.1862273187128973
9.77 1.2043235003352941
9.7725 1.2228223728842087
9.775 1.2472979996985494
9.7775 1.2669060530288332
9.78 1.286893982563615
9.7825 1.3072568283072257
9.785 1.3279895902963585
9.7875 1.3551663080873377
9.79 1.376870297351072
9.7925 1.3988992464364975
9.795 1.421244155241472
9.7975 1.4438959607588366
9.8 1.4732763653615406
9.8025 1.4966685662198604
9.805 1.520298272725411
9.8075 1.5441521245636118
9.81 1.5682166745552526
9.8125 1.5990491462458931
9.815 1.62352467036652
9.8175 1.6481164173947023
9.82 1.6728066604773661
9.8225 1.697577562872991
9.825 1.7288516285474906
9.8275 1.753607326919926
9.83 1.7783255828628346
9.8325 1.802984683943284
9.835 1.8275627880556589
9.8375 1.8580267835262596
9.84 1.882077689551888
9.8425 1.9059097549921886
9.845 1.9294980914879378
9.8475 1.9528176669481159
9.85 1.9810218716316723
9.8525 2.003237314051834
9.855 2.025032820241824
9.8575 2.0463815671795302
9.86 2.067256582172728
9.8625 2.091622610529973
9.865 2.1107822299362957
9.8675 2.1293123608634628
9.87 2.147185864509562
9.8725 2.1643754565317583
9.875 2.18328975807721
9.8775 2.198157344364052
9.88 2.2121912817045772
9.8825 2.2253660143418452
9.885 2.2376558564849045
9.8875 2.249581884487287
9.89 2.2589924824717396
9.8925 2.2673861235077197
9.895 2.27474085992789
9.8975 2.2810346412050695
9.9 2.284635187657633
9.9025 2.287588622438492
9.905 2.289378385081653
9.9075 2.289988094060498
9.91 2.2894013029684315
9.9125 2.2836599762995586
9.915 2.2794122269477994
9.9175 2.2739051305842177
9.92 2.267129567172653
9.9225 2.2590763985516995
9.925 2.243405870749439
9.9275 2.231548789549052
9.93 2.218399306812386
9.9325 2.2039567965853433
9.935 2.188220667131723
9.9375 2.162545298013301
9.94 2.1430654808791454
9.9425 2.1223300929796514
9.945 2.10034761573106
9.9475 2.077126618727508
9.95 2.0419287447949483
9.9525 2.0152377547096485
9.955 1.9873998056840616
9.9575 1.9584323692161252
9.96 1.928353056042476
9.9625 1.8846753357120787
9.965 1.8516061240138906
9.9675 1.8175663052216748
9.97 1.7825814674461067
9.9725 1.7466773817352916
9.975 1.696078081497395
9.9775 1.6578458214174512
9.98 1.6188771709688687
9.9825 1.579204261416195
9.985 1.5388594393399222
9.9875 1.483322474672451
9.99 1.4414519895140976
9.9925 1.3991222150440181
9.995 1.3563696781962855
9.9975 1.3132311392443967
10.0 1.2550380111712318
10.0025 1.2112636843104774
10.005 1.167331300024898
10.0075 1.1232792682337644
10.01 1.0791462342291263
10.0125 1.020721275187909
10.015 0.9768686141660223
10.0175 0.9331624953498415
10.02 0.889640569496176
10.0225 0.8463407086399342
10.025 0.7900842795587903
10.0275 0.7479443550574102
10.03 0.7062381736356281
10.0325 0.6650001035140355
10.035 0.6242647053385768
10.0375 0.5723903154463003
10.04 0.5335991540623508
10.0425 0.4954927078666934
10.045 0.4580999023310872
10.0475 0.4214498145365808
10.05 0.3758405803465439
10.0525 0.3417747421372087
10.055 0.30859322189541016
10.0575 0.27631788603742313
10.06 0.24497070360890894
10.0625 0.20706801483754544
10.065 0.1787656753791449
10.0675 0.1514856612451514
10.07 0.12524183054115356
10.0725 0.10004809122542024
10.075 0.0707815839272401
10.0775 0.048895186201824314
10.08 0.028102896144054812
10.0825 0.008410327598418199
10.085 -0.010176907811327407
10.0875 -0.030414022483839176
10.09 -0.04563107186272264
10.0925 -0.0597474570685812
10.095 -0.0727653738949281
10.0975 -0.08468706769768097
10.1 -0.09601817649988664
10.1025 -0.10469211018126368
10.105 -0.11231799040241919
10.1075 -0.11890481550784227
10.11 -0.12446167273397868
10.1125 -0.12746800120518498
10.115 -0.1300572390002528
10.1175 -0.13170012181322455
10.12 -0.13241102808306482
10.1225 -0.13220445423787197
10.125 -0.1278364585987437
10.1275 -0.12506325057076517
10.13 -0.12148173469170254
10.1325 -0.11711000268881477
10.135 -0.11196628209076431
10.1375 -0.10143649895342532
10.14 -0.09420622199607598
10.1425 -0.08632810176782679
10.145 -0.07782221957422453
10.1475 -0.0687087991414933
10.15 -0.05337804032798854
10.1525 -0.042694972992134206
10.155 -0.03153323367553151
10.1575 -0.019913277703461407
10.16 -0.007855699372491642
10.1625 0.010876291306991415
10.165 0.023988694193110338
10.1675 0.03741417644851286
10.17 0.05113329340542938
10.1725 0.06512647313528142
10.175 0.08591681038082011
10.1775 0.10048468106329944
10.18 0.11521362086701048
10.1825 0.1300862614636965
10.185 0.14508512498245085
10.1875 0.16672362512845895
10.19 0.1818761722438227
10.1925 0.19705857284510386
10.195 0.2122562461087042
10.1975 0.22745452298747615
10.2 0.24891628267960542
10.2025 0.26392190460336695
10.205 0.27885125237496855
10.2075 0.29369289262281706
10.21 0.30843532640495297
10.2125 0.32890958970747664
10.215 0.3431946400609044
10.2175 0.35732393166922616
10.22 0.37128922674399784
10.2225 0.38508224395752066
10.225 0.4039795692239101
10.2275 0.4171315141186503
10.23 0.4300740942600777
10.2325 0.4428020656727095
10.235 0.4553101607602196
10.2375 0.4722516349964364
10.24 0.4840095361617768
10.2425 0.4955278226333703
10.245 0.5068038649474961
10.2475 0.5178350268398504
10.25 0.5326282806857257
10.2525 0.5428641678838566
10.255 0.5528498763794449
10.2575 0.5625849086175362
10.26 0.5720687734566885
10.2625 0.5846757857308998
10.265 0.5933705850253762
10.2675 0.6018200923350151
10.27 0.610025422494291
10.2725 0.6179877062838258
10.275 0.6284890639224586
10.2775 0.6357064224528672
10.28 0.6426945252979521
10.2825 0.6494555971027349
10.285 0.6559918845566941
10.2875 0.6645513782043572
10.29 0.6704121248170287
10.2925 0.6760668147133699
10.295 0.6815183346022533
10.2975 0.6867695963725132
10.3 0.6936020431972368
10.3025 0.698261267824547
10.305 0.7027413764140293
10.3075 0.7070455474711103
10.31 0.7111769854450992
10.3125 0.7165211080125415
10.315 0.7201490737763883
10.3175 0.7236258805015326
10.32 0.7269547148332313
10.3225 0.7301387883721006
10.325 0.7342360089396383
10.3275 0.7370034160435909
10.33 0.7396466352144134
10.3325 0.7421686623865505
10.335 0.7445725162947232
10.3375 0.747651730231481
10.34 0.7497192933019141
10.3425 0.7516873265562558
10.345 0.7535585118178839
10.3475 0.7553355508925617
10.35 0.7576033635109647
10.3525 0.7591152725520012
10.355 0.76054924761889
10.3575 0.7619075950553256
10.36 0.7631926381098647
10.3625 0.7648281972092607
10.365 0.7659087998979851
10.3675 0.7669297100274073
10.37 0.7678928441416005
10.3725 0.7688001326485968
10.375 0.7699535317884594
10.3775 0.7707064836704397
10.38 0.7714146704844885
10.3825 0.7720796371904668
10.385 0.7727029398035008
10.3875 0.7734961655143845
10.39 0.7740053098276077
10.3925 0.7744815614259583
10.395 0.7749261318871099
10.3975 0.7753402413796167
10.4 0.7758697416774692
10.4025 0.7762010662729356
10.405 0.7765086968526074
10.4075 0.7767935596719584
10.41 0.7770565875030896
10.4125 0.7773967025977881
10.415 0.7776008454661718
10.4175 0.7777882497955457
10.42 0.777959607029403
10.4225 0.7781156134430159
10.425 0.7783222942780779
10.4275 0.7784372038758876
10.43 0.7785405146616425
10.4325 0.7786327312727106
10.435 0.7787143618520516
10.4375 0.7788287800155475
10.44 0.77888226367211
10.4425 0.7789278642549512
10.445 0.7789659422051218
10.4475 0.7789968604545744
10.45 0.7790486668874912
10.4525 0.779060668381125
10.455 0.7790674172423602
10.4575 0.7790691656333066
10.46 0.77906616745074
10.4625 0.7790762787947175
10.465 0.7790608099012198
10.4675 0.7790419131455337
10.47 0.7790197614307928
10.4725 0.7789945288448072
10.475 0.7789774080465605
10.4775 0.7789441183498484
10.48 0.7789086419985921
10.4825 0.7788710952538993
10.485 0.7788315951707213
10.4875 0.7787970502454387
10.49 0.7787524574537141
10.4925 0.7787065062366093
10.495 0.7786592732869256
10.4975 0.7786108358196541
10.5 0.7785653931313197
10.5025 0.7785138169085545
10.505 0.7784614246310795
10.5075 0.7784082659453557
10.51 0.7783543908351693
10.5125 0.7783023131965867
10.515 0.778246563703182
10.5175 0.778190346818699
10.52 0.7781336940853276
10.5225 0.7780766372593375
10.525 0.7780206586081477
10.5275 0.7779625307980544
10.53 0.7779041556630737
10.5325 0.7778455528697611
10.535 0.7777867422182032
10.5375 0.7777285845828508
10.54 0.7776692043036644
10.5425 0.7776097130744862
10.545 0.7775501229237174
10.5475 0.7774904459616482
10.55 0.7774311746877944
10.5525 0.7773712353655897
10.555 0.7773112680465026
10.5575 0.7772512799396153
10.56 0.777191278303406
10.5625 0.7771315406821505
10.565 0.7770714615826917
10.5675 0.7770114039782016
10.57 0.7769513720935859
10.5725 0.7768913701830886
10.575 0.7768315523136757
10.5775 0.7767715821060113
10.58 0.7767116623114529
10.5825 0.7766517953408079
10.585 0.7765919836220532
10.5875 0.7765323113903279
10.59 0.7764725945217039
10.5925 0.7764129445627395
10.595 0.7763533628413112
10.5975 0.776293850695212
10.6 0.776234453474421
10.6025 0.7761750718600746
10.605 0.7761157662857866
10.6075 0.7760565374445617
10.61 0.7759973860350781
10.6125 0.7759383360857921
10.615 0.7758793347852886
10.6175 0.7758204143640852
10.62 0.775761575149558
10.6225 0.7757028174723165
10.625 0.7756441538480042
10.6275 0.7755855565789583
10.63 0.7755270425723898
10.6325 0.7754686119489487
10.635 0.7754102648311376
10.6375 0.7753520076123591
10.64 0.7752938259494149
10.6425 0.7752357285512751
10.645 0.7751777154238101
10.6475 0.7751197865739787
10.65 0.7750619451890562
10.6525 0.775004183919177
10.655 0.7749465071540608
10.6575 0.7748889148371315
10.66 0.7748314069124725
10.6625 0.7747739849136128
10.665 0.774716645097956
10.6675 0.7746593896140274
10.67 0.7746022183720818
10.6725 0.7745451312828125
10.675 0.7744881290397135
10.6775 0.7744312097329544
10.68 0.7743743743659919
10.6825 0.7743176228319264
10.685 0.7742609550241712
10.6875 0.7742043712161418
10.69 0.7741478704155124
10.6925 0.774091453049583
10.695 0.7740351190030008
10.6975 0.7739788681606616
10.7 0.7739227005892209
10.7025 0.7738666157489626
10.705 0.7738106137819746
10.7075 0.7737546945689836
10.71 0.773698857990931
10.7125 0.7736431040146096
10.715 0.7735874323203747
10.7175 0.7735318429114855
10.72 0.7734763356671559
10.7225 0.7734209104668031
10.725 0.7733655672298041
10.7275 0.7733103057423535
10.73 0.7732551259413173
10.7325 0.7732000277056108
10.735 0.7731450109143392
10.7375 0.7730900754650416
10.74 0.7730352211941933
10.7425 0.7729804480077054
10.745 0.7729257557847989
10.7475 0.7728711444048809
10.75 0.7728166137558322
10.7525 0.772762163697972
10.755 0.7727077941231991
10.7575 0.772653504911363
10.76 0.7725992959424958
10.7625 0.77254516710049
10.765 0.7724911182571192
10.7675 0.7724371492982536
10.77 0.7723832601045398
10.7725 0.7723294505568054
10.775 0.7722757205376282
10.7775 0.7722220699243496
10.78 0.772168498600693
10.7825 0.7721150064481019
10.785 0.7720615933482026
10.7875 0.7720082591835608
10.79 0.7719550038344546
10.7925 0.7719018271841119
10.795 0.7718487291148484
10.7975 0.7717957095091558
10.8 0.7717427682500034
10.8025 0.7716899052195092
10.805 0.7716371203011458
10.8075 0.7715844133781234
10.81 0.7715317843338233
10.8125 0.7714792330517999
10.815 0.7714267594155451
10.8175 0.7713743633091337
10.82 0.7713220446165954
10.8225 0.7712698032221345
10.825 0.7712176390102519
10.8275 0.7711655518653567
10.83 0.771113541672272
10.8325 0.7710616083159195
10.835 0.7710097516813947
10.8375 0.7709579716540275
10.84 0.7709062681190992
10.8425 0.7708546409622998
10.845 0.7708030900693987
10.8475 0.7707516153263378
10.85 0.7707002166192688
10.8525 0.7706488938344022
10.855 0.7705976468582408
10.8575 0.7705464755774195
10.86 0.7704953798787385
10.8625 0.7704443596491519
10.865 0.7703934147757521
10.8675 0.7703425451459031
10.87 0.7702917506470753
10.8725 0.7702410311669109
10.875 0.7701903865931565
10.8775 0.770139816813886
10.88 0.7700893217171789
10.8825 0.7700389011913642
10.885 0.769988555124937
10.8875 0.7699382834065457
10.89 0.769888085924976
10.8925 0.7698379625692453
10.895 0.7697879132284897
10.8975 0.7697379377920072
10.9 0.7696880361493127
10.9025 0.7696382081900177
10.905 0.7695884538039455
10.9075 0.7695387728810725
10.91 0.7694891653115405
10.9125 0.7694396309856527
10.915 0.7693901697938804
10.9175 0.7693407816268582
10.92 0.769291466375383
10.9225 0.7692422239304157
10.925 0.7691930541830825
10.9275 0.7691439570246709
10.93 0.7690949323466305
10.9325 0.7690459800405762
10.935 0.7689970999982834
10.9375 0.7689482921116908
10.94 0.7688995562728965
10.9425 0.7688508923741639
10.945 0.7688023003079154
10.9475 0.7687537799667357
10.95 0.7687053312433691
10.9525 0.7686569540307222
10.955 0.7686086482218611
10.9575 0.7685604137100125
10.96 0.7685122503885624
10.9625 0.768464158151058
10.965 0.7684161368912042
10.9675 0.7683681865028668
10.97 0.7683203068800694
10.9725 0.7682724979169948
10.975 0.7682247595079853
10.9775 0.7681770915475397
10.98 0.7681294939303162
10.9825 0.7680819665511303
10.985 0.7680345093049555
10.9875 0.7679871220869225
10.99 0.7679398047923184
10.9925 0.7678925573165888
10.995 0.7678453795553342
10.9975 0.7677982714043124
11.0 0.7677512327594375
11.0025 0.7677042635167791
11.005 0.7676573635725632
11.0075 0.7676105328231714
11.01 0.7675637711651385
11.0125 0.7675170784951573
11.015 0.7674704547100732
11.0175 0.7674238997068868
11.02 0.7673774133827538
11.0225 0.7673309956349821
11.025 0.7672846463610367
11.0275 0.767238365458532
11.03 0.7671921528252391
11.0325 0.767146008359081
11.035 0.767099931958134
11.0375 0.7670539235206274
11.04 0.7670079829449418
11.0425 0.7669621101296098
11.045 0.7669163049733203
11.0475 0.7668705673749077
11.05 0.7668248972333619
11.0525 0.7667792944478236
11.055 0.7667337589175842
11.0575 0.7666882905420852
11.06 0.7666428892209202
11.0625 0.7665975548538332
11.065 0.7665522873407171
11.0675 0.7665070865816155
11.07 0.7664619524767232
11.0725 0.7664168849263809
11.075 0.7663718838310832
11.0775 0.7663269490914694
11.08 0.7662820806083317
11.0825 0.7662372782826077
11.085 0.766192542015385
11.0875 0.7661478717079002
11.09 0.7661032672615347
11.0925 0.7660587285778205
11.095 0.7660142555584377
11.0975 0.7659698481052111
11.1 0.7659255061201145
