x y
-0.4685682428306591 0.140625
-0.453125 0.15237750982679918
-0.44062500000000004 0.16011038897546803
-0.421875 0.1701109749018745
-0.403125 0.1770653803035367
-0.390625 0.17809836042435184
-0.37812500000000004 0.16234867357650284
-0.36562500000000003 0.14775418907696766
-0.353125 0.13460771253754047
-0.34587544718130436 0.12187500000000001
-0.3421933207246813 0.096875
-0.359375 0.08473017149287014
-0.3735804402171992 0.084375
-0.39687500000000003 0.09059431766379669
-0.415625 0.09466609485989298
-0.42829093020304865 0.096875
-0.453125 0.09443543957900438
-0.46618871577097815 0.09062500000000001
-0.478380204817738 0.096875
-0.4807949494121013 0.084375
-0.49062500000000003 0.08142502900232255
-0.5011855917660218 0.096875
-0.4915407369608882 0.115625
-0.48191340148048345 0.12812500000000002
-0.4685682428306591 0.140625
-0.4685682428306591 0.140625

-0.00815510350824606 0.22812500000000002
-0.017575934212253556 0.240625
-0.034375 0.252453561197455
-0.05178847096741881 0.259375
-0.07187500000000001 0.2642610897681781
-0.09062500000000001 0.2664323401908368
-0.115625 0.26694503220207944
-0.134375 0.2654734673368638
-0.15937500000000002 0.26188588098689464
-0.178125 0.25745072705713573
-0.19687500000000002 0.25159799241702935
-0.215625 0.24409791998071834
-0.23314608433893577 0.234375
-0.24534255663248475 0.22187500000000002
-0.240625 0.2025864116480123
-0.22812500000000002 0.18897032491597993
-0.215625 0.17392957925496602
-0.20769079555054495 0.15937500000000002
-0.20007533606385583 0.140625
-0.19116074236702876 0.12187500000000001
-0.18263532076438166 0.109375
-0.17057564446259876 0.096875
-0.15324793678765553 0.084375
-0.140625 0.07757163327495187
-0.12187500000000001 0.07000240292564086
-0.10312500000000001 0.06532447309381194
-0.078125 0.06277063619895874
-0.05317496777087792 0.065625
-0.03469553261854543 0.07187500000000001
-0.021875000000000002 0.07989769590511096
-0.00985900803991857 0.096875
-0.006712752336633097 0.115625
-0.0063304431290168795 0.140625
-0.003939523853647502 0.16562500000000002
-0.0017519653772686552 0.184375
-0.002163244586505387 0.209375
-0.00815510350824606 0.22812500000000002
-0.00815510350824606 0.22812500000000002

0.6415600811270141 -0.184375
0.6531250000000001 -0.17135850261932445
0.6643646693270152 -0.153125
0.6669026444715125 -0.134375
0.6639299878960622 -0.115625
0.6593885691795612 -0.09062500000000001
0.659375 -0.0773877136980718
0.665625 -0.055778414317790494
0.6781250000000001 -0.04130526999151858
0.6913835200124528 -0.034375
0.7156250000000001 -0.028542003250677565
0.734375 -0.026438736630015985
0.759375 -0.025254718335544855
0.784375 -0.025329021947289237
0.8093750000000001 -0.026570944848978973
0.828125 -0.028410475924432122
0.853125 -0.03278277504308014
0.8718750000000001 -0.039017362385550536
0.884375 -0.04991077682669121
0.8822446548398369 -0.065625
0.8718750000000001 -0.08199498637633
0.8650767257061746 -0.096875
0.8615443722663813 -0.12187500000000001
0.8622215452938743 -0.146875
0.8609555778426047 -0.171875
0.8559358364711254 -0.19062500000000002
0.846875 -0.2063886177338787
0.8343750000000001 -0.21902692897390605
0.8201769557762904 -0.22812500000000002
0.8031250000000001 -0.23561156681552015
0.784375 -0.2408213974603439
0.759375 -0.24482279756741993
0.734375 -0.24582334365361375
0.7093750000000001 -0.24444258839489097
0.6859906155923425 -0.240625
0.665625 -0.2352155111314292
0.6487390916871492 -0.22812500000000002
0.634375 -0.21710463543889952
0.6326917439655082 -0.19687500000000002
0.6415600811270141 -0.184375
0.6415600811270141 -0.184375

-0.07646492013868646 0.015625
-0.059375000000000004 0.007459606930888896
-0.046875 0.005122921369647896
-0.034375 0.004999497401572824
-0.015625 0.0013232038770300799
-0.003125 -0.0017895250305751682
0.014099088862035897 -0.003125
0.028125 -0.005570607849817031
0.0478432101678799 -0.009375000000000001
0.07187500000000001 -0.012870653404335424
0.09062500000000001 -0.017831195461772056
0.115625 -0.021527474938668575
0.134375 -0.025499302086473035
0.153125 -0.029703064529998845
0.178125 -0.03319922519559667
0.19687500000000002 -0.03691817510735837
0.21858858973324574 -0.040625
0.240625 -0.043872557126878466
0.259375 -0.04855699849009663
0.284375 -0.05120003839855313
0.30312500000000003 -0.05584031201503012
0.32574349536976527 -0.059375000000000004
0.34687500000000004 -0.0627664059062045
0.36562500000000003 -0.06673138480859078
0.390625 -0.06986221802385437
0.40937500000000004 -0.0741567625664054
0.4337966864842768 -0.078125
0.453125 -0.08098969941364952
0.47187500000000004 -0.08471200640276247
0.484375 -0.08589936330465675
0.503125 -0.09584941745086861
0.5128545004325654 -0.109375
0.5209680449253529 -0.12812500000000002
0.5253091680286639 -0.146875
0.5276767968011806 -0.171875
0.521875 -0.19269093372954726
0.503125 -0.20179935791760484
0.478125 -0.20276202487910758
0.453125 -0.1989317476771873
0.434375 -0.19370627094658116
0.415625 -0.18676197157760752
0.39687500000000003 -0.1781760394866958
0.384375 -0.1715333728114706
0.36562500000000003 -0.1596539561215959
0.353125 -0.1490901729608024
0.34380068627110794 -0.134375
0.353125 -0.11902540944118759
0.371875 -0.10975073963176374
0.390625 -0.10580787424585661
0.40937500000000004 -0.09887359664727476
0.4319779128378047 -0.096875
0.415625 -0.0899565478423499
0.39687500000000003 -0.08409615345178693
0.371875 -0.08340530410134593
0.353125 -0.07717577188263444
0.3290765734884788 -0.07187500000000001
0.309375 -0.07063821507222777
0.290625 -0.06525400379616664
0.265625 -0.06390794751805644
0.246875 -0.058318242742867156
0.2229514320436925 -0.053125000000000006
0.203125 -0.052100900519801596
0.18393457847527286 -0.046875
0.15937500000000002 -0.04585440224457395
0.140625 -0.04012897123340784
0.115625 -0.037930290014006864
0.096875 -0.03383345327887591
0.078125 -0.028023437038810835
0.053125000000000006 -0.027249388327949372
0.034375 -0.021036050458213447
0.009375000000000001 -0.01727505257247394
-0.009375000000000001 -0.01409343143161803
-0.028125 -0.008752135407803823
-0.053125000000000006 -0.006464542678798462
-0.07187500000000001 -0.0014214267678437837
-0.09448804205656139 0.003125
-0.115625 0.005409817410419069
-0.134430764353255 0.009375000000000001
-0.15937500000000002 0.011951289532999603
-0.178125 0.015949190695045586
-0.203125 0.01818516080344783
-0.22187500000000002 0.021900340304379515
-0.240625 0.02133530758442377
-0.253125 0.02865523152241462
-0.2584387441948214 0.021875000000000002
-0.27187500000000003 0.013805938314302985
-0.284375 0.014934034865625771
-0.30312500000000003 0.015809845850719862
-0.31619313371508667 0.028125
-0.328125 0.04079338661509188
-0.33552847796541746 0.034375
-0.34687500000000004 0.046910293939892704
-0.371875 0.04811291632572157
-0.390625 0.05406386083505927
-0.413109431820057 0.059375000000000004
-0.434375 0.061937879688647744
-0.453125 0.06678050019318488
-0.44062500000000004 0.07535547849828886
-0.415625 0.07231802826852933
-0.39687500000000003 0.06832012502691477
-0.37812500000000004 0.0641872460244683
-0.353125 0.06008529898089257
-0.33437500000000003 0.056817004589125246
-0.3151048836659286 0.053125000000000006
-0.290625 0.04970605795278647
-0.27187500000000003 0.0444653157398313
-0.246875 0.04204890096840193
-0.22812500000000002 0.03716266075227375
-0.20881588702929443 0.034375
-0.184375 0.029991141104727784
-0.16562500000000002 0.02757965408946933
-0.140625 0.02281983047468348
-0.12390698102625465 0.021875000000000002
-0.109375 0.021394374118685888
-0.096875 0.017128252495904057
-0.08417508216468807 0.015625
-0.07646492013868646 0.015625

0.28784302318936306 0.19687500000000002
0.2998379476058865 0.209375
0.31562500000000004 0.21826568263340856
0.33437500000000003 0.22438871653694994
0.355085211010249 0.22812500000000002
0.37812500000000004 0.23009411345639244
0.403125 0.2303036105325231
0.42812500000000003 0.22895819322525995
0.446875 0.22706057481896155
0.47187500000000004 0.22330260567536794
0.49062500000000003 0.2194584838283622
0.509375 0.21453099469074768
0.5281250000000001 0.20834613332366067
0.546875 0.2005893052324271
0.565625 0.19071306198854016
0.578125 0.18278022527259105
0.5924274876054457 0.171875
0.6061316594469129 0.15937500000000002
0.6176884396765027 0.146875
0.628125 0.13364626938630253
0.6397728875344495 0.115625
0.6468750000000001 0.10167474424264136
0.653241119082081 0.084375
0.6571778492873006 0.059375000000000004
0.6543852364416586 0.034375
0.6468750000000001 0.01616955770238639
0.6354918238711775 0.003125
0.6218750000000001 -0.0045116039920484055
0.603125 -0.009870706576016932
0.578125 -0.013539938612994629
0.5574557351284305 -0.015625
0.534375 -0.017954674580466314
0.509375 -0.02162214884485876
0.49062500000000003 -0.02490588116485256
0.47187500000000004 -0.02179674299614667
0.453125 -0.012588322622222866
0.43912281085911564 -0.003125
0.4240593814739678 0.009375000000000001
0.4123969239917008 0.021875000000000002
0.403125 0.034867825158548534
0.3925813042547955 0.053125000000000006
0.384375 0.06756269974952292
0.37264091858211706 0.084375
0.36136155014204335 0.096875
0.34758907836013225 0.109375
0.33437500000000003 0.11986403486572438
0.321875 0.12930354747110637
0.3074767019831852 0.140625
0.2944040250419769 0.153125
0.284375 0.16952088144329266
0.284375 0.1899591840408633
0.28784302318936306 0.19687500000000002

-0.47166718145608144 0.078125
-0.459746786168097 0.078125
-0.47166718145608144 0.078125

-0.2798204607354932 0.028125
-0.278125 0.034383047771588376
-0.2798204607354932 0.028125
-0.2798204607354932 0.028125

-0.28476729203677187 0.059375000000000004
-0.278125 0.05922982380846267
-0.28476729203677187 0.059375000000000004

0.49719039352642386 -0.059375000000000004
0.48832909117604395 -0.065625
0.4934223188229053 -0.078125
0.49719039352642386 -0.059375000000000004
0.49719039352642386 -0.059375000000000004

0.45577855797719546 -0.096875
0.45577855797719546 -0.096875
0.45577855797719546 -0.096875

-0.3055395186018437 0.065625
-0.3055395186018437 0.065625
-0.3055395186018437 0.065625

0.40826380097481213 0.053125000000000006
0.415625 0.04006763210698708
0.42812500000000003 0.02308789205438593
0.44062500000000004 0.010808628713303115
0.453125 0.0012937303389150235
0.47187500000000004 -0.008932374898557058
0.49062500000000003 -0.013840175874764727
0.515625 -0.013653085679220613
0.540625 -0.011963963905612971
0.565625 -0.010047048389662368
0.584375 -0.007762005396293408
0.6057928336046257 -0.003125
0.6218750000000001 0.0037605479300380886
0.6356511436777056 0.015625
0.645280829075653 0.034375
0.6483075357199047 0.053125000000000006
0.6466974555053258 0.07187500000000001
0.640625 0.09130235891206623
0.6312255500361817 0.109375
0.6218750000000001 0.12297917314279261
0.609375 0.1377266622550715
0.596875 0.1499045262501878
0.584375 0.16014652466059545
0.5669918985417299 0.171875
0.553125 0.17960304707071895
0.534375 0.18808700771758569
0.515625 0.1947809912420068
0.496875 0.20005372014361858
0.478125 0.20413803502447364
0.453125 0.20808086251568875
0.434375 0.21003313595951442
0.40937500000000004 0.21135287307495246
0.384375 0.21102541340483089
0.36553173429795305 0.209375
0.340625 0.2041079455191685
0.32419079968340614 0.19687500000000002
0.31196074576346167 0.184375
0.31562500000000004 0.16110195090876936
0.328125 0.14723876388352097
0.340625 0.136515685757457
0.353125 0.12600133798579194
0.36562500000000003 0.11469300088305001
0.37812500000000004 0.10157011222884044
0.390625 0.08502921173025679
0.39847684719493365 0.07187500000000001
0.40826380097481213 0.053125000000000006
0.40826380097481213 0.053125000000000006

-0.4683131524308371 0.140625
-0.453125 0.15199776904513576
-0.4401171792417762 0.15937500000000002
-0.421875 0.16856802045920227
-0.403125 0.17415557128485992
-0.384375 0.16782581166788818
-0.37305059357971426 0.153125
-0.359375 0.14066167354441442
-0.3497284068149653 0.12812500000000002
-0.34334493450918496 0.109375
-0.34967327520259056 0.09062500000000001
-0.371875 0.08522095993520135
-0.3934965475818657 0.09062500000000001
-0.415625 0.0953395205200767
-0.43041430826844357 0.096875
-0.453125 0.09460130353981679
-0.4657382326669369 0.09062500000000001
-0.47838217810147016 0.096875
-0.48079866836365326 0.084375
-0.49062500000000003 0.08142591377755985
-0.5011839008286455 0.096875
-0.49152334649213597 0.115625
-0.4818408800779726 0.12812500000000002
-0.4683131524308371 0.140625
-0.4683131524308371 0.140625

-0.19677142567264672 0.134375
-0.1862750172680217 0.115625
-0.17577490352642755 0.10312500000000001
-0.1606664445074174 0.09062500000000001
-0.146875 0.08218323271383048
-0.12812500000000002 0.07398064045346583
-0.109375 0.06859264983301819
-0.084375 0.06569100358043489
-0.059375000000000004 0.06752382013176043
-0.040625 0.07315143632891923
-0.02276658627846074 0.084375
-0.013570555833243188 0.096875
-0.009091473743921604 0.115625
-0.007761425095169652 0.140625
-0.0050111882099762445 0.16562500000000002
-0.002958086505534737 0.184375
-0.003125 0.20465906721361424
-0.009375000000000001 0.22609426925362436
-0.02078080665523553 0.240625
-0.034375 0.2502001489222176
-0.053125000000000006 0.2579676926226171
-0.07187500000000001 0.26260278250610086
-0.096875 0.26522336792444307
-0.12187500000000001 0.2651386599763601
-0.146875 0.2627025448678973
-0.16562500000000002 0.2589496419827558
-0.1870515095426995 0.253125
-0.20455729232274047 0.246875
-0.22187500000000002 0.23884115817122742
-0.23721990205041768 0.22812500000000002
-0.242903901836674 0.209375
-0.234375 0.19665919037065144
-0.22187500000000002 0.18300270835701635
-0.2101427754672339 0.16562500000000002
-0.203125 0.14964813255706197
-0.19677142567264672 0.134375
-0.19677142567264672 0.134375

-0.07682971753875212 0.015625
-0.065625 0.013999629401625694
-0.053125000000000006 0.01175909149099463
-0.034375 0.004483424134204802
-0.015625 0.0010014388711924145
-0.003125 -0.0020893470548321853
0.01494472185218834 -0.003125
0.028125 -0.005789190731103323
0.04743589686470229 -0.009375000000000001
0.07187500000000001 -0.013047529297666016
0.09062500000000001 -0.0179946205558379
0.115625 -0.02180253485801631
0.134375 -0.025633684654764274
0.153125 -0.02987421639284705
0.178125 -0.033367083761773234
0.19687500000000002 -0.03704701914845417
0.21819737972727707 -0.040625
0.240625 -0.04398337387806601
0.259375 -0.04869162117548345
0.284375 -0.05133607947234133
0.30312500000000003 -0.055939246040300594
0.32535548750026605 -0.059375000000000004
0.34687500000000004 -0.06285994903626702
0.36562500000000003 -0.06685648415979785
0.390625 -0.0699737300214569
0.40937500000000004 -0.07423753327388789
0.43343015995181394 -0.078125
0.453125 -0.08104791509714436
0.47187500000000004 -0.0848022245294941
0.484375 -0.08591400782487699
0.503125 -0.09596207339611734
0.5125606453102449 -0.109375
0.5202661056791027 -0.12812500000000002
0.5235022792986505 -0.146875
0.521875 -0.16909640082316466
0.5114430069005157 -0.184375
0.4944105354188674 -0.19062500000000002
0.47187500000000004 -0.19082092431184705
0.453125 -0.18730374772657798
0.434375 -0.18096129510811948
0.41565606779494985 -0.171875
0.403125 -0.16389252644163912
0.3905135088764167 -0.153125
0.3811170696520577 -0.134375
0.390625 -0.11894342868603071
0.40569315558713825 -0.109375
0.42812500000000003 -0.10328571117927099
0.43585441544034736 -0.09062500000000001
0.415625 -0.08945950458869524
0.39687500000000003 -0.08391832549171464
0.371875 -0.0822971658944523
0.353125 -0.07687646658768454
0.3313057632283157 -0.07187500000000001
0.309375 -0.07008915020278325
0.290625 -0.0650403975651501
0.265625 -0.06270314729827786
0.246875 -0.057972795636091
0.22428446779287872 -0.053125000000000006
0.203125 -0.051559829812986555
0.184375 -0.04672250267025376
0.15937500000000002 -0.044803668897087166
0.140625 -0.03982661970479881
0.115625 -0.0352593868416208
0.096875 -0.03336124712053037
0.078125 -0.027773437581898444
0.053125000000000006 -0.02635859495707041
0.034375 -0.020675987137408307
0.010666584775075027 -0.015625
-0.009375000000000001 -0.013538730253704896
-0.028125 -0.008404973752043353
-0.053125000000000006 -0.005568781648324355
-0.07187500000000001 -0.0009745284123677546
-0.09298521287264502 0.003125
-0.115625 0.00590992644976851
-0.134375 0.009549416652510356
-0.15937500000000002 0.012646068506226706
-0.178125 0.016129058735415487
-0.203125 0.019661309658240655
-0.22187500000000002 0.022117774968421967
-0.2449776799247617 0.028125
-0.26241863721311637 0.028125
-0.27187500000000003 0.026878940622680352
-0.284375 0.03457099925528561
-0.2953366703973817 0.028125
-0.3026079731409146 0.028125
-0.31278267016956607 0.034375
-0.328125 0.04099678062472971
-0.340625 0.04206712857791143
-0.359375 0.047334635601430426
-0.3817451078109889 0.053125000000000006
-0.403125 0.054206246034429466
-0.421875 0.059997177900456174
-0.44432099431391897 0.065625
-0.453125 0.07769458494825177
-0.42812500000000003 0.07490093818461528
-0.40937500000000004 0.0694162197618472
-0.384375 0.06621933235832612
-0.36562500000000003 0.06208998349866085
-0.34687500000000004 0.05881576041025024
-0.321875 0.05484994502865432
-0.30312500000000003 0.05055345890926272
-0.28258233290658896 0.046875
-0.259375 0.04331459676183596
-0.240625 0.03866256228565278
-0.215625 0.03581199227821636
-0.19687500000000002 0.031950906857015904
-0.17377461208959888 0.028125
-0.153125 0.026033650369032255
-0.13252839473784442 0.021875000000000002
-0.12009897821131058 0.021875000000000002
-0.10312500000000001 0.014716202829724549
-0.09062500000000001 0.014793920698313014
-0.07682971753875212 0.015625
-0.07682971753875212 0.015625

0.765625 -0.029008103890514045
0.7406250000000001 -0.02978848343220135
0.7156250000000001 -0.03266762452628846
0.696875 -0.03734718382996961
0.6791334227100104 -0.046875
0.6682161937977162 -0.059375000000000004
0.6617499411325736 -0.078125
0.6627424885889726 -0.10312500000000001
0.6665482585621898 -0.12187500000000001
0.6678501727520416 -0.146875
0.6605866138490968 -0.16562500000000002
0.652130984819174 -0.178125
0.643321933583882 -0.19687500000000002
0.6522983771947749 -0.215625
0.665625 -0.22388019580471324
0.6843750000000001 -0.23075435404562106
0.703125 -0.2348010004542431
0.728125 -0.2375378524528127
0.753125 -0.23730701645911917
0.7756170709585453 -0.234375
0.796875 -0.22915541821622337
0.8144956942535645 -0.22187500000000002
0.828125 -0.21364999047218697
0.8406250000000001 -0.20208331667441307
0.8515979987433396 -0.184375
0.8567500085634057 -0.16562500000000002
0.8578703453164562 -0.140625
0.8571875049525698 -0.115625
0.859375 -0.09471086720719998
0.8656250000000001 -0.07449889957235735
0.8665859526689488 -0.053125000000000006
0.853125 -0.04214188687136088
0.8343750000000001 -0.03576393283763968
0.815625 -0.03224660462212295
0.790625 -0.029759128604875104
0.765625 -0.029008103890514045
0.765625 -0.029008103890514045

-0.471653703862034 0.078125
-0.45975989801856465 0.078125
-0.471653703862034 0.078125

0.49008051335936453 -0.065625
0.49331943779515836 -0.078125
0.49008051335936453 -0.065625
0.49008051335936453 -0.065625

0.45937500000000003 -0.09810181671174863
0.45937500000000003 -0.09624824685781172
0.45937500000000003 -0.09810181671174863

-0.4680580620310151 0.140625
-0.453125 0.15161802826347237
-0.43853255003685737 0.15937500000000002
-0.421875 0.16702506601653008
-0.39687500000000003 0.17130182400805333
-0.3809891201079524 0.15937500000000002
-0.36736110506752745 0.146875
-0.354759056921265 0.134375
-0.34687500000000004 0.11977987042774242
-0.34624423681230315 0.096875
-0.359375 0.08824471198870389
-0.384375 0.08934818630100008
-0.403125 0.09337394319386702
-0.421875 0.09740776106742875
-0.4405763751223122 0.096875
-0.453125 0.09476716750062919
-0.4758194362604962 0.096875
-0.4846579239906675 0.09062500000000001
-0.484375 0.0768517414050577
-0.49773781680291235 0.084375
-0.496875 0.10638903722452588
-0.48707808254913026 0.12187500000000001
-0.47543507581788486 0.134375
-0.4680580620310151 0.140625

-0.19610610542810325 0.134375
-0.18530061854087243 0.115625
-0.17440372195033907 0.10312500000000001
-0.15937500000000002 0.09108468267776283
-0.146875 0.08376373785667103
-0.12812500000000002 0.07566229499918034
-0.109375 0.07060496847162986
-0.084375 0.06792106590432694
-0.059375000000000004 0.07048332637673364
-0.040625 0.07667929649767918
-0.02807074319225697 0.084375
-0.015625 0.10004353968167974
-0.010597198143464635 0.12187500000000001
-0.009192407061322426 0.140625
-0.006082852566304987 0.16562500000000002
-0.00375704138485894 0.19062500000000002
-0.0067871177419765935 0.215625
-0.015625 0.2322776349129947
-0.028125 0.24403805970865364
-0.045253886325058786 0.253125
-0.06521633381580529 0.259375
-0.084375 0.262915656448593
-0.109375 0.26426573735899195
-0.134375 0.26301149945084124
-0.1569897831038388 0.259375
-0.178125 0.254529001967002
-0.19687500000000002 0.24841317963513432
-0.21466872470003603 0.240625
-0.22812500000000002 0.23272446536744318
-0.240625 0.21766863676347956
-0.2380329264283305 0.203125
-0.22789504834301152 0.19062500000000002
-0.215625 0.17577525257244622
-0.20662256831370862 0.15937500000000002
-0.19886525141263364 0.140625
-0.19610610542810325 0.134375

0.5216890109301803 -0.146875
0.515625 -0.16918289153151875
0.503125 -0.17933949782458786
0.478125 -0.18304778196479882
0.453125 -0.17817419959663558
0.4372805266526415 -0.171875
0.421875 -0.16280575875661313
0.40937500000000004 -0.15160207399603884
0.4013549205830618 -0.134375
0.40937500000000004 -0.11816840472231524
0.4231008661054351 -0.109375
0.44062500000000004 -0.10032481958218138
0.4609605772966759 -0.096875
0.44062500000000004 -0.09383173322228089
0.421875 -0.0889926781866019
0.403125 -0.08424151123173379
0.37812500000000004 -0.08187066238065577
0.359375 -0.07714434978957865
0.33437500000000003 -0.07251795520898723
0.31562500000000004 -0.07009687608398958
0.29595828744917924 -0.065625
0.27187500000000003 -0.06354098018268463
0.253125 -0.05879023926966279
0.22812500000000002 -0.055596571760302534
0.209375 -0.05174791249466371
0.18946959107908765 -0.046875
0.16562500000000002 -0.04516673126035117
0.146875 -0.039797767763563786
0.12187500000000001 -0.037001023712439164
0.10312500000000001 -0.032614895445382694
0.084375 -0.028001040197425865
0.059375000000000004 -0.025478345215142167
0.040625 -0.020551824934905934
0.015625 -0.01649448921582425
-0.003125 -0.013084483396118339
-0.02250792989405525 -0.009375000000000001
-0.046875 -0.005756660987790735
-0.065625 -0.0026023571815319067
-0.09062500000000001 0.002520077561144923
-0.109375 0.004193132725853726
-0.13127839127201346 0.009375000000000001
-0.153125 0.010686346244547649
-0.171875 0.01604933567630199
-0.19687500000000002 0.017337120543635703
-0.215625 0.022708726078202724
-0.240625 0.025528976149497548
-0.259375 0.028682002937088124
-0.27187500000000003 0.02917430723537603
-0.290625 0.034468129851850944
-0.31428264602134803 0.040625
-0.33437500000000003 0.04078469338546675
-0.353125 0.04730845401163027
-0.37812500000000004 0.050108721782863824
-0.39687500000000003 0.05439137002665995
-0.415625 0.05972519015727711
-0.44062500000000004 0.06423868394111618
-0.45900644948011277 0.07187500000000001
-0.434375 0.07495637153752666
-0.41520814075186196 0.07187500000000001
-0.390625 0.0678904821590293
-0.371875 0.06333428103773023
-0.3503556695297153 0.059375000000000004
-0.328125 0.05558596868551905
-0.309375 0.05096067895689357
-0.284375 0.047286996732838295
-0.265625 0.04403787753200902
-0.24516329308859114 0.040625
-0.22187500000000002 0.037486099118051446
-0.203125 0.03291501502912571
-0.178125 0.03093091135754874
-0.15937500000000002 0.02499407616276036
-0.134375 0.023416455002599493
-0.12187500000000001 0.023078598293309213
-0.1044077748470955 0.015625
-0.09479100522002981 0.015625
-0.078125 0.016327846043391932
-0.07116821552563611 0.009375000000000001
-0.05583982374219509 0.009375000000000001
-0.040625 0.00863776675741515
-0.020945172922253206 0.003125
0.003125 8.299403280213717e-5
0.021875000000000002 -0.006157225780581076
0.040625 -0.00951792468598467
0.053125000000000006 -0.012077998122972803
0.07663592851200142 -0.015625
0.096875 -0.01900048905249923
0.115625 -0.02202488117488984
0.140625 -0.02600101054760998
0.15937500000000002 -0.03042036726110224
0.184375 -0.03433882572142288
0.203125 -0.03781987028126539
0.22187500000000002 -0.04240410323814048
0.246875 -0.04536284632457322
0.265625 -0.04958271854597828
0.28854341538818956 -0.053125000000000006
0.309375 -0.056401678921469287
0.328125 -0.06064043410295809
0.353125 -0.06343868610046506
0.371875 -0.0681523012933005
0.39687500000000003 -0.07174131701889418
0.415625 -0.07504077514169784
0.434375 -0.07860671584067919
0.45937500000000003 -0.08262318083347417
0.4761986697725732 -0.09062500000000001
0.49062500000000003 -0.0856966677872461
0.5043213265404695 -0.096875
0.5151500786840577 -0.115625
0.5208195303602531 -0.134375
0.5216890109301803 -0.146875

0.765625 -0.032618247530816755
0.7406250000000001 -0.03334855665718568
0.721875 -0.03542631561307351
0.7003314541621658 -0.040625
0.6843750000000001 -0.048222658909817875
0.671875 -0.060291041822463094
0.6642088739364505 -0.078125
0.6642364644193216 -0.10312500000000001
0.6678765361454401 -0.12187500000000001
0.6695652949053134 -0.146875
0.6635342744114353 -0.16562500000000002
0.6540456852054343 -0.184375
0.6531250000000001 -0.19868652754502245
0.665625 -0.2138298434575523
0.6820069250298723 -0.22187500000000002
0.703125 -0.22771956459515696
0.721875 -0.23048992036236435
0.7468750000000001 -0.23122019377733255
0.7718750000000001 -0.22864041105737556
0.790625 -0.2244360344254927
0.8093750000000001 -0.2172722011370571
0.8229016919335508 -0.209375
0.83699030636192 -0.19687500000000002
0.846875 -0.181584114133015
0.8531037641890558 -0.15937500000000002
0.8540053913745934 -0.140625
0.853125 -0.12097397346486004
0.853125 -0.10091958468321728
0.8561805816293278 -0.078125
0.853125 -0.05585395169808919
0.8406250000000001 -0.04556124056335348
0.821875 -0.03888196170773996
0.796875 -0.034520106710635365
0.7781250000000001 -0.03299938166605436
0.765625 -0.032618247530816755

-0.47164022626798646 0.078125
-0.45977300986903236 0.078125
-0.47164022626798646 0.078125

0.5281250000000001 0.17479558025142225
0.509375 0.1808442701292642
0.49062500000000003 0.18544417062988916
0.465625 0.18969839507887434
0.446875 0.19164834648634924
0.421875 0.19263403833352816
0.39687500000000003 0.19154055971420642
0.37812500000000004 0.1885501637413894
0.359375 0.18132154013893603
0.35075405106164004 0.16562500000000002
0.359375 0.149326578478839
0.371875 0.1343760172368744
0.3826491008389493 0.12187500000000001
0.3923621578187603 0.109375
0.403125 0.09277071693623928
0.4107733808656639 0.078125
0.4194363156297117 0.059375000000000004
0.42812500000000003 0.042783492727975186
0.43844509052034375 0.028125
0.45085636470096846 0.015625
0.465625 0.004945258724667931
0.483192347406725 -0.003125
0.503125 -0.006807731518327625
0.5281250000000001 -0.007045754999474589
0.553125 -0.0059784393013931365
0.578125 -0.003453150078232492
0.596875 0.0006690749557001631
0.6156250000000001 0.008817969159310877
0.628125 0.020094216059073827
0.6359555256492087 0.034375
0.6391345992440445 0.059375000000000004
0.634375 0.080898158535087
0.6269269100243329 0.096875
0.6156250000000001 0.11357759573914428
0.603125 0.12771316935797333
0.5906250000000001 0.1392289084755049
0.578125 0.14886675501670882
0.5615056348915343 0.15937500000000002
0.546875 0.16698794148786228
0.5281250000000001 0.17479558025142225
0.5281250000000001 0.17479558025142225

0.48787624465830987 -0.07187500000000001
0.49062500000000003 -0.07923037091378432
0.48787624465830987 -0.07187500000000001

-0.46780297163119305 0.140625
-0.453125 0.15123828748180898
-0.4369479208319386 0.15937500000000002
-0.4214447164557586 0.16562500000000002
-0.39687500000000003 0.16879434628715648
-0.38318232467609087 0.15937500000000002
-0.3686432543382227 0.146875
-0.3556693623286433 0.134375
-0.34687500000000004 0.11703636922802305
-0.34687500000000004 0.09975913836986769
-0.359375 0.09000198223662076
-0.384375 0.09058947315440402
-0.403125 0.09414756308723336
-0.421875 0.09769348550853281
-0.44169255992904566 0.096875
-0.465625 0.09068438148970147
-0.47838612466893443 0.096875
-0.48080610626675724 0.084375
-0.49062500000000003 0.08142768332803443
-0.5011805189538928 0.096875
-0.4914885655546316 0.115625
-0.4816958372729509 0.12812500000000002
-0.46780297163119305 0.140625
-0.46780297163119305 0.140625

-0.19544078518355978 0.134375
-0.184375 0.11568713448572926
-0.1730325403742506 0.10312500000000001
-0.15937500000000002 0.0923509278196434
-0.1450781651840666 0.084375
-0.12812500000000002 0.07734394954489483
-0.10531713228675804 0.07187500000000001
-0.084375 0.07015112822821898
-0.065625 0.07196951936091855
-0.04470611718713806 0.078125
-0.028125 0.08833761044263463
-0.01724664874393101 0.10312500000000001
-0.012472079859049509 0.12187500000000001
-0.00979907672434009 0.146875
-0.0071545169226337295 0.16562500000000002
-0.004856344849060975 0.19062500000000002
-0.008460320055186411 0.215625
-0.015625 0.22930463533650638
-0.028125 0.24175937496230043
-0.046875 0.25209003228578764
-0.065625 0.2580779563569899
-0.084375 0.2614990708866325
-0.109375 0.26306575013874406
-0.134375 0.26178051550783
-0.153125 0.2589521944514018
-0.1779566884680645 0.253125
-0.19675618163185052 0.246875
-0.21129813974853184 0.240625
-0.22812500000000002 0.23043608152883321
-0.23909200509568165 0.215625
-0.23224821796964018 0.19687500000000002
-0.22154830779656234 0.184375
-0.209375 0.16629152438105418
-0.203125 0.1524050520285347
-0.19544078518355978 0.134375
-0.19544078518355978 0.134375

0.5198179424032499 -0.146875
0.5117994450631678 -0.16562500000000002
0.496875 -0.17482528921086374
0.47187500000000004 -0.1758585833996222
0.453125 -0.17082942076944196
0.434375 -0.1610949419245256
0.421875 -0.14993792162427858
0.4144425882927172 -0.134375
0.421875 -0.11722135910657294
0.434375 -0.10764736981059843
0.453125 -0.10064595183135197
0.453125 -0.09580159382838686
0.434375 -0.09025489442555643
0.40937500000000004 -0.08743348306906264
0.390625 -0.08301355185731098
0.36871206365115455 -0.078125
0.34687500000000004 -0.0759726879959179
0.328125 -0.07125386073947386
0.30312500000000003 -0.06862082144999967
0.284375 -0.06403621296569949
0.26396593805691915 -0.059375000000000004
0.240625 -0.05673011881747385
0.22187500000000002 -0.05230283938088909
0.19687500000000002 -0.04889086379061711
0.178125 -0.04491629594787923
0.15671709474078122 -0.040625
0.134375 -0.03793052379599792
0.115625 -0.03403464715427513
0.09062500000000001 -0.030581287925965428
0.07187500000000001 -0.027044581720593923
0.04819502507567323 -0.021875000000000002
0.028125 -0.02014288362670062
0.009375000000000001 -0.014922624175489285
-0.015625 -0.012691392046005964
-0.034375 -0.007619395574574645
-0.05519988178110769 -0.003125
-0.078125 -0.00019682721856640467
-0.096875 0.004447996545975536
-0.12187500000000001 0.007272178026535944
-0.140625 0.01142813749645936
-0.16264357995497591 0.015625
-0.184375 0.017891966552132602
-0.203125 0.02193786294794696
-0.22812500000000002 0.02390805204792546
-0.246875 0.028516817269941742
-0.27187500000000003 0.03033493066094989
-0.290625 0.03464341179810658
-0.3132715515460354 0.040625
-0.33437500000000003 0.04106797639450748
-0.353125 0.047415699410394765
-0.37812500000000004 0.050757900707958326
-0.39687500000000003 0.05453257894546777
-0.415625 0.05978590034813763
-0.44062500000000004 0.06441274769774914
-0.4589659513672037 0.07187500000000001
-0.434375 0.07492514867639888
-0.41532337644463835 0.07187500000000001
-0.390625 0.06783611820798333
-0.371875 0.06327587923839931
-0.3508211080436112 0.059375000000000004
-0.328125 0.05552802118920385
-0.309375 0.05090618031423384
-0.284375 0.04718458144943682
-0.265625 0.04398579228442103
-0.24531885547694826 0.040625
-0.22187500000000002 0.0374129280650489
-0.203125 0.03281968537489423
-0.178125 0.030806435003159764
-0.15937500000000002 0.02484017009368454
-0.134375 0.02313024534400318
-0.12187500000000001 0.022830632222562378
-0.115495549520814 0.015625
-0.09741313214699893 0.015625
-0.084375 0.014026646859313301
-0.07426999660227732 0.009375000000000001
-0.06270937602635486 0.009375000000000001
-0.05031624890571373 0.009375000000000001
-0.040625 0.008235967734420327
-0.02378310037056476 0.003125
-0.009375000000000001 0.0023248683120347773
0.009375000000000001 -0.005055930945486691
0.034375 -0.007456252807141013
0.053125000000000006 -0.012258590624331895
0.07628514316476787 -0.015625
0.096875 -0.01914992416337955
0.115625 -0.02222837261930581
0.140625 -0.026147519853905267
0.15937500000000002 -0.030551011568311318
0.18328733287605342 -0.034375
0.203125 -0.03793167454896811
0.22187500000000002 -0.04257516050539903
0.246875 -0.04549800071855499
0.265625 -0.0496987233853065
0.2882003318656274 -0.053125000000000006
0.309375 -0.05649992690393001
0.328125 -0.060795935361181073
0.353125 -0.06354676021181555
0.371875 -0.06824617151048139
0.39678206718844505 -0.07187500000000001
0.415625 -0.07511703396279722
0.434375 -0.07874135526135834
0.45937500000000003 -0.08271160187685465
0.47613062450689236 -0.09062500000000001
0.49062500000000003 -0.0857079410813332
0.5041529168958215 -0.096875
0.5147994534220166 -0.115625
0.519866254264754 -0.134375
0.5198179424032499 -0.146875

0.6608336904172122 -0.19687500000000002
0.6722147420533194 -0.209375
0.690625 -0.218227124738011
0.7093750000000001 -0.22301473643395078
0.734375 -0.22577714515955236
0.759375 -0.22502773472908166
0.7785258751300339 -0.22187500000000002
0.7993187324741768 -0.215625
0.815625 -0.2076930662703579
0.8296736730513876 -0.19687500000000002
0.8406250000000001 -0.18305412342485541
0.8477856378927293 -0.16562500000000002
0.8504395346749326 -0.140625
0.8491009691818984 -0.115625
0.8485870251533518 -0.09062500000000001
0.8469047024526577 -0.065625
0.8378797675752937 -0.053125000000000006
0.821875 -0.044797525411470154
0.8031250000000001 -0.03982854460935423
0.7781250000000001 -0.0366799496247415
0.753125 -0.03608933983227755
0.728125 -0.03791698474576221
0.7093750000000001 -0.04158934306436999
0.690625 -0.04883478628218548
0.6770564497154637 -0.059375000000000004
0.6666993146377711 -0.078125
0.6650861783736931 -0.096875
0.6679641530826824 -0.115625
0.6715042528182859 -0.140625
0.6664381757709786 -0.16562500000000002
0.6596227030792755 -0.184375
0.6608336904172122 -0.19687500000000002
0.6608336904172122 -0.19687500000000002

0.503125 0.0003906440604218636
0.484375 0.005322795308476035
0.46602731386678153 0.015625
0.453125 0.027206714661950862
0.44274030442794643 0.040625
0.434375 0.056526574617347884
0.42812500000000003 0.07193539823723333
0.42096735011333464 0.09062500000000001
0.4127964369297311 0.109375
0.4038423598196004 0.12812500000000002
0.39742768785411814 0.146875
0.4076049655643114 0.16562500000000002
0.42812500000000003 0.17172523959162855
0.446875 0.17321012252200246
0.47187500000000004 0.17227884299951654
0.49062500000000003 0.16975345382507864
0.5097464656101095 0.16562500000000002
0.5298726898990396 0.15937500000000002
0.546875 0.15239378555278588
0.565625 0.14241782770193448
0.578125 0.13413612201585629
0.5931953382391691 0.12187500000000001
0.605459091323905 0.109375
0.6156250000000001 0.09611901922165592
0.6250782836785906 0.078125
0.6296706666883819 0.059375000000000004
0.628125 0.04007539812104238
0.6184184729192339 0.021875000000000002
0.603125 0.010272785235636378
0.584375 0.003568074651766025
0.565625 0.00043742679460812743
0.540625 -0.0011454063880884028
0.515625 -0.0008270470084371321
0.503125 0.0003906440604218636

-0.471626748673939 0.078125
-0.4597861217195 0.078125
-0.471626748673939 0.078125

0.4885581668049183 -0.07187500000000001
0.49062500000000003 -0.0791864892990415
0.4885581668049183 -0.07187500000000001

-0.46754788123137103 0.140625
-0.453125 0.15085854670014556
-0.4353632916270198 0.15937500000000002
-0.41679837858136964 0.16562500000000002
-0.39687500000000003 0.16628686856625965
-0.384375 0.15867788371699545
-0.369925403608918 0.146875
-0.3565796677360216 0.134375
-0.3473391004884093 0.115625
-0.3471722321470669 0.10312500000000001
-0.3624371640309703 0.09062500000000001
-0.37835084923384504 0.09062500000000001
-0.403125 0.09492118298059969
-0.421875 0.09797920994963687
-0.44275292566346114 0.096875
-0.465625 0.0907183401272433
-0.47838809795266657 0.096875
-0.48080982521830923 0.084375
-0.49062500000000003 0.08142856810327173
-0.5011788280165165 0.096875
-0.4914711750858794 0.115625
-0.4816233158704401 0.12812500000000002
-0.46754788123137103 0.140625
-0.46754788123137103 0.140625

-0.1947754649390163 0.134375
-0.184375 0.11692828931574573
-0.171875 0.10330636790850613
-0.15937500000000002 0.09361717296152394
-0.1421481397220836 0.084375
-0.1254456064239917 0.078125
-0.10312500000000001 0.07319704535951886
-0.078125 0.07259680966868207
-0.053125000000000006 0.07762694487779052
-0.03839310214638493 0.084375
-0.024068323294021192 0.096875
-0.01564737344583599 0.115625
-0.012570621982997052 0.134375
-0.009375000000000001 0.15816258591362534
-0.006633755058639374 0.178125
-0.00680573991104047 0.203125
-0.012814007555355153 0.22187500000000002
-0.02219316616567513 0.234375
-0.03954190338480214 0.246875
-0.0541870676510236 0.253125
-0.078125 0.25910879583895685
-0.096875 0.26140546699226913
-0.12187500000000001 0.26157857674820945
-0.14281104054216193 0.259375
-0.16562500000000002 0.255355282181782
-0.184375 0.2501450130808415
-0.203125 0.2430315217260253
-0.21965150706440575 0.234375
-0.23395332752821138 0.22187500000000002
-0.23495608209514598 0.203125
-0.22604946320380256 0.19062500000000002
-0.215625 0.1776209258899264
-0.2055543410768723 0.15937500000000002
-0.19765516676141143 0.140625
-0.1947754649390163 0.134375

0.5179468738763193 -0.146875
0.509375 -0.1625520660256564
0.49062500000000003 -0.17082308694941373
0.465625 -0.16902969118057962
0.446875 -0.16130582277856556
0.434375 -0.15205682018108585
0.42378356213045165 -0.134375
0.43038828224534836 -0.115625
0.446875 -0.10349362870193499
0.4622306054558169 -0.096875
0.4416762700964194 -0.09062500000000001
0.421875 -0.08833307278464565
0.403125 -0.08393102489993638
0.37812500000000004 -0.08055069111812489
0.359375 -0.07670955404427704
0.3362668685149962 -0.07187500000000001
0.31562500000000004 -0.06936734117788332
0.296875 -0.06539635507548784
0.27187500000000003 -0.062336778612307214
0.253125 -0.058382519360381926
0.22828413863694738 -0.053125000000000006
0.209375 -0.05107256004025327
0.19062500000000002 -0.046539747769188865
0.16562500000000002 -0.04408293854521347
0.146875 -0.03931614305330524
0.12187500000000001 -0.03456297149246872
0.10312500000000001 -0.031854228502538974
0.084375 -0.027439299992885628
0.059375000000000004 -0.024200762375127895
0.040625 -0.019892247372311586
0.01821426176665796 -0.015625
-0.003125 -0.012053533054522517
-0.021875000000000002 -0.00881951386932853
-0.046875 -0.004356182925369041
-0.065625 -0.0021134977435012985
-0.08958346717590474 0.003125
-0.109375 0.004732743805068878
-0.12812500000000002 0.009376225628973152
-0.153125 0.011302905711335503
-0.171875 0.016357271053300274
-0.19687500000000002 0.018431718654988
-0.215625 0.02306560440548429
-0.2395594926978737 0.028125
-0.259375 0.029189653695862575
-0.278125 0.03483167871768568
-0.30312500000000003 0.03589571364455655
-0.321875 0.04173910375511493
-0.3431218150877251 0.046875
-0.36562500000000003 0.04905212414833372
-0.384375 0.05373031770267302
-0.40937500000000004 0.058691946677567414
-0.42812500000000003 0.06098299372618511
-0.446875 0.06596724614528701
-0.446875 0.07784377984929855
-0.421875 0.07269241327274911
-0.403125 0.06967980857986925
-0.3836957457284424 0.065625
-0.359375 0.0622162997697397
-0.340625 0.05658905518285675
-0.3157871821876078 0.053125000000000006
-0.296875 0.04922112970218463
-0.278125 0.04543320576679184
-0.253125 0.04203976557856035
-0.234375 0.03826715770030949
-0.21068978543298955 0.034375
-0.19062500000000002 0.03128634176015521
-0.171875 0.026435194342695888
-0.146875 0.023697936068995486
-0.12812500000000002 0.0192220072021892
-0.11647630172332388 0.015625
-0.10495962891396032 0.015625
-0.084375 0.013519293109953595
-0.07524129260383997 0.009375000000000001
-0.06298716377223168 0.009375000000000001
-0.05069326472259782 0.009375000000000001
-0.040625 0.007834168711425504
-0.021875000000000002 0.0028749654696987557
0.003125 -0.0004093182072237929
0.021875000000000002 -0.006696447108929733
0.040625 -0.010335507998446177
0.065625 -0.014223565056336467
0.084375 -0.017704807395952715
0.10900063992765253 -0.021875000000000002
0.12812500000000002 -0.02492577359953638
0.146875 -0.028666279153292704
0.171875 -0.03203030258967887
0.19062500000000002 -0.036976761260119353
0.215625 -0.040006045508609304
0.234375 -0.0440351563308376
0.2535003207373671 -0.046875
0.278125 -0.050995117703481384
0.296875 -0.05516475373918664
0.321875 -0.058495523821783225
0.340625 -0.062304226243689975
0.359375 -0.0657234974478668
0.384375 -0.06934857014614568
0.403125 -0.07405771238112659
0.42812500000000003 -0.07686153051713092
0.446875 -0.08095643367836067
0.46990601381759695 -0.084375
0.4786677937262377 -0.09062500000000001
0.4995892696038405 -0.09062500000000001
0.509375 -0.10621869563724658
0.5166293142479511 -0.12187500000000001
0.5179468738763193 -0.146875
0.5179468738763193 -0.146875

0.8438698123062778 -0.096875
0.8459876002216347 -0.12187500000000001
0.8469619061917236 -0.140625
0.8452840598231395 -0.15937500000000002
0.8384396601276771 -0.178125
0.828125 -0.1918367943222662
0.8138706251828661 -0.203125
0.796875 -0.2116539109251115
0.7781250000000001 -0.21731005855631774
0.753125 -0.22081242271929918
0.728125 -0.22057485383952577
0.703125 -0.2163659561518222
0.6843750000000001 -0.209451262899927
0.671875 -0.2006370289729257
0.6648865945751468 -0.184375
0.6692353146715032 -0.16562500000000002
0.6729797393854949 -0.146875
0.6716594088971019 -0.12812500000000002
0.6672713516787876 -0.10312500000000001
0.6692325428979481 -0.078125
0.6781250000000001 -0.06288073084926131
0.690625 -0.05283790139028719
0.7093750000000001 -0.04499112396409873
0.7329309529358131 -0.040625
0.753125 -0.03931754661186854
0.7781250000000001 -0.040288876207556994
0.796875 -0.042958836752922246
0.815625 -0.04827447819891713
0.833490410213243 -0.059375000000000004
0.8406432659718062 -0.07187500000000001
0.8438698123062778 -0.096875
0.8438698123062778 -0.096875

0.46045600371237866 0.034375
0.4521747030311868 0.046875
0.44430707804743297 0.065625
0.43902189136734426 0.084375
0.434375 0.10460133419999139
0.43187909734392715 0.12812500000000002
0.44062500000000004 0.14506382201341275
0.45937500000000003 0.15256865226083727
0.478125 0.15401897556733357
0.496875 0.15264872393809992
0.521875 0.1473900946398827
0.540625 0.14090330393039163
0.5547333900021959 0.134375
0.571875 0.12426491928174163
0.584375 0.11487925155179578
0.596875 0.10307735022846086
0.609375 0.08681494708652945
0.6166677674938942 0.07187500000000001
0.6195268285805048 0.046875
0.6118248014800503 0.028125
0.5971175461696865 0.015625
0.581189130235251 0.009375000000000001
0.5593750000000001 0.005624250205449797
0.534375 0.004691086974734516
0.509375 0.0066439072817735785
0.49062500000000003 0.011734577012982967
0.47311685081412047 0.021875000000000002
0.46045600371237866 0.034375
0.46045600371237866 0.034375

-0.4716132710798915 0.078125
-0.45979923356996766 0.078125
-0.4716132710798915 0.078125

0.47216594598437717 -0.096875
0.47216594598437717 -0.096875
0.47216594598437717 -0.096875

0.48924008895152676 -0.07187500000000001
0.49062500000000003 -0.07914260768429868
0.48924008895152676 -0.07187500000000001

-0.467292790831549 0.140625
-0.453125 0.15047880591848217
-0.434375 0.15915568212974665
-0.415625 0.1648317468286287
-0.390625 0.16147005232180536
-0.37812500000000004 0.15221006999294528
-0.36355740252303226 0.140625
-0.3530477508261929 0.12812500000000002
-0.34868557973232495 0.10312500000000001
-0.36562500000000003 0.09104875191456688
-0.390625 0.09343617890558148
-0.41094086679732794 0.096875
-0.434375 0.09723464164051945
-0.453125 0.09526475938306642
-0.47576676976885807 0.096875
-0.48465850780333425 0.09062500000000001
-0.484375 0.07687253121969498
-0.49773373544560057 0.084375
-0.496875 0.10635588891476819
-0.48697794524472415 0.12187500000000001
-0.47500928912514967 0.134375
-0.467292790831549 0.140625

-0.19411014469447282 0.134375
-0.184375 0.11816944414576219
-0.171875 0.10447041460220514
-0.15937500000000002 0.09488341810340449
-0.140625 0.08496329624627164
-0.12187500000000001 0.07851138616969075
-0.10312500000000001 0.07484809748355095
-0.078125 0.07455134729070073
-0.059375000000000004 0.07814583988803984
-0.040625 0.08594309125587925
-0.027400982461322006 0.096875
-0.01766723400191572 0.115625
-0.014011422564525523 0.134375
-0.010214724089317673 0.15937500000000002
-0.0076713415103367285 0.178125
-0.008091317180636505 0.203125
-0.014571323022787262 0.22187500000000002
-0.024403530829061715 0.234375
-0.040625 0.2458216048051367
-0.058580827869579265 0.253125
-0.078125 0.2579610297002748
-0.096875 0.2601328333482112
-0.12187500000000001 0.26039188233882593
-0.140625 0.2586991681391809
-0.16562500000000002 0.254157162248124
-0.184375 0.24892191493753862
-0.203125 0.24159062465564538
-0.2168744741128794 0.234375
-0.23176066920849583 0.22187500000000002
-0.234375 0.20631277073692073
-0.22512667063419808 0.19062500000000002
-0.2153405439640942 0.178125
-0.2050202274584541 0.15937500000000002
-0.19705012443580033 0.140625
-0.19411014469447282 0.134375

0.4584162580592375 0.065625
0.465625 0.04689162046500702
0.47448707127891737 0.034375
0.4898503003912706 0.021875000000000002
0.5043799954677234 0.015625
0.5281250000000001 0.011564608703386102
0.553125 0.011534445957514962
0.5769119032658911 0.015625
0.5911006569412687 0.021875000000000002
0.6039397577304446 0.034375
0.6086971435941422 0.059375000000000004
0.6019765715414841 0.078125
0.5906250000000001 0.09355199071197548
0.578125 0.1052084572020881
0.563002462406388 0.115625
0.546875 0.1239173096322219
0.5281250000000001 0.13056756967110872
0.509182950584505 0.134375
0.4861753778930121 0.134375
0.46824420159798025 0.12812500000000002
0.45801277657692385 0.115625
0.4548170667170892 0.09062500000000001
0.4584162580592375 0.065625
0.4584162580592375 0.065625

0.5160758053493889 -0.146875
0.5073376536074784 -0.15937500000000002
0.49062500000000003 -0.16647732886297387
0.47179509295390476 -0.16562500000000002
0.453125 -0.15885338032555785
0.43771086781095503 -0.146875
0.4305067334073284 -0.12812500000000002
0.44062500000000004 -0.11082075808941264
0.45382563892193195 -0.10312500000000001
0.453125 -0.09498635706908709
0.434375 -0.08997384525904387
0.40937500000000004 -0.08559359272697933
0.390625 -0.08252866247192524
0.371875 -0.07808519273199634
0.34687500000000004 -0.07511014523911291
0.328125 -0.07089134957310264
0.30312500000000003 -0.06698938324309506
0.284375 -0.06349439651672929
0.265625 -0.05910617501914624
0.240625 -0.05578602364204461
0.22187500000000002 -0.05187097611121168
0.19687500000000002 -0.047050789334284984
0.178125 -0.044257763988138694
0.15937500000000002 -0.04061971186703732
0.134375 -0.03690677619583734
0.115625 -0.03362676564582186
0.09062500000000001 -0.028794375325646368
0.07187500000000001 -0.02648904181197286
0.0514456361998751 -0.021875000000000002
0.028125 -0.01930193295628083
0.009375000000000001 -0.01434492754934839
-0.015625 -0.011371221961444185
-0.034375 -0.006948271543664938
-0.053125000000000006 -0.0018217341765917347
-0.078125 0.0006676211967128354
-0.096875 0.005024678015185947
-0.12187500000000001 0.008404020921406243
-0.140625 0.011973526169911727
-0.15978592496397723 0.015625
-0.184375 0.018506025695751775
-0.203125 0.022189133305278746
-0.22812500000000002 0.024834818392888116
-0.246875 0.028775322306376302
-0.27187500000000003 0.032656177512097616
-0.290625 0.034993975690617844
-0.31124936259541014 0.040625
-0.33437500000000003 0.041634542412588946
-0.353125 0.04763019020792376
-0.37812500000000004 0.052056258558147335
-0.39687500000000003 0.0548149967830834
-0.415625 0.059907320729858674
-0.44062500000000004 0.06476087521101508
-0.45888495514138555 0.07187500000000001
-0.434375 0.07486270295414335
-0.41555384783019117 0.07187500000000001
-0.390625 0.06772739030589137
-0.371875 0.06315907563973747
-0.3517519850714031 0.059375000000000004
-0.328125 0.05541212619657345
-0.309375 0.050797183028914394
-0.284375 0.04697975088263387
-0.265625 0.04388162178924505
-0.2456299802536625 0.040625
-0.22187500000000002 0.03726658595904381
-0.203125 0.03262902606643127
-0.178125 0.030557482294381814
-0.15937500000000002 0.024532357955532904
-0.140625 0.02145886602784978
-0.12812500000000002 0.019076457497917636
-0.11710244595162966 0.015625
-0.10523555594739273 0.015625
-0.084375 0.013011939360593888
-0.06972163974930023 0.009375000000000001
-0.054875975928403854 0.009375000000000001
-0.046875 -0.0014789942772184361
-0.034375 0.002455124292735749
-0.009375000000000001 0.0010237279515499026
0.003125 -0.0006554743272367582
0.021875000000000002 -0.006966057773104061
0.040625 -0.01074429965467693
0.065625 -0.014403663731586785
0.084375 -0.017915306906166478
0.10855540726470186 -0.021875000000000002
0.12812500000000002 -0.025081719722647673
0.146875 -0.028944500305167993
0.171875 -0.03215875719634517
0.19062500000000002 -0.03710623530667495
0.215625 -0.04017915810241293
0.234375 -0.04414258940864138
0.2531441536878487 -0.046875
0.278125 -0.051104195906982924
0.296875 -0.055282506832776676
0.321875 -0.05864283614527675
0.340625 -0.062393871516723654
0.359375 -0.06600011521988713
0.384375 -0.06943577051113616
0.403125 -0.07416646468885117
0.42812500000000003 -0.07697164494829174
0.446875 -0.0810239425389777
0.4696514736065795 -0.084375
0.47868570207163924 -0.09062500000000001
0.4995190813825307 -0.09062500000000001
0.509375 -0.10662124078647274
0.516085990083345 -0.12187500000000001
0.5160758053493889 -0.146875
0.5160758053493889 -0.146875

0.721875 -0.04521658990101947
0.703125 -0.05033037490336113
0.6865656018762983 -0.059375000000000004
0.6749928620293575 -0.07187500000000001
0.6687352046921474 -0.09062500000000001
0.670674533034642 -0.115625
0.6739668352629036 -0.134375
0.6733188797228357 -0.15937500000000002
0.669762628092439 -0.178125
0.6762384973374292 -0.19687500000000002
0.690625 -0.2068216473833596
0.7093750000000001 -0.21322928223565188
0.728125 -0.2162254425027514
0.753125 -0.21665029971400854
0.7718750000000001 -0.21435988534417644
0.7906756069911619 -0.209375
0.8093750000000001 -0.2009771381892834
0.8233265366279655 -0.19062500000000002
0.8343750000000001 -0.17708136918772105
0.8416216043595082 -0.15937500000000002
0.8436767580911048 -0.134375
0.8411595105069459 -0.109375
0.8386113880245475 -0.09062500000000001
0.8336035313732411 -0.07187500000000001
0.821875 -0.05788371674963095
0.8031250000000001 -0.04891020005278557
0.784375 -0.04461594633818364
0.759375 -0.042447936856975385
0.734375 -0.04340176441533287
0.721875 -0.04521658990101947

-0.471599793485844 0.078125
-0.45981234542043536 0.078125
-0.471599793485844 0.078125

0.47263008024729847 -0.096875
0.47263008024729847 -0.096875
0.47263008024729847 -0.096875

0.4899220110981352 -0.07187500000000001
0.49062500000000003 -0.07909872606955586
0.4899220110981352 -0.07187500000000001

-0.467037700431727 0.140625
-0.453125 0.15009906513681878
-0.434375 0.15857289560874877
-0.415625 0.16377048410046197
-0.39072697496809117 0.15937500000000002
-0.37812500000000004 0.15115250485006967
-0.36461171311086543 0.140625
-0.353125 0.12646365407288937
-0.350198927317583 0.10312500000000001
-0.36562500000000003 0.09234049217759996
-0.390625 0.09432316812325467
-0.40937500000000004 0.09707444128689689
-0.434375 0.0974031140443624
-0.453125 0.09543062334387882
-0.47574921427164535 0.096875
-0.48465870240755654 0.09062500000000001
-0.484375 0.07687946115790739
-0.49773237499316325 0.084375
-0.496875 0.10634483947818228
-0.48694456614325543 0.12187500000000001
-0.47486736022757126 0.134375
-0.467037700431727 0.140625

-0.19344482444992936 0.134375
-0.184375 0.11941059897577866
-0.171875 0.10563446129590418
-0.15937500000000002 0.09614966324528505
-0.140625 0.08618850091775274
-0.12187500000000001 0.07986086966742428
-0.10312500000000001 0.07649914960758306
-0.078125 0.0765058849127194
-0.059375000000000004 0.08027784416034137
-0.040625 0.08871723460059687
-0.028125 0.09976007521630978
-0.019687094557995454 0.115625
-0.015452223146053996 0.134375
-0.011217419590297074 0.15937500000000002
-0.008708927962034086 0.178125
-0.009375000000000001 0.20311279830246476
-0.015625 0.22072585883428783
-0.026613895492448306 0.234375
-0.040625 0.24427352666929128
-0.059375000000000004 0.2521254026893171
-0.078125 0.2568132635615927
-0.10312500000000001 0.25930123009029415
-0.11736347026847609 0.259375
-0.140625 0.2577623245417515
-0.16501694329332223 0.253125
-0.184375 0.2476988167942357
-0.20223631982302487 0.240625
-0.215625 0.23354775519734494
-0.22956801088878032 0.22187500000000002
-0.22873669924213869 0.19687500000000002
-0.21930786780440273 0.184375
-0.209375 0.1694024715399612
-0.20179887127973395 0.153125
-0.19344482444992936 0.134375
-0.19344482444992936 0.134375

-0.23619733535954981 0.028125
-0.259375 0.029697304454637027
-0.278125 0.03505599419073433
-0.30312500000000003 0.036961375613859454
-0.321875 0.04206899502186997
-0.3414080543296976 0.046875
-0.36562500000000003 0.049564832848333726
-0.384375 0.053900785223411164
-0.4092718271011588 0.059375000000000004
-0.42812500000000003 0.061159780773514937
-0.446875 0.06604169126165824
-0.446875 0.07776856572877106
-0.421875 0.07257977964556594
-0.403125 0.06959590362421623
-0.3840534611856581 0.065625
-0.359375 0.06211143114980099
-0.340625 0.05647595651614604
-0.3163496641926518 0.053125000000000006
-0.296875 0.04910908473244362
-0.278125 0.045247033638830335
-0.253125 0.04187837564774844
-0.234375 0.0381221107674658
-0.2116666570112247 0.034375
-0.19062500000000002 0.031041393980326803
-0.171875 0.026180697397001698
-0.146875 0.0232399352116507
-0.134375 0.022271616368214252
-0.12187500000000001 0.022086734010321876
-0.11441557653940534 0.015625
-0.096875 0.014693347893396394
-0.07718388460696526 0.009375000000000001
-0.06354273926398532 0.009375000000000001
-0.051447296356365996 0.009375000000000001
-0.065625 -0.0016246383054706903
-0.0881262550798147 0.003125
-0.109375 0.0052723548842840305
-0.12812500000000002 0.00988192784786732
-0.153125 0.011919465178123355
-0.171875 0.01666520643029856
-0.19687500000000002 0.019526316766340295
-0.215625 0.023422482732765856
-0.23619733535954981 0.028125
-0.23619733535954981 0.028125

0.5142716283229266 0.021875000000000002
0.496875 0.02957501565456351
0.484375 0.04085457724815595
0.4751132089716711 0.059375000000000004
0.47334083004383065 0.084375
0.480436413946559 0.10312500000000001
0.496875 0.11426494835392405
0.515625 0.11629174677426349
0.534375 0.11320912072555886
0.553125 0.10615230847136732
0.5686652678422318 0.096875
0.5827741317319649 0.084375
0.5916864579920463 0.07187500000000001
0.5961012910881336 0.046875
0.584375 0.029491777539170757
0.5685374387792049 0.021875000000000002
0.546875 0.018659389784531043
0.521875 0.020232262940071664
0.5142716283229266 0.021875000000000002

0.14516761830114883 -0.028125
0.12187500000000001 -0.025020694088812422
0.10312500000000001 -0.020092074859266493
0.078125 -0.017545022318445947
0.059375000000000004 -0.012654732819679097
0.03776897041633956 -0.009375000000000001
0.015625 -0.004842798621902406
-0.002211692107956714 -0.003125
-0.015625 -0.000607386157995916
-0.035599237410851435 0.003125
-0.040625 -0.006722737422468294
-0.017885486245233607 -0.009375000000000001
0.003125 -0.01396757410256188
0.02195574313063861 -0.015625
0.046875 -0.02095365300889464
0.065625 -0.02377746427987308
0.09062500000000001 -0.02804247701165284
0.109375 -0.031644467837716364
0.12812500000000002 -0.03479503333158203
0.153125 -0.03931057588849802
0.171875 -0.04321781396369553
0.19687500000000002 -0.04666057733400322
0.215625 -0.05104842712593233
0.234375 -0.05478014172220979
0.259375 -0.058408468343218015
0.278125 -0.06253161612938284
0.3020819442680372 -0.065625
0.321875 -0.07014603969094019
0.340625 -0.07310764443973297
0.36562500000000003 -0.07738409717745169
0.384375 -0.08106782690443179
0.4089836460436762 -0.084375
0.42812500000000003 -0.08873190504522467
0.446875 -0.09300141538146327
0.45937500000000003 -0.10219962878249726
0.4459143283942701 -0.109375
0.43591073325713636 -0.12812500000000002
0.44456691377558816 -0.146875
0.45937500000000003 -0.15733646166896242
0.478125 -0.16297649817934676
0.5015680789247194 -0.15937500000000002
0.514045540011352 -0.146875
0.5167564094478515 -0.12812500000000002
0.511091369698642 -0.109375
0.503125 -0.09652535312236105
0.484375 -0.0859872304259781
0.47187500000000004 -0.08525331516315217
0.453125 -0.08133899351461857
0.43159752728949946 -0.078125
0.40937500000000004 -0.07464138681130038
0.390625 -0.07053129000946962
0.36562500000000003 -0.06748198091583324
0.34687500000000004 -0.06332766468657966
0.32341544815276974 -0.059375000000000004
0.30312500000000003 -0.056433916166653005
0.284375 -0.05201628484128233
0.259375 -0.04936473460241756
0.240625 -0.04453745763400373
0.21624132969743373 -0.040625
0.19687500000000002 -0.03769123935393321
0.178125 -0.03420637659265606
0.153125 -0.03072997570708807
0.14516761830114883 -0.028125

0.6916880781756997 -0.059375000000000004
0.7093750000000001 -0.051278968637375216
0.7303003075982966 -0.046875
0.753125 -0.045378361930431856
0.7756684235799914 -0.046875
0.796875 -0.05130739223526796
0.8146614871916448 -0.059375000000000004
0.82698519576914 -0.07187500000000001
0.834043091591288 -0.09062500000000001
0.8377259101861394 -0.109375
0.8405399922870086 -0.134375
0.8381390185357288 -0.15937500000000002
0.8292541589866202 -0.178125
0.8174680710536493 -0.19062500000000002
0.8031250000000001 -0.20004923495267363
0.784375 -0.2075199105403717
0.765625 -0.21163446298650818
0.7406250000000001 -0.2131669443393879
0.7156250000000001 -0.21037550629434923
0.696875 -0.20465010916384097
0.6837356335538437 -0.19687500000000002
0.673817211282791 -0.178125
0.676184919839497 -0.153125
0.6743906460804877 -0.12812500000000002
0.6710268449369443 -0.109375
0.671875 -0.08475611455225102
0.6781250000000001 -0.0718391359150167
0.6916880781756997 -0.059375000000000004
0.6916880781756997 -0.059375000000000004

-0.47158631589179656 0.078125
-0.459825457270903 0.078125
-0.47158631589179656 0.078125

0.4730942145102198 -0.096875
0.4730942145102198 -0.096875
0.4730942145102198 -0.096875

0.49060393324474366 -0.07187500000000001
0.49062500000000003 -0.07905484445481303
0.49060393324474366 -0.07187500000000001

-0.46678261003190497 0.140625
-0.453125 0.14971932435515536
-0.434375 0.15799010908775085
-0.415625 0.1627092213722952
-0.3939305917215112 0.15937500000000002
-0.37812500000000004 0.1500949397071941
-0.36562500000000003 0.14058783743422198
-0.353125 0.12463177951661349
-0.351712274902841 0.10312500000000001
-0.36562500000000003 0.09363223244063305
-0.390625 0.09521015734092785
-0.40937500000000004 0.09754365690232718
-0.434375 0.09757158644820534
-0.453125 0.09559648730469122
-0.47573165877443263 0.096875
-0.4846588970117788 0.09062500000000001
-0.484375 0.07688639109611982
-0.497731014540726 0.084375
-0.496875 0.10633379004159639
-0.4869111870417867 0.12187500000000001
-0.4747254313299929 0.134375
-0.46678261003190497 0.140625

-0.19277950420538587 0.134375
-0.184375 0.12065175380579513
-0.171875 0.10679850798960319
-0.15857476164575854 0.096875
-0.140625 0.08741370558923384
-0.12187500000000001 0.0812103531651578
-0.10277749878636379 0.078125
-0.08135132503441407 0.078125
-0.059375000000000004 0.08240984843264287
-0.04187130445051725 0.09062500000000001
-0.028352663317013332 0.10312500000000001
-0.021706955114075187 0.115625
-0.015643664545034082 0.140625
-0.012220115091276474 0.15937500000000002
-0.009375000000000001 0.18347624266622437
-0.009631551278483946 0.19687500000000002
-0.015625 0.21785591414985275
-0.028125 0.233815415280317
-0.040625 0.24272544853344585
-0.059375000000000004 0.2509052656095411
-0.078125 0.25566549742291056
-0.10312500000000001 0.25838059446957634
-0.12812500000000002 0.25802826160721215
-0.153125 0.25481599623786994
-0.171875 0.25055449053124473
-0.19062500000000002 0.24443150716159057
-0.209375 0.23580730921320567
-0.22187500000000002 0.22740080387712747
-0.23227968211711914 0.209375
-0.22328108549498915 0.19062500000000002
-0.21408681934822435 0.178125
-0.20395200022161777 0.15937500000000002
-0.19687500000000002 0.1428509705854235
-0.19277950420538587 0.134375

-0.23451625669038786 0.028125
-0.259375 0.029951129834024252
-0.278125 0.03516815192725865
-0.30312500000000003 0.03749420659851091
-0.321875 0.042233940655247486
-0.340625 0.046884229493236326
-0.36562500000000003 0.04982118719833373
-0.384375 0.053986018983780235
-0.40901768224480567 0.059375000000000004
-0.42812500000000003 0.06124817429717985
-0.446875 0.06607891381984385
-0.446875 0.0777309586685073
-0.421875 0.07252346283197436
-0.403125 0.06955395114638972
-0.3842323189142659 0.065625
-0.359375 0.06205899683983164
-0.340625 0.05641940718279069
-0.3166309051951738 0.053125000000000006
-0.296875 0.0490530622475731
-0.278125 0.04515394757484958
-0.253125 0.041797680682342485
-0.234375 0.03804958730104395
-0.21215509280034225 0.034375
-0.19062500000000002 0.030918920090412597
-0.171875 0.026053448924154603
-0.146875 0.02301093478297831
-0.134375 0.021985406709617943
-0.11835473440824122 0.015625
-0.10578741001425755 0.015625
-0.084375 0.011997231861874477
-0.06875725589840966 0.009375000000000001
-0.0542334107192097 0.009375000000000001
-0.053125000000000006 0.00022768773282573875
-0.078125 0.0015320696119920756
-0.096875 0.00560135948439636
-0.12041025575545627 0.009375000000000001
-0.140625 0.012518914843364095
-0.15937500000000002 0.01625535729681156
-0.184375 0.019120084839370947
-0.203125 0.022440403662610534
-0.22812500000000002 0.02576158473785077
-0.23451625669038786 0.028125

0.14473487673460914 -0.028125
0.12187500000000001 -0.025160474131637384
0.10312500000000001 -0.0202513103067013
0.078125 -0.017777894421687018
0.059375000000000004 -0.012887665340226005
0.03711235562013284 -0.009375000000000001
0.015625 -0.005252233101015724
-0.001620850418425859 -0.003125
-0.015625 -0.0009291511638335817
-0.03611628003307178 0.003125
-0.040625 -0.006362067006933592
-0.016768749526593445 -0.009375000000000001
0.003125 -0.013701436290326777
0.022752320470799912 -0.015625
0.046875 -0.020711967330301218
0.065625 -0.02326840139763741
0.09062500000000001 -0.027713441117342995
0.109375 -0.03132416669142872
0.1289321547245808 -0.034375
0.153125 -0.039078826264994065
0.171875 -0.04280026949339052
0.19687500000000002 -0.046395508615768896
0.215625 -0.05079816250726179
0.234375 -0.054131825169932396
0.259375 -0.058219312892387985
0.278125 -0.062151923984545866
0.30312500000000003 -0.0655545765252156
0.321875 -0.06992524925240255
0.340625 -0.07239887457197682
0.36562500000000003 -0.0772272154363457
0.384375 -0.08067961950338241
0.40937500000000004 -0.0842763895336021
0.42812500000000003 -0.08851454985657434
0.446875 -0.09213081107895713
0.45937500000000003 -0.10301919119664699
0.446875 -0.112145945721434
0.44048965879125346 -0.12812500000000002
0.446875 -0.1429260202775003
0.4594116238051893 -0.153125
0.478125 -0.15949041234201483
0.496875 -0.15839536908494653
0.5119647440567455 -0.146875
0.5160544702016013 -0.12812500000000002
0.5107975145763214 -0.109375
0.503125 -0.09663800906760978
0.484375 -0.08600187494619832
0.47187500000000004 -0.08534353328988378
0.453125 -0.08139720919811341
0.4312310007570366 -0.078125
0.40937500000000004 -0.07472215751878288
0.390625 -0.07064280200707215
0.36562500000000003 -0.06760708026704032
0.34687500000000004 -0.06342120781664219
0.3230274402832705 -0.059375000000000004
0.30312500000000003 -0.05653285019192349
0.284375 -0.05215232591507053
0.259375 -0.04949935728780438
0.240625 -0.04464827438519127
0.21585011969146506 -0.040625
0.19687500000000002 -0.037820083395029014
0.178125 -0.034374235158832624
0.153125 -0.030901127569936272
0.14473487673460914 -0.028125

0.7718750000000001 -0.2070632932286382
0.7525572085588974 -0.209375
0.734375 -0.20924614140320347
0.7093750000000001 -0.20490950103267078
0.6913485768091449 -0.19687500000000002
0.6797724440709343 -0.184375
0.6774346469153595 -0.16562500000000002
0.6776015670604787 -0.140625
0.6734349674178637 -0.115625
0.6718600134961246 -0.096875
0.6770562648870754 -0.078125
0.687744403624615 -0.065625
0.703125 -0.05650819848150842
0.721875 -0.05094152663138493
0.7468750000000001 -0.04829232818667259
0.7718750000000001 -0.04954339079472895
0.790625 -0.053397998249780455
0.8093750000000001 -0.061634820936661686
0.821875 -0.07356661953768538
0.8297734133576992 -0.09062500000000001
0.8343750000000001 -0.10955748932600284
0.8376455142686648 -0.134375
0.8347236753523738 -0.15937500000000002
0.828125 -0.17351383576085364
0.815625 -0.18755980785057758
0.8014054846889301 -0.19687500000000002
0.784375 -0.20385457215317537
0.7718750000000001 -0.2070632932286382

0.5766916931946258 0.040625
0.5593750000000001 0.03036721405269506
0.540625 0.027961060514308942
0.521875 0.030879411457255236
0.5034821686899222 0.040625
0.4946388035604691 0.053125000000000006
0.4938810219219257 0.078125
0.503125 0.09072690133281253
0.5281250000000001 0.09671113006613852
0.5504895877960189 0.09062500000000001
0.565625 0.08117374404834116
0.578125 0.0661874583732246
0.5801458049633651 0.046875
0.5766916931946258 0.040625

-0.47157283829774904 0.078125
-0.45983856912137067 0.078125
-0.47157283829774904 0.078125

0.4735583487731411 -0.096875
0.4735583487731411 -0.096875
0.4735583487731411 -0.096875

0.4867171337060087 -0.078125
0.4867171337060087 -0.078125
0.4867171337060087 -0.078125

-0.46652751963208294 0.140625
-0.453125 0.14933958357349197
-0.434375 0.15740732256675297
-0.415625 0.16164795864412848
-0.39687500000000003 0.1592841328627824
-0.37812500000000004 0.14903737456431848
-0.36562500000000003 0.13963275810657053
-0.353125 0.12279990496033759
-0.353125 0.10335254687977206
-0.36562500000000003 0.09492397270366613
-0.390625 0.09609714655860102
-0.40937500000000004 0.09801287251775746
-0.434375 0.09774005885204827
-0.453125 0.09576235126550363
-0.47571410327721986 0.096875
-0.48465909161600107 0.09062500000000001
-0.484375 0.07689332103433225
-0.49772965408828873 0.084375
-0.496875 0.10632274060501049
-0.486877807940318 0.12187500000000001
-0.4745835024324145 0.134375
-0.46652751963208294 0.140625

-0.1921141839608424 0.134375
-0.18436239689156564 0.12187500000000001
-0.171875 0.10796255468330221
-0.15670143530723651 0.096875
-0.140625 0.08863891026071494
-0.12187500000000001 0.08255983666289132
-0.096875 0.07918159679108376
-0.07187500000000001 0.08108909140137026
-0.053125000000000006 0.08686982635946645
-0.03703367310516496 0.096875
-0.026693973110151165 0.109375
-0.01957026689381655 0.12812500000000002
-0.015625 0.14688327816716923
-0.011288276972230988 0.171875
-0.010671689157965913 0.19687500000000002
-0.01591972308337716 0.215625
-0.028125 0.2320465653319289
-0.040625 0.24117737039760045
-0.059375000000000004 0.249685128529765
-0.078125 0.2545177312842285
-0.10312500000000001 0.25745995884885853
-0.12812500000000002 0.257138702732013
-0.153125 0.253781946684487
-0.171875 0.2495633892673109
-0.19062500000000002 0.24334202573789673
-0.209375 0.23440250299943532
-0.22187500000000002 0.22555367312872154
-0.23078539606952575 0.209375
-0.22235829292538467 0.19062500000000002
-0.21345995704028944 0.178125
-0.20341788660319962 0.15937500000000002
-0.19687500000000002 0.14415228284813456
-0.1921141839608424 0.134375

0.8145763220450959 -0.07187500000000001
0.8229559870520565 -0.084375
0.8296335685336476 -0.10312500000000001
0.834311005957705 -0.12812500000000002
0.8343750000000001 -0.14551428761576501
0.8288743021285108 -0.16562500000000002
0.8205318031412372 -0.178125
0.8056876280370318 -0.19062500000000002
0.790625 -0.19825956277489773
0.7718750000000001 -0.20373656956978511
0.7468750000000001 -0.20644877799913502
0.721875 -0.20429515534022594
0.703125 -0.19871799351145703
0.6899831669540591 -0.19062500000000002
0.6804719595439859 -0.171875
0.6797504335828785 -0.146875
0.677125429898735 -0.12812500000000002
0.6734900720060893 -0.10312500000000001
0.6781250000000001 -0.0810179762832774
0.690625 -0.06661325562617809
0.7033381796546024 -0.059375000000000004
0.7250820870920321 -0.053125000000000006
0.7468750000000001 -0.05100438875861378
0.7718750000000001 -0.052665808532868626
0.790625 -0.05716033456285375
0.8074777759688151 -0.065625
0.8145763220450959 -0.07187500000000001

-0.234375 0.02823817573220771
-0.259375 0.03020495521341148
-0.278125 0.03528030966378298
-0.30312500000000003 0.038027037583162365
-0.321875 0.04239888628862501
-0.340625 0.04699135389899429
-0.36562500000000003 0.05007754154833373
-0.384375 0.05407125274414931
-0.40876353738845256 0.059375000000000004
-0.42812500000000003 0.06133656782084477
-0.446875 0.06611613637802946
-0.446875 0.07769335160824355
-0.421875 0.07246714601838279
-0.403125 0.06951199866856322
-0.384375 0.06560475023368854
-0.359375 0.06200656252986228
-0.340625 0.05636285784943534
-0.31691214619769575 0.053125000000000006
-0.296875 0.048997039762702595
-0.278125 0.04506086151086883
-0.253125 0.04171698571693653
-0.234375 0.037977063834622106
-0.2126435285894598 0.034375
-0.19062500000000002 0.030796446200498394
-0.171875 0.02592620045130751
-0.146875 0.022781934354305918
-0.12812500000000002 0.01863980838510294
-0.12812500000000002 0.010387630066761489
-0.153125 0.012536024644911208
-0.171875 0.01697314180729684
-0.19687500000000002 0.020620914877692593
-0.215625 0.023779361060047424
-0.234375 0.02823817573220771
-0.234375 0.02823817573220771

0.14430213516806942 -0.028125
0.12187500000000001 -0.025300254174462345
0.10312500000000001 -0.02041054575413611
0.078125 -0.018010766524928088
0.059375000000000004 -0.013120597860772912
0.03645574082392612 -0.009375000000000001
0.015625 -0.0056616675801290425
-0.0010300087288950027 -0.003125
-0.015625 -0.001250916169671248
-0.03663332265529213 0.003125
-0.040625 -0.006001396591398887
-0.015652012807953284 -0.009375000000000001
0.003125 -0.013435298478091672
0.02354889781096121 -0.015625
0.046875 -0.020470281651707795
0.065625 -0.02275933851540174
0.09062500000000001 -0.027384405223033148
0.109375 -0.031003865545141073
0.13077963288405667 -0.034375
0.153125 -0.038847076641490105
0.171875 -0.04238272502308551
0.19687500000000002 -0.04613043989753457
0.215625 -0.05054789788859125
0.234375 -0.053483508617655
0.259375 -0.058030157441557956
0.278125 -0.0617722318397089
0.30312500000000003 -0.06533946809624776
0.321875 -0.0697044588138649
0.3409673619705131 -0.07187500000000001
0.36562500000000003 -0.07707033369523969
0.384375 -0.08029141210233305
0.40937500000000004 -0.08413037863613271
0.42812500000000003 -0.08829719466792402
0.446875 -0.09126020677645098
0.4601894482481838 -0.10312500000000001
0.4469881143461471 -0.115625
0.4458740628028603 -0.134375
0.45593261293921633 -0.146875
0.47187500000000004 -0.15522707846324615
0.496875 -0.1557940816517485
0.5098839481021389 -0.146875
0.5146178249309761 -0.12187500000000001
0.5074818938867411 -0.10312500000000001
0.496875 -0.08912526218756799
0.478125 -0.09559467590852747
0.465625 -0.08324799908290874
0.44062500000000004 -0.08075529883589827
0.421875 -0.07600414175110502
0.39687500000000003 -0.07293551931611071
0.37812500000000004 -0.06917350934719246
0.3579101492414932 -0.065625
0.33437500000000003 -0.062495128882664584
0.31562500000000004 -0.05787723130276989
0.290625 -0.05551248782702126
0.27187500000000003 -0.050543874437516303
0.25086133978436626 -0.046875
0.22812500000000002 -0.043415149243565064
0.209375 -0.039238689910054345
0.184375 -0.03559692533682016
0.16562500000000002 -0.03222845252340715
0.14430213516806942 -0.028125
0.14430213516806942 -0.028125

0.5496872271123522 0.065625
0.553125 0.05031105720883723
0.534375 0.04579072500683375
0.521875 0.05459848536001536
0.5281250000000001 0.0698713972748506
0.5496872271123522 0.065625
0.5496872271123522 0.065625

-0.4715593607037016 0.078125
-0.4598516809718384 0.078125
-0.4715593607037016 0.078125

-0.08666904298372465 0.003125
-0.065625 -0.0011357788674400816
-0.052201327990134175 0.009375000000000001
-0.06409831475573896 0.009375000000000001
-0.078125 0.007641055275997489
-0.096875 0.013938299436001805
-0.11369559455179956 0.015625
-0.096875 0.005889700219001566
-0.08666904298372465 0.003125

0.4740224830360625 -0.096875
0.4740224830360625 -0.096875
0.4740224830360625 -0.096875

0.48691068977340063 -0.078125
0.48691068977340063 -0.078125
0.48691068977340063 -0.078125

-0.4662724292322609 0.140625
-0.453125 0.14895984279182856
-0.434375 0.15682453604575508
-0.415625 0.16058669591596172
-0.39687500000000003 0.15816108515686522
-0.37812500000000004 0.14797980942144287
-0.36562500000000003 0.13867767877891907
-0.3535871706932334 0.12187500000000001
-0.353125 0.10677481885437334
-0.36562500000000003 0.09621571296669922
-0.38982640970688054 0.096875
-0.40937500000000004 0.09848208813318775
-0.434375 0.09790853125589122
-0.453125 0.09592821522631603
-0.47569654778000714 0.096875
-0.4846592862202233 0.09062500000000001
-0.484375 0.07690025097254467
-0.49772829363585147 0.084375
-0.496875 0.1063116911684246
-0.48684442883884926 0.12187500000000001
-0.47444157353483607 0.134375
-0.4662724292322609 0.140625

-0.19144886371629893 0.134375
-0.18348894069584537 0.12187500000000001
-0.171875 0.10912660137700124
-0.15482810896871452 0.096875
-0.140625 0.08986411493219604
-0.12187500000000001 0.08390932016062486
-0.096875 0.08060801959116037
-0.07187500000000001 0.08287345704326796
-0.053125000000000006 0.08897023646631554
-0.040190822350997024 0.096875
-0.028125 0.11068649355026418
-0.021071358695909488 0.12812500000000002
-0.015625 0.15228590583337479
-0.012217302990445173 0.171875
-0.011711827037447876 0.19687500000000002
-0.01724335145595787 0.215625
-0.028125 0.2302777153835408
-0.042144902184924025 0.240625
-0.059375000000000004 0.2484649914499889
-0.078125 0.2533699651455464
-0.10312500000000001 0.2565393232281407
-0.12812500000000002 0.2562491438568139
-0.1512789183678914 0.253125
-0.171875 0.24857228800337708
-0.19062500000000002 0.2422525443142029
-0.20723611611889878 0.234375
-0.22187500000000002 0.2237065423803156
-0.22929111002193237 0.209375
-0.22187500000000002 0.19134364072068197
-0.21283309473235454 0.178125
-0.203125 0.15989353254758715
-0.19687500000000002 0.14545359511084557
-0.19144886371629893 0.134375

0.8143408199645673 -0.078125
0.8001925684502327 -0.065625
0.784375 -0.058692720124514694
0.759375 -0.05409068351791023
0.734375 -0.05433869319534138
0.710481101425752 -0.059375000000000004
0.6966603484809013 -0.065625
0.6826137737570386 -0.078125
0.6754117221201571 -0.096875
0.6773094683970334 -0.12187500000000001
0.6806846243649055 -0.140625
0.6827705189202228 -0.16562500000000002
0.689471220851731 -0.184375
0.703125 -0.1947583302408034
0.721875 -0.20100884237468114
0.7406250000000001 -0.20321512090622362
0.759375 -0.20262786893322607
0.784375 -0.19726570658572115
0.7995733167444866 -0.19062500000000002
0.815625 -0.1787645984195047
0.8254369025559616 -0.16562500000000002
0.8314352978112406 -0.146875
0.8307608506409234 -0.12187500000000001
0.8263319863728035 -0.10312500000000001
0.8185079929340869 -0.084375
0.8143408199645673 -0.078125

-0.234375 0.028361733722614253
-0.259375 0.030458780592798707
-0.278125 0.035392467400307305
-0.30312500000000003 0.038559868567813814
-0.321875 0.042563831922002526
-0.340625 0.04709847830475226
-0.36562500000000003 0.05033389589833373
-0.384375 0.05415648650451838
-0.40850939253209945 0.059375000000000004
-0.42812500000000003 0.06142496134450968
-0.446875 0.06615335893621507
-0.446875 0.07765574454797979
-0.421875 0.07241082920479121
-0.403125 0.06947004619073671
-0.384375 0.06550463516165309
-0.359375 0.06195412821989293
-0.340625 0.056306308516079984
-0.3171933872002177 0.053125000000000006
-0.296875 0.04894101727783209
-0.278125 0.04496777544688807
-0.253125 0.04163629075153057
-0.234375 0.037904540368200255
-0.2131319643785774 0.034375
-0.19062500000000002 0.030673972310584188
-0.171875 0.025798951978460414
-0.146875 0.02255293392563353
-0.12812500000000002 0.018494258680831373
-0.12812500000000002 0.010640481176208574
-0.153125 0.012844304378305135
-0.171875 0.017127109495795982
-0.19687500000000002 0.02116821393336874
-0.215625 0.023957800223688208
-0.234375 0.028361733722614253
-0.234375 0.028361733722614253

0.1438693936015297 -0.028125
0.12187500000000001 -0.025440034217287306
0.10312500000000001 -0.020569781201570915
0.078125 -0.018243638628169155
0.059375000000000004 -0.013353530381319818
0.03579912602771941 -0.009375000000000001
0.015625 -0.00607110205924236
-0.0004391670393641481 -0.003125
0.003125 -0.013169160665856569
0.02434547515112251 -0.015625
0.046875 -0.020228595973114376
0.065625 -0.022250275633166068
0.09062500000000001 -0.0270553693287233
0.109375 -0.030683564398853426
0.1326271110435325 -0.034375
0.153125 -0.03861532701798615
0.171875 -0.0419651805527805
0.19687500000000002 -0.04586537117930024
0.215625 -0.05029763326992071
0.23571548440710913 -0.053125000000000006
0.259375 -0.05784100199072792
0.278125 -0.061392539694871934
0.30312500000000003 -0.06512435966727993
0.321875 -0.06948366837532727
0.34227975798114435 -0.07187500000000001
0.36562500000000003 -0.0769134519541337
0.384375 -0.07990320470128369
0.40937500000000004 -0.08398436773866333
0.42812500000000003 -0.0880798394792737
0.4471174536851887 -0.09062500000000001
0.46112463255042 -0.10312500000000001
0.44940426468251465 -0.115625
0.453125 -0.13972681812543916
0.465625 -0.14974183767538393
0.484375 -0.15486357925257502
0.503125 -0.15060527008471564
0.5141177022475352 -0.134375
0.5102098043316802 -0.109375
0.503125 -0.09686332095810726
0.484375 -0.08603116398663878
0.47187500000000004 -0.08552396954334703
0.453125 -0.0815136405651031
0.4304979476921108 -0.078125
0.40937500000000004 -0.07488369893374787
0.390625 -0.07086582600227724
0.36562500000000003 -0.06785727896945448
0.34687500000000004 -0.06360829407676724
0.32225142454427197 -0.059375000000000004
0.30312500000000003 -0.056730718242464444
0.284375 -0.052424408062646935
0.259375 -0.04976860265857803
0.240625 -0.044869907887566354
0.215625 -0.04121460992694684
0.19687500000000002 -0.03807777147722063
0.17730711825671913 -0.034375
0.153125 -0.03124343129563268
0.1438693936015297 -0.028125

-0.4715458831096541 0.078125
-0.459864792822306 0.078125
-0.4715458831096541 0.078125

-0.0072289652205484705 -0.003125
-0.028125 -0.0056276805059595775
-0.043895865336245066 0.003125
-0.028125 0.0001034687632177466
-0.0072289652205484705 -0.003125
-0.0072289652205484705 -0.003125

-0.08594043693567963 0.003125
-0.065625 -0.0008913491484247782
-0.052578343807018264 0.009375000000000001
-0.06437610250161578 0.009375000000000001
-0.078125 0.005959364899622163
-0.096875 0.013560775207304511
-0.11333560355799668 0.015625
-0.096875 0.006178040953606772
-0.08594043693567963 0.003125

0.4744866172989838 -0.096875
0.4744866172989838 -0.096875
0.4744866172989838 -0.096875

0.48710424584079254 -0.078125
0.48710424584079254 -0.078125
0.48710424584079254 -0.078125

