9.4 0.7331796144698531
9.4125 0.7333138239164865
9.425 0.7334472394684245
9.4375 0.7335800190372693
9.45 0.7337121308983882
9.4625 0.7338435313532938
9.475 0.7339741627677292
9.4875 0.7341039546239853
9.5 0.7342328303725724
9.5125 0.7343607278975022
9.525 0.7344876424120014
9.5375 0.7346137093416567
9.55 0.7347393504657029
9.5625 0.7348655177662747
9.575 0.7349940801847276
9.5875 0.7351284117807754
9.6 0.7352742516321257
9.6125 0.7354409124883029
9.625 0.7356429166696337
9.6375 0.7359021239213378
9.65 0.7362503837677237
9.6625 0.7367326895504706
9.675 0.7374107261723908
9.6875 0.738366590067514
9.7 0.7397063220868779
9.7125 0.7415627418210656
9.725 0.744096928477211
9.7375 0.7474975790974535
9.75 0.7519774312772187
9.7625 0.7577659958002685
9.775 0.7650980263436515
9.7875 0.7741975000454514
9.8 0.7852573457095902
9.8125 0.7984157550064224
9.825 0.8137305001541918
9.8375 0.8311532594176744
9.85 0.8505063277087772
9.8625 0.8714642914973667
9.875 0.8935431945467438
9.8875 0.9160995297152801
9.9 0.9383411096613785
9.9125 0.9593515733717572
9.925 0.9781298300166461
9.9375 0.9936450777848923
9.95 1.0049065475650256
9.9625 1.011044805743204
9.975 1.0113980807396383
9.9875 1.0055936509877057
10.0 0.9936115996202239
10.0125 0.9758182055941982
10.025 0.9529592453710091
10.0375 0.9261097073418176
10.05 0.8965843542407993
10.0625 0.8658213195053914
10.075 0.8352558695286221
10.0875 0.8062028863943247
10.1 0.7797634749091829
10.1125 0.7567652306192231
10.125 0.7377384404369471
10.1375 0.7229242309079219
10.15 0.7123066554108928
10.1625 0.7056594438753087
10.175 0.7025989779271383
10.1875 0.7026371556385371
10.2 0.7052299262748587
10.2125 0.7098191106418867
10.225 0.7158662852565119
10.2375 0.7228782969131109
10.25 0.7304245025070712
10.2625 0.7381462974854388
10.275 0.745759874463901
10.2875 0.7530534902598969
10.3 0.7598806894975203
10.3125 0.7661509719660378
10.325 0.7718192669322461
10.3375 0.7768753476511231
10.35 0.7813340287615201
10.3625 0.7852266828937865
10.375 0.7885943389484907
10.3875 0.7914824021546644
10.4 0.7939368775029365
10.4125 0.7960018824813103
10.425 0.7977181926022636
10.4375 0.7991225611896872
10.45 0.8002475792142857
10.4625 0.8011218801745578
10.475 0.8017705382585337
10.4875 0.8022155509516783
10.5 0.802476331625713
10.5125 0.8025701693034474
10.525 0.802512630802549
10.5375 0.8023178979883616
10.55 0.8019990398550886
10.5625 0.8015682259708649
10.575 0.8010368882622642
10.5875 0.8004158402149117
10.6 0.7997153610908283
10.6125 0.7989452521218194
10.625 0.7981148696158321
10.6375 0.7972331408813788
10.65 0.7963085648949356
10.6625 0.7953492020529829
10.675 0.7943626544168805
10.6875 0.7933560384975985
10.7 0.7923359529836982
10.7125 0.7913084411516784
10.725 0.7902789515405386
10.7375 0.7892522963803059
10.75 0.7882326100406277
10.7625 0.787223308487497
10.775 0.7862270510347661
10.7875 0.7852457054692863
10.8 0.7842803183281031
10.8125 0.7833310907431253
10.825 0.7823973612854918
10.8375 0.7814775971305441
10.85 0.780569393483449
10.8625 0.7796694831023364
10.875 0.7787737552915602
10.8875 0.7778772858373453
10.9 0.7769743766883895
10.9125 0.7760586068661853
10.925 0.7751228931547901
10.9375 0.7741595602403651
10.95 0.773160420471654
10.9625 0.7721168613163258
10.975 0.7710199405422131
10.9875 0.7698604870821962
11.0 0.7686292071949011
11.0125 0.7673167941683539
11.025 0.7659140405073199
11.0375 0.7644119508399099
11.05 0.7628018548026895
11.0625 0.7610755178503047
11.075 0.7592252492915295
11.0875 0.7572440057067745
11.1 0.7551254890646674
