0.0 0.0
0.2 0.6492445298766135
0.4 0.6957005524685189
0.6 0.7405076594934143
0.8 0.7824366206081744
1.0 0.8224248108795508
1.2 0.8607009633260947
1.4 0.8936293633775856
1.6 0.9178071146156493
1.8 0.9338679287339794
2.0 0.944259514965216
2.2 0.9508095976418228
2.4 0.9543200282256304
2.6 0.9549708801525811
2.8 0.9526888729035848
3.0 0.9473561452815183
3.2 0.9389419305812514
3.4 0.9275904732693258
3.6 0.9136506710755044
3.8 0.8976404194505095
4.0 0.8800791548196695
4.2 0.8601558768897705
4.4 0.8364811065469449
4.6 0.817733625032269
4.8 0.8041578109450946
5.0 0.7889951000576995
5.2 0.7740381913576299
5.4 0.7605388239268968
5.6 0.7487525355306766
5.8 0.7388017877074035
6.0 0.7306887876983534
6.2 0.7242783457906199
6.4 0.7193505690125971
6.6 0.7156960527423885
6.8 0.7131845983481285
7.0 0.7117499563308386
7.2 0.7113141673435892
7.4 0.711737258609741
7.6 0.7128362428336468
7.8 0.7144388440088046
8.0 0.7164143976355559
8.2 0.7186643484712913
8.4 0.7210976772102534
8.6 0.7236205423246024
8.8 0.7261454835376728
9.0 0.7286055220132223
9.2 0.730958466892524
9.4 0.7331811760953236
9.403125 0.7332149804698319
9.40625 0.7332487875020329
9.409375 0.7332826032706975
9.4125 0.7333164350703304
9.415625 0.7333502909953987
9.41875 0.7333841805308728
9.421875 0.7334181145536022
9.425 0.7334521054997659
9.428125 0.7334861676948872
9.43125 0.7335203175391685
9.434375 0.7335545737757619
9.4375 0.7335889578429389
9.440625 0.7336234942684464
9.44375 0.7336582109074086
9.446875 0.7336931397160731
9.45 0.7337283168017829
9.453125 0.7337637834164852
9.45625 0.7337995863909632
9.459375 0.7338357787448476
9.4625 0.7338724206716309
9.465625 0.733909580266975
9.46875 0.7339473346699383
9.471875 0.7339857707683181
9.475 0.7340249868911394
9.478125 0.7340650937252456
9.48125 0.7341062158895246
9.484375 0.7341484936486649
9.4875 0.7341920845337968
9.490625 0.7342371653251701
9.49375 0.7342839343697788
9.496875 0.7343326135711092
9.5 0.7343834512965995
9.503125 0.7344367250194194
9.50625 0.7344927444596219
9.509375 0.7345518549165015
9.5125 0.7346144408463813
9.515625 0.7346809300161228
9.51875 0.7347517976471142
9.521875 0.7348275711905562
9.525 0.7349088353299675
9.528125 0.7349962374574983
9.53125 0.7350904936653744
9.534375 0.7351923949135739
9.5375 0.7353028140281134
9.540625 0.7354227128999843
9.54375 0.7355531504285843
9.546875 0.735695290864246
9.55 0.7358504127571478
9.553125 0.7360199183444114
9.55625 0.7362053438865749
9.559375 0.7364083703021513
9.5625 0.736630834373594
9.565625 0.7368747410555416
9.56875 0.7371422757154974
9.571875 0.7374358175612283
9.575 0.7377579536403017
9.578125 0.7381114930755747
9.58125 0.738499482397355
9.584375 0.7389252213344766
9.5875 0.7393922786975738
9.590625 0.7399045097285415
9.59375 0.7404660730257907
9.596875 0.7410814484851702
9.6 0.7417554553127891
9.603125 0.74249327062569
9.60625 0.7433004479742542
9.609375 0.7441829362193344
9.6125 0.7451470984517644
9.615625 0.7461997306258749
9.61875 0.7473480802955924
9.621875 0.7485998646563599
9.625 0.7499632883121178
9.628125 0.7514470604891015
9.63125 0.7530604109536279
9.634375 0.7548131052608865
9.6375 0.756715458695015
9.640625 0.7587783485347046
9.64375 0.7610132248125298
9.646875 0.7634321189046321
9.65 0.7660476501043234
9.653125 0.7688730294180526
9.65625 0.7719220608846202
9.659375 0.7752091395804109
9.6625 0.7787492461801572
9.665625 0.7825579381974409
9.66875 0.7866513367277249
9.671875 0.7910461094638285
9.675 0.7957594484359892
9.678125 0.8008090433660059
9.68125 0.8062130495730321
9.684375 0.8119900503652334
9.6875 0.8181590136395056
9.690625 0.8247392425261676
9.69375 0.8317503195736908
9.696875 0.8392120445249641
9.7 0.8471443654203764
9.703125 0.8555673025895094
9.70625 0.8645008660548511
9.709375 0.8739649653770283
9.7125 0.8839793127073923
9.715625 0.8945633185580623
9.71875 0.9057359805804268
9.721875 0.9175157653261827
9.725 0.929920483202963
9.728125 0.9429671569111163
9.73125 0.9566718835427553
9.734375 0.9710496909985674
9.7375 0.9861143885978123
9.740625 1.0018784130357454
9.74375 1.0183526699049188
9.746875 1.0355463713732949
9.75 1.0534668711645774
9.753125 1.0721194970830843
9.75625 1.0915073825837596
9.759375 1.1116312978270442
9.7625 1.132489481556783
9.765625 1.1540774748007323
9.76875 1.1763879576217848
9.771875 1.1994105899608885
9.775 1.2231318581103774
9.778125 1.247534927932726
9.78125 1.27259950623845
9.784375 1.2983017117853697
9.7875 1.3246139571367697
9.790625 1.3515048429849537
9.79375 1.3789390662334138
9.796875 1.4068773432370332
9.8 1.4352763496440994
9.803125 1.464088678131748
9.80625 1.4932628153439556
9.809375 1.5227431391764457
9.8125 1.5524699377385835
9.815625 1.582379450775665
9.81875 1.6124039348425059
9.821875 1.6424717527162191
9.825 1.67250748789817
9.828125 1.7024320849171306
9.83125 1.7321630155245298
9.834375 1.7616144712329944
9.8375 1.7906975823111557
9.840625 1.8193206629058976
9.84375 1.8473894818497292
9.846875 1.8748075594277709
9.85 1.9014764884971052
9.853125 1.9272962790887576
9.85625 1.9521657263271122
9.859375 1.9759827991967114
9.8625 1.998645049382411
9.865625 2.0200500379117887
9.86875 2.0400957783613882
9.871875 2.0586811940224545
9.875 2.075706586521904
9.878125 2.091074114893032
9.88125 2.1046882801851297
9.884375 2.1164564156793046
9.8875 2.1262891774903663
9.890625 2.1341010340728714
9.89375 2.139810751938131
9.896875 2.1433418728154163
9.9 2.1446231816995773
9.903125 2.1435891602267727
9.90625 2.140180425219246
9.909375 2.1343441461336043
9.9125 2.126034441109816
9.915625 2.115212748422762
9.91875 2.101848168660146
9.921875 2.085917778119369
9.925 2.0674069079185062
9.928125 2.046309388641971
9.93125 2.0226277577456577
9.934375 1.9963734275067904
9.9375 1.9675668115446099
9.940625 1.9362374103247884
9.94375 1.9024238515192986
9.946875 1.8661738861787858
9.95 1.8275443396214566
9.953125 1.7866010168847029
9.95625 1.7434185602025887
9.959375 1.6980802615736008
9.9625 1.650677830724744
9.965625 1.6013111145038368
9.96875 1.5500877749250466
9.971875 1.4971229233243801
9.975 1.4425387116364918
9.978125 1.3864638840724173
9.98125 1.3290332923066677
9.984375 1.2703873734784685
9.9875 1.2106715947516307
9.990625 1.1500358681840266
9.99375 1.088633939144847
9.996875 1.0266227483501797
10.0 0.9641617758706449
10.003125 0.9014123659264534
10.00625 0.8385370407601027
10.009375 0.775698803086421
10.0125 0.7130604363885441
10.015625 0.650783800395982
10.01875 0.58902913524061
10.021875 0.5279543677730671
10.025 0.4677144341147032
10.028125 0.4084606157949199
10.03125 0.35033989677878524
10.034375 0.29349434682451236
10.0375 0.23806052838281777
10.040625 0.18416894090854272
10.04375 0.13194349528035548
10.046875 0.08150103107750273
10.05 0.032950871823272394
10.053125 -0.013605573581222925
10.05625 -0.058075164082178526
10.059375 -0.10037333140870586
10.0625 -0.14042433554364403
10.065625 -0.1781614688422255
10.06875 -0.21352720924389362
10.071875 -0.24647332010697628
10.075 -0.27696090091522
10.078125 -0.3049603839945496
10.08125 -0.33045148302095945
10.084375 -0.3534230890913022
10.0875 -0.3738731236731676
10.090625 -0.3918083415279572
10.09375 -0.4072440936254759
10.096875 -0.4202040470543428
10.1 -0.43071986787455097
10.103125 -0.4388308695294223
10.10625 -0.4445836280073007
10.109375 -0.44803157051938114
10.1125 -0.44923453825533255
10.115625 -0.44825832783007075
10.11875 -0.4451742162232772
10.121875 -0.4400584711074499
10.125 -0.4329918505682611
10.128125 -0.42405909668222136
10.13125 -0.4133484260823934
10.134375 -0.40095101993732385
10.1375 -0.3869605178324177
10.140625 -0.37147251754088195
10.14375 -0.3545840850652744
10.146875 -0.3363932757825518
10.15 -0.31699867027801804
10.153125 -0.29649892713070686
10.15625 -0.27499235427596447
10.159375 -0.2525765009823395
10.1625 -0.22934777196160772
10.165625 -0.20540106457143276
10.16875 -0.18082943112628003
10.171875 -0.15572376623606463
10.175 -0.13017252002895305
10.178125 -0.10426143811289129
10.18125 -0.07807332815056968
10.184375 -0.051687853000875
10.1875 -0.025181350648747394
10.190625 0.0013733199445770186
10.19375 0.027906906840803304
10.196875 0.05435386839358551
10.2 0.08065245191549862
10.203125 0.10674474893364488
10.20625 0.1325767279419043
10.209375 0.1580982457134588
10.2125 0.18326303840468058
10.215625 0.20802869351703804
10.21875 0.23235660424384633
10.221875 0.25621190715365233
10.225 0.27956340495143156
10.228125 0.3023834754397196
10.23125 0.324647968005181
10.234375 0.34633608922965253
10.2375 0.3674302787527922
10.240625 0.38791607687892343
10.24375 0.4077819850338986
10.246875 0.4270193205770385
10.25 0.44562206701701534
10.253125 0.4635867208419402
10.25625 0.4809121360876467
10.259375 0.4975993676768259
10.2625 0.5136515145836182
10.265625 0.5290735636877008
10.26875 0.5438722350552607
10.271875 0.5580558299174723
10.275 0.5716340811676522
10.278125 0.5846180081713108
10.28125 0.5970197752227456
10.284375 0.6088525553935602
10.2875 0.6201303992008068
10.290625 0.6308681088592596
10.29375 0.6410811186400663
10.296875 0.6507853812724461
10.3 0.6599972605520518
10.303125 0.6687334303745026
10.30625 0.6770107805328045
10.309375 0.6848463288352175
10.3125 0.692257139784814
10.315625 0.6992602496749231
10.31875 0.7058725981143039
10.321875 0.7121109658867688
10.325 0.7179919186187632
10.328125 0.7235317564814155
10.33125 0.7287464695419007
10.334375 0.7336516986331286
10.3375 0.7382627011608978
10.340625 0.7425943221438688
10.34375 0.7466609696984826
10.346875 0.7504765949936936
10.35 0.7540546763103091
10.353125 0.7574082069451276
10.35625 0.7605496865005467
10.359375 0.7634911156870486
10.3625 0.7662439939170731
10.365625 0.7688193197730882
10.36875 0.7712275936866758
10.371875 0.7734788230841756
10.375 0.7755825295191744
10.378125 0.7775477571150747
10.38125 0.7793830830410563
10.384375 0.7810966291316646
10.3875 0.7826960742464063
10.390625 0.7841886682106983
10.39375 0.7855812458322954
10.396875 0.7868802421252024
10.4 0.7880917073187828
10.403125 0.7892213229240145
10.40625 0.7902744172219041
10.409375 0.7912559814829587
10.4125 0.7921706857268687
10.415625 0.7930228944955954
10.41875 0.7938166826018345
10.421875 0.794555850254431
10.425 0.7952439382505191
10.428125 0.7958842425392892
10.43125 0.7964798284876233
10.434375 0.7970335445333153
10.4375 0.7975480356943463
10.440625 0.7980257561816025
10.44375 0.7984689817201225
10.446875 0.7988798213024472
10.45 0.7992602284425572
10.453125 0.7996120117427177
10.45625 0.7999368451023692
10.459375 0.8002362772755687
10.4625 0.8005117410218856
10.465625 0.8007645614784441
10.46875 0.8009959644924026
10.471875 0.8012070839647962
10.475 0.8013989690898566
10.478125 0.8015725909364331
10.48125 0.8017288486238562
10.484375 0.8018685752364406
10.4875 0.8019925431157104
10.490625 0.8021014688365312
10.49375 0.8021960180327291
10.496875 0.802276809490063
10.5 0.8023444193110728
10.503125 0.8023993845085605
10.50625 0.802442206329019
10.509375 0.8024733535520753
10.5125 0.8024932652383759
10.515625 0.8025023534283826
10.51875 0.8025010054700417
10.521875 0.8024895863891739
10.525 0.8024684407051649
10.528125 0.8024378945558616
10.53125 0.8023982571286139
10.534375 0.8023498223101596
10.5375 0.8022928700901631
10.540625 0.8022276677778882
10.54375 0.8021544712886437
10.546875 0.802073526044571
10.55 0.8019850678484269
10.553125 0.8018893240394644
10.55625 0.8017865140337496
10.559375 0.8016768499527617
10.5625 0.8015605375235015
10.565625 0.8014377763989212
10.56875 0.8013087607376189
10.571875 0.8011736797383048
10.575 0.8010327179004265
10.578125 0.8008860555084066
10.58125 0.8007338688770977
10.584375 0.8005763307373698
10.5875 0.8004136103773888
10.590625 0.8002458738803144
10.59375 0.8000732844727166
10.596875 0.7998960025056133
10.6 0.7997141857991302
10.603125 0.7995279895539019
10.60625 0.7993375666923278
10.609375 0.7991430678102308
10.6125 0.7989446414623279
10.615625 0.7987424338354049
10.61875 0.7985365892765143
10.621875 0.798327250172245
10.625 0.7981145568342721
10.628125 0.7978986477766672
10.63125 0.7976796595921917
10.634375 0.7974577269955669
10.6375 0.7972329829462013
10.640625 0.7970055584933733
10.64375 0.7967755828967236
10.646875 0.7965431836204071
10.65 0.7963084862775156
10.653125 0.7960716145897658
10.65625 0.7958326905276606
10.659375 0.7955918340829076
10.6625 0.795349163472506
10.665625 0.7951047949814134
10.66875 0.7948588429077031
10.671875 0.7946114197184211
10.675 0.7943626357517566
10.678125 0.7941125993902342
10.68125 0.7938614171286069
10.684375 0.7936091931193318
10.6875 0.7933560295950269
10.690625 0.7931020266826685
10.69375 0.7928472821606222
10.696875 0.7925918917602051
10.7 0.7923359487974567
10.703125 0.792079544483279
10.70625 0.791822767546902
10.709375 0.7915657044611506
10.7125 0.791308439210962
10.715625 0.7910510533974215
10.71875 0.7907936261040869
10.721875 0.7905362338869807
10.725 0.7902789506534965
10.728125 0.7900218479056127
10.73125 0.7897649942890073
10.734375 0.7895084559034784
10.7375 0.7892522959805925
10.740625 0.7889965751300679
10.74375 0.7887413510595226
10.746875 0.7884866786155859
10.75 0.7882326098630337
10.753125 0.7879791938744605
10.75625 0.7877264766990194
10.759375 0.7874745015001134
10.7625 0.7872233084096965
10.765625 0.7869729344570168
10.76875 0.7867234135210533
10.771875 0.7864747764835917
10.775 0.7862270510011801
10.778125 0.7859802615080037
10.78125 0.7857344292718456
10.784375 0.7854895723450434
10.7875 0.785245705454987
10.790625 0.7850028400834658
10.79375 0.7847609844801429
10.796875 0.7845201433824119
10.8 0.7842803183221083
10.803125 0.7840415074693872
10.80625 0.7838037055587097
10.809375 0.7835669039975209
10.8125 0.7833310907406391
10.815625 0.7830962503503288
10.81875 0.7828623640418956
10.821875 0.7826294095789988
10.825 0.782397361284487
10.828125 0.7821661900673739
10.83125 0.7819358634646986
10.834375 0.7817063455364934
10.8375 0.7814775971301507
10.840625 0.7812495754053365
10.84375 0.7810222343923322
10.846875 0.7807955246680882
10.85 0.7805693934832986
10.853125 0.780343784756758
10.85625 0.7801186390800828
10.859375 0.7798938938555734
10.8625 0.7796694831022914
10.865625 0.7794453377714493
10.86875 0.7792213854884656
10.871875 0.7789975508602579
10.875 0.7787737552915236
10.878125 0.7785499171948795
10.88125 0.7783259518302617
10.884375 0.7781017715763561
10.8875 0.7778772858373405
10.890625 0.7776524011529937
10.89375 0.7774270212158668
10.896875 0.7772010470319278
10.9 0.7769743766883895
10.903125 0.7767469058149334
10.90625 0.776518527332884
10.909375 0.7762891317206002
10.9125 0.7760586068661853
10.915625 0.7758268384801021
10.91875 0.7755937097561953
10.921875 0.7753591017064999
10.925 0.7751228931547901
10.928125 0.7748849609486181
10.93125 0.7746451797979285
10.934375 0.7744034225862482
10.9375 0.7741595602403651
10.940625 0.7739134620745292
10.94375 0.7736649956148789
10.946875 0.7734140268846599
10.95 0.773160420471654
10.953125 0.7729040394174413
10.95625 0.7726447456182381
10.959375 0.7723823997465029
10.9625 0.7721168613163258
10.965625 0.7718479889476217
10.96875 0.7715756401876642
10.971875 0.7712996719927444
10.975 0.7710199405422131
10.978125 0.7707363013998688
10.98125 0.7704486096762726
10.984375 0.7701567200685914
10.9875 0.7698604870821962
10.990625 0.7695597650116387
10.99375 0.769254408119487
10.996875 0.7689442706730736
11.0 0.7686292071949011
11.003125 0.768309072374197
11.00625 0.7679837214468439
11.009375 0.7676530099361554
11.0125 0.7673167941683539
11.015625 0.7669749310826042
11.01875 0.7666272784453327
11.021875 0.7662736949797796
11.025 0.7659140405073199
11.028125 0.7655481759523739
11.03125 0.7651759635311755
11.034375 0.7647972667874458
11.0375 0.7644119508399099
11.040625 0.7640198823881189
11.04375 0.7636209297839592
11.046875 0.7632149632127955
11.05 0.7628018548026895
11.053125 0.7623814786915417
11.05625 0.7619537111036552
11.059375 0.7615184305433031
11.0625 0.7610755178503047
11.065625 0.7606248562820609
11.06875 0.760166331591294
11.071875 0.7596998322176663
11.075 0.7592252492915295
11.078125 0.7587424767825459
11.08125 0.7582514115685206
11.084375 0.7577519535565729
11.0875 0.7572440057067745
11.090625 0.756727474169709
11.09375 0.7562022684577803
11.096875 0.7556683013495208
11.1 0.7551254890646674
11.2 0.7327901062183575
11.4 0.6650427070666809
11.6 0.6057211717867106
11.8 0.5943006960784517
12.0 0.6241882879129536
12.2 0.6669428140016005
12.4 0.699422669322501
12.6 0.7107762948402886
12.8 0.7047959671772549
13.0 0.695519456885599
