x y
-0.45888452183977113 0.07187500000000001
-0.44062500000000004 0.0642673543126606
-0.415625 0.05966621925626286
-0.39687500000000003 0.05416795822811897
-0.37812500000000004 0.049074481295353196
-0.353125 0.04720521987753289
-0.33437500000000003 0.040990697200666226
-0.31337494875795024 0.040625
-0.290625 0.034729587945276634
-0.27187500000000003 0.031424275278382145
-0.246875 0.02848890503057697
-0.22812500000000002 0.02378142358699883
-0.20385693776831837 0.021875000000000002
-0.184375 0.01709892070902564
-0.16562500000000002 0.014315017926123287
-0.140625 0.010299044324619271
-0.12187500000000001 0.004293680607051827
-0.096875 0.0031818692323592407
-0.078125 -0.0021907175040757963
-0.059375000000000004 -0.007996786934380523
-0.034375 -0.00882757269093451
-0.015625 -0.015275553857196636
0.007031460875755719 -0.015625
0.028125 -0.021268398175808258
0.046875 -0.025611972828321207
0.07187500000000001 -0.027633022624576002
0.09062500000000001 -0.032630615579674095
0.11512418598160924 -0.034375
0.134375 -0.03878189826241019
0.15466218832205736 -0.040625
0.178125 -0.045267794319748755
0.19687500000000002 -0.04974423115480182
0.22187500000000002 -0.05243914520818746
0.240625 -0.05712520208650023
0.261747994811421 -0.059375000000000004
0.284375 -0.06433034834384317
0.30312500000000003 -0.06970444843262441
0.328125 -0.07151370861474061
0.34687500000000004 -0.07674683240027282
0.36562500000000003 -0.07857564663097778
0.390625 -0.08353898730151654
0.40937500000000004 -0.08982304222737425
0.434375 -0.09055928422591353
0.42812500000000003 -0.09813959346000195
0.40937500000000004 -0.09591517977818755
0.390625 -0.09976642753038925
0.36562500000000003 -0.10059402926477322
0.34687500000000004 -0.10361431992682615
0.3244602634789674 -0.109375
0.309375 -0.12120587643510475
0.30988874494941737 -0.134375
0.321875 -0.14917820626599135
0.3345473607019044 -0.15937500000000002
0.353125 -0.1711182198112639
0.3659651890023898 -0.178125
0.384375 -0.18709643412730315
0.403125 -0.19507122834757795
0.421875 -0.2019549001315725
0.44062500000000004 -0.20776607113987391
0.45937500000000003 -0.21240824893457436
0.4784336324402007 -0.215625
0.503125 -0.2179368975359661
0.5281250000000001 -0.2170359601042555
0.546875 -0.21368683660635435
0.565625 -0.20670231015021526
0.5802591853631244 -0.19687500000000002
0.5922749406312049 -0.184375
0.603125 -0.1686393262465976
0.6122535778630849 -0.153125
0.6218750000000001 -0.13698433990631445
0.6296765355171722 -0.12187500000000001
0.6347098474671456 -0.10312500000000001
0.6322767484089127 -0.084375
0.6218750000000001 -0.06897208616201228
0.6075454282897764 -0.059375000000000004
0.5902750738338696 -0.053125000000000006
0.565625 -0.04847255515136526
0.540625 -0.047402603306386216
0.515625 -0.05256096201107239
0.5056961354195233 -0.065625
0.5150086286986233 -0.084375
0.496875 -0.09149038584235034
0.47856215329896934 -0.09062500000000001
0.47040442867447446 -0.084375
0.446875 -0.08052666600685424
0.42812500000000003 -0.07609933513098507
0.403125 -0.07308618074168759
0.384375 -0.068729606611132
0.36555425803038083 -0.065625
0.340625 -0.06135668830110337
0.321875 -0.05709976881588047
0.29693544787951376 -0.053125000000000006
0.278125 -0.05005310188280394
0.25841997555920204 -0.046875
0.234375 -0.04315198170312426
0.215625 -0.03846375774101285
0.19062500000000002 -0.03604281904989076
0.171875 -0.031020656312708002
0.14866370201086299 -0.028125
0.12812500000000002 -0.02423113480379996
0.109375 -0.021657127346194512
0.084375 -0.017627389800303442
0.065625 -0.013697712621453131
0.040625 -0.010583742570135241
0.021875000000000002 -0.006442556791537525
0.003125 -0.0022967897537055732
-0.021875000000000002 0.0007955202518953527
-0.040625 0.005527353351603086
-0.065625 0.009131538935805525
-0.084375 0.012470280520074132
-0.10378005425692835 0.015625
-0.12812500000000002 0.019447938093783153
-0.146875 0.0241668973190046
-0.171875 0.027278145607634627
-0.19062500000000002 0.031718061877202275
-0.209375 0.03555715389268177
-0.234375 0.03951189785123388
-0.253125 0.04287439014864375
-0.2757101764957573 0.046875
-0.296875 0.04979479519550896
-0.31562500000000004 0.055028579430360075
-0.340625 0.05731066470577964
-0.359375 0.06288611809274187
-0.3816726600299263 0.065625
-0.403125 0.07012053623220461
-0.421875 0.07301486339427807
-0.44623290855241543 0.078125
-0.45888452183977113 0.07187500000000001
-0.45888452183977113 0.07187500000000001

0.859375 -0.04440026509397879
0.8343750000000001 -0.04479721157774687
0.8093750000000001 -0.04379080860134894
0.784375 -0.04148730391573921
0.765625 -0.038701239759716365
0.7448871702461299 -0.034375
0.7253049814971357 -0.028125
0.7093750000000001 -0.019986796777742736
0.6966091754464652 -0.009375000000000001
0.6843750000000001 0.00880356411198725
0.6781250000000001 0.023069526366784485
0.671875 0.04083665404557294
0.665625 0.06092582775906635
0.659375 0.08196146914167877
0.6537899612768331 0.10312500000000001
0.6511104449170027 0.12187500000000001
0.6531250000000001 0.1415276140017767
0.6614562898343471 0.15937500000000002
0.6725479859552005 0.171875
0.690625 0.1839753893642056
0.7079006143218326 0.19062500000000002
0.728125 0.19474520536768394
0.753125 0.19558822131172698
0.7781250000000001 0.19261624239021352
0.796875 0.18794622541732164
0.815625 0.18103391346338452
0.8337779860901172 0.171875
0.846875 0.16367696380586116
0.8607846602035504 0.153125
0.8747421946625584 0.140625
0.8868610661742019 0.12812500000000002
0.8977512038367045 0.115625
0.909375 0.10109736448370725
0.9216714273375358 0.084375
0.930199322069384 0.07187500000000001
0.940625 0.05460569944976404
0.9473648577759982 0.040625
0.953125 0.019146197041660037
0.9528929784913186 0.003125
0.9451732084543467 -0.015625
0.9316089405410822 -0.028125
0.915625 -0.03551002714626562
0.8954578799028837 -0.040625
0.8718750000000001 -0.04359225412067016
0.859375 -0.04440026509397879

-0.17490022196991983 0.171875
-0.19062500000000002 0.18429751514274695
-0.203125 0.1918649888578071
-0.22187500000000002 0.19903547148773337
-0.246875 0.20274765668432873
-0.27187500000000003 0.2028814059713924
-0.296875 0.20103508362262903
-0.321875 0.19735527579657447
-0.340625 0.1939546014011288
-0.359375 0.1894817662316858
-0.37812500000000004 0.18410045337477518
-0.39687500000000003 0.17785971559905941
-0.415625 0.17066577271664468
-0.434375 0.1620510894945493
-0.4495402629494555 0.153125
-0.465625 0.14297994035079162
-0.478125 0.13262870498345913
-0.49062500000000003 0.11796107604136293
-0.4987394690664013 0.10312500000000001
-0.496875 0.08277358971689663
-0.484375 0.08632214647144405
-0.478125 0.09768081846915622
-0.45937500000000003 0.09634650592200282
-0.44062500000000004 0.09696444717284142
-0.415625 0.09802585571732163
-0.390625 0.09941367056080797
-0.36562500000000003 0.10036962590191334
-0.340625 0.10241217453061673
-0.321875 0.10343949047475755
-0.30312500000000003 0.10294506667518853
-0.278125 0.09762595312803413
-0.26158742985075295 0.09062500000000001
-0.24631448943951273 0.084375
-0.22775249677109843 0.078125
-0.203125 0.0743587063824174
-0.178125 0.0758901376144118
-0.15937500000000002 0.08413638253768854
-0.14943294754941713 0.096875
-0.14501694654578937 0.115625
-0.14742885285943266 0.134375
-0.15742922158986203 0.153125
-0.16830775449560462 0.16562500000000002
-0.17490022196991983 0.171875

0.9467756305519435 -0.265625
0.9343750000000001 -0.24968080518673952
0.932106222201586 -0.22812500000000002
0.9364195973327388 -0.209375
0.9415971828867221 -0.19062500000000002
0.946875 -0.16995064271922677
0.953125 -0.14854527683377972
0.9593750000000001 -0.13233006864121283
0.9678218580774443 -0.115625
0.978125 -0.10018010702661895
0.9906250000000001 -0.08703504491926105
1.0033525045319631 -0.078125
1.021875 -0.06969560282826666
1.0406250000000001 -0.06437642369878786
1.065625 -0.05975865908901905
1.084375 -0.05737527521069473
1.109375 -0.05533215851063638
1.1343750000000001 -0.05448841835112516
1.159375 -0.0551584974171149
1.184375 -0.05840916508081563
1.203125 -0.06553510657131076
1.2113224409846453 -0.078125
1.209375 -0.10231524022076578
1.2088675066751227 -0.12187500000000001
1.2111841902108949 -0.140625
1.215317481591388 -0.16562500000000002
1.2167985684883018 -0.184375
1.2151214563340451 -0.203125
1.2089632155566201 -0.22187500000000002
1.1968750000000001 -0.2402519278447397
1.184375 -0.2523578901710476
1.171875 -0.2613332817855746
1.153125 -0.27129185323231736
1.1356720563278457 -0.278125
1.115625 -0.2839630020777236
1.096875 -0.28786960002366946
1.0736725216387377 -0.290625
1.053125 -0.29168794062992326
1.028125 -0.2908675660872339
1.0093750000000001 -0.2888349865984006
0.9878559334452486 -0.284375
0.9687595008355583 -0.278125
0.953125 -0.270221405838507
0.9467756305519435 -0.265625

0.07686414546426203 0.140625
0.08052223856225543 0.12187500000000001
0.08661775212600445 0.10312500000000001
0.096875 0.0845725631221334
0.10762472188714949 0.07187500000000001
0.12187500000000001 0.05977224367094979
0.134375 0.05163729647907388
0.153125 0.042252645682268664
0.171875 0.03532454954896197
0.19062500000000002 0.030353704005921803
0.209375 0.02740824534638116
0.234375 0.02656035916654847
0.253125 0.028790102039245032
0.2724044923993435 0.034375
0.290625 0.044176570169001915
0.30312500000000003 0.055808077174191104
0.31314984692197284 0.07187500000000001
0.3199894384198252 0.09062500000000001
0.32585006996926835 0.109375
0.33278939019199005 0.12812500000000002
0.3404677916796162 0.146875
0.34687500000000004 0.1638943091692284
0.35233799065899 0.184375
0.35371950958844695 0.203125
0.3502628864964623 0.22187500000000002
0.340625 0.23923641819547878
0.328125 0.2517092571300152
0.31562500000000004 0.2601457055598906
0.296875 0.2691836501197722
0.278125 0.2754628293215675
0.259375 0.2798730085963365
0.234375 0.28356901024529
0.215625 0.2850192112928641
0.19062500000000002 0.2854351313464562
0.1701009468872548 0.284375
0.146875 0.28208798230262844
0.12480804436968532 0.278125
0.10312500000000001 0.272739345779371
0.084375 0.26595476117812866
0.07156019148351923 0.259375
0.05737023029062251 0.246875
0.05252542127468775 0.22812500000000002
0.0577932968335192 0.209375
0.065625 0.19072761625494955
0.07145979384842213 0.171875
0.0749437643940955 0.153125
0.07686414546426203 0.140625

0.4858864171785738 -0.078125
0.4858864171785738 -0.078125
0.4858864171785738 -0.078125

-0.47113523003034574 0.078125
-0.4597231881975008 0.078125
-0.47113523003034574 0.078125

0.45937500000000003 -0.09629304007128328
0.45937500000000003 -0.09781184482175587
0.45937500000000003 -0.09629304007128328

-0.4588388362644579 0.07187500000000001
-0.44062500000000004 0.06445486457008646
-0.415625 0.05973401318838614
-0.39687500000000003 0.05432381468418227
-0.37812500000000004 0.049775804060071004
-0.353125 0.047333810368822817
-0.33437500000000003 0.04133129717733461
-0.3119008172498076 0.040625
-0.290625 0.034974732545457445
-0.27187500000000003 0.03307540909340225
-0.246875 0.02868662770364467
-0.22812500000000002 0.024511571178551426
-0.203125 0.021974286444000284
-0.184375 0.0175299420268119
-0.16492051033669702 0.015625
-0.140625 0.010582379996759862
-0.12187500000000001 0.005015202715462103
-0.096875 0.0033804121547998866
-0.078125 -0.0017855646940824772
-0.059375000000000004 -0.005807716637379471
-0.034375 -0.008576012301312151
-0.015625 -0.014590116191497677
0.009375000000000001 -0.015551305181820026
0.028125 -0.020872862223412073
0.046875 -0.02346644334791452
0.07187500000000001 -0.027363444322529202
0.09062500000000001 -0.03170552177423031
0.115625 -0.03421446646422389
0.134375 -0.03818833498854539
0.15629024807313116 -0.040625
0.178125 -0.04480971187953389
0.19687500000000002 -0.048538997822824295
0.22187500000000002 -0.05208887309616737
0.240625 -0.05642078350712364
0.2651902219528632 -0.059375000000000004
0.284375 -0.06390485669860312
0.30312500000000003 -0.06849246204120281
0.328125 -0.07124229435970955
0.34687500000000004 -0.07611594160274879
0.36792578844411594 -0.078125
0.390625 -0.08321535513639144
0.40937500000000004 -0.0885086002449246
0.434375 -0.09039583606871843
0.44062500000000004 -0.09724996950906603
0.415625 -0.10196969995070573
0.39687500000000003 -0.10493877358252018
0.3744674135651892 -0.109375
0.3580808105506073 -0.115625
0.3456868719797473 -0.12812500000000002
0.35208852249290346 -0.146875
0.3653719756523279 -0.15937500000000002
0.37812500000000004 -0.168301923409726
0.3949979148768543 -0.178125
0.40937500000000004 -0.18516782465307915
0.42812500000000003 -0.19295751907087685
0.446875 -0.19917748283671266
0.465625 -0.20378820777461124
0.49062500000000003 -0.20761595227118826
0.515625 -0.2082426673588413
0.540625 -0.20510547931048828
0.5593750000000001 -0.1991416384729146
0.5744714959545033 -0.19062500000000002
0.5887070959301707 -0.178125
0.5988627673305894 -0.16562500000000002
0.609375 -0.1505492415193092
0.6196805496038118 -0.134375
0.628125 -0.11755367923714591
0.6315964990041575 -0.096875
0.6252103638036087 -0.078125
0.6124678484253946 -0.065625
0.596875 -0.057784901423539245
0.578125 -0.05256048794441641
0.553125 -0.04934308939535869
0.5281250000000001 -0.0504428594273028
0.5108893543588039 -0.059375000000000004
0.509375 -0.07554279099785435
0.509375 -0.09570608786979788
0.49062500000000003 -0.08609775933470894
0.4761793317968734 -0.09062500000000001
0.45937500000000003 -0.08244888622722367
0.4347786118017066 -0.078125
0.415625 -0.07476668673435685
0.39687500000000003 -0.07078835375088945
0.371875 -0.06763167722456158
0.353125 -0.062907681001201
0.32914264606650334 -0.059375000000000004
0.309375 -0.0557155487079535
0.290625 -0.05266964449516196
0.265625 -0.048536120757273385
0.246875 -0.044946913563795404
0.22187500000000002 -0.041419317150507576
0.203125 -0.03739279158632444
0.184375 -0.03287926481399036
0.15937500000000002 -0.029814928281877845
0.140625 -0.02575006851521535
0.115625 -0.022141363170160154
0.096875 -0.0191007398392862
0.07527041937658205 -0.015625
0.053125000000000006 -0.012361298147729946
0.034375 -0.0079915322611618
0.009375000000000001 -0.005402074439278112
-0.009375000000000001 -0.0005278767299088283
-0.033791633188862635 0.003125
-0.053125000000000006 0.006474134967651948
-0.07187500000000001 0.010158681371051477
-0.096875 0.01374968188459888
-0.115625 0.017851805298046888
-0.1372920622106246 0.021875000000000002
-0.15937500000000002 0.025125631783869565
-0.178125 0.030568622270010004
-0.203125 0.03340239838302049
-0.22187500000000002 0.03790003351016681
-0.24271258542122967 0.040625
-0.265625 0.044778633621609505
-0.284375 0.04833090558655513
-0.309375 0.05180282961263764
-0.328125 0.05607203276360926
-0.34687500000000004 0.060334133325023215
-0.371875 0.06388036668796078
-0.390625 0.06813679403888331
-0.41433780090616174 0.07187500000000001
-0.434375 0.07501887326062422
-0.4493132323082353 0.078125
-0.4588388362644579 0.07187500000000001

-0.209375 0.07984942146202831
-0.232234724558871 0.084375
-0.24968230799970703 0.09062500000000001
-0.265625 0.09726369913594712
-0.284375 0.10341691541816292
-0.309375 0.10585942621685529
-0.33437500000000003 0.10466703288788182
-0.35665804521585415 0.10312500000000001
-0.37812500000000004 0.10105818773816645
-0.403125 0.09905700980238298
-0.42812500000000003 0.09792406353269428
-0.446875 0.09610400631114038
-0.47187500000000004 0.09124215574963569
-0.484375 0.09307118401004974
-0.484375 0.07914568165781766
-0.5018696257223062 0.09062500000000001
-0.4951768796115324 0.109375
-0.484375 0.12621329941202386
-0.47187500000000004 0.1380370099960652
-0.45897233694179773 0.146875
-0.44062500000000004 0.15810196779805252
-0.42437489073638157 0.16562500000000002
-0.40929298891892446 0.171875
-0.390625 0.17839344684022254
-0.3691113181553468 0.184375
-0.34687500000000004 0.18946883469056955
-0.328125 0.19271809242548787
-0.30312500000000003 0.19566279085276642
-0.28273637293225257 0.19687500000000002
-0.259375 0.19691694477022542
-0.240625 0.1954236172271731
-0.21896627284120562 0.19062500000000002
-0.20278137048848927 0.184375
-0.184375 0.17365050650325523
-0.171875 0.16349684460989292
-0.15937500000000002 0.14963650848964935
-0.15122754550740666 0.134375
-0.1500401509709996 0.109375
-0.15937500000000002 0.09196292042938782
-0.171875 0.08378504674770758
-0.19687500000000002 0.07917792030372797
-0.209375 0.07984942146202831

0.8859443819694283 0.109375
0.8970962549969339 0.096875
0.909375 0.0817433653905903
0.9210423708526423 0.065625
0.9288759588681271 0.053125000000000006
0.9376897141516949 0.034375
0.9415126309151347 0.015625
0.9383206341840493 -0.003125
0.9281250000000001 -0.017579167817052616
0.9122273752799681 -0.028125
0.8942170632654587 -0.034375
0.8718750000000001 -0.03843366058441242
0.846875 -0.040436638030103
0.8294410582224138 -0.040625
0.8093750000000001 -0.03981475719295503
0.784375 -0.03732326049811471
0.765625 -0.034347294240145126
0.7413329879158298 -0.028125
0.7258554395526112 -0.021875000000000002
0.7093750000000001 -0.011003129477815687
0.6971463718645117 0.003125
0.6903878586418971 0.015625
0.6833087197408492 0.034375
0.677854523378667 0.053125000000000006
0.671875 0.07700218240779676
0.6676546282421089 0.096875
0.6655377293461617 0.115625
0.6678773864731771 0.134375
0.6781250000000001 0.15278012527421755
0.690625 0.16345492478041826
0.7081305808257888 0.171875
0.728125 0.17662985832869615
0.753125 0.1777039377205992
0.7781250000000001 0.17455062565805507
0.796875 0.16954493207474222
0.815625 0.16219909752061196
0.8328779393164228 0.153125
0.846875 0.14409293853943317
0.8595304701563591 0.134375
0.8735928712394966 0.12187500000000001
0.8859443819694283 0.109375
0.8859443819694283 0.109375

1.0915848832329231 -0.278125
1.0718750000000001 -0.2806024669222611
1.046875 -0.28148117668436595
1.021875 -0.27989959991582364
1.003125 -0.2768834060202045
0.984375 -0.27180442124147264
0.9656250000000001 -0.26358854605676013
0.951884028915631 -0.253125
0.9419776366582551 -0.234375
0.9428899832007694 -0.209375
0.946875 -0.18940157817857553
0.9523103007150083 -0.16562500000000002
0.9581610074755482 -0.146875
0.9656250000000001 -0.12983033512010472
0.9740476951397444 -0.115625
0.984375 -0.10252611384810756
0.9977024945088344 -0.09062500000000001
1.015625 -0.08011375504334847
1.034375 -0.07324835224810086
1.053125 -0.06871217304025017
1.0727233702252201 -0.065625
1.096875 -0.06335885193181919
1.121875 -0.06281643992130685
1.146875 -0.06454551416256124
1.1656250000000001 -0.0685199797383165
1.183438146807246 -0.078125
1.191176182496742 -0.09062500000000001
1.196516759601013 -0.115625
1.2004409885905454 -0.134375
1.2045146249323513 -0.153125
1.207570512302458 -0.178125
1.204568820719699 -0.203125
1.1968750000000001 -0.22076872961119903
1.1866915300688436 -0.234375
1.1727292202604107 -0.246875
1.159375 -0.2556579562779477
1.140625 -0.2647386242265251
1.121875 -0.2713253883178932
1.1031250000000001 -0.2760999367285489
1.0915848832329231 -0.278125

0.4860480920565225 -0.078125
0.4860480920565225 -0.078125
0.4860480920565225 -0.078125

0.3190465186975385 0.10312500000000001
0.3115342825378408 0.084375
0.30312500000000003 0.069077250659531
0.290625 0.05524786290275852
0.278125 0.04669536508537496
0.259375 0.038795260177530426
0.23637383441926196 0.034375
0.215625 0.03371226167474998
0.19687500000000002 0.03550146839917935
0.17388025852176528 0.040625
0.15569581522292758 0.046875
0.140625 0.053758571658503104
0.12187500000000001 0.06542674337400174
0.109375 0.07607966857399541
0.09735146223290382 0.09062500000000001
0.09023571179364055 0.10312500000000001
0.08335496685195921 0.12187500000000001
0.07824699450476542 0.146875
0.07513778569109239 0.16562500000000002
0.07064649774873408 0.184375
0.06423183268228892 0.203125
0.059375000000000004 0.2242361762092418
0.0634030830598012 0.240625
0.07591331113603549 0.253125
0.09062500000000001 0.2613016885392705
0.109375 0.2682960831262364
0.12812500000000002 0.2731660867427557
0.153125 0.2775066358405993
0.171875 0.2795243873844476
0.19687500000000002 0.2805816423537589
0.22187500000000002 0.27971708041688836
0.240625 0.27771200220612635
0.265625 0.27318141703153415
0.284375 0.2678782592223845
0.30312500000000003 0.26021863902926934
0.3157917294611961 0.253125
0.33142121534127456 0.240625
0.3410744001999683 0.22812500000000002
0.34826021638251375 0.209375
0.3486065673306986 0.184375
0.3441812402842543 0.16562500000000002
0.33721479848204605 0.146875
0.3291707037553805 0.12812500000000002
0.321875 0.1104090647303118
0.3190465186975385 0.10312500000000001

-0.4711218358587178 0.078125
-0.45973753421931174 0.078125
-0.4711218358587178 0.078125

0.45937500000000003 -0.09579541529852995
0.45937500000000003 -0.09861292607929091
0.45937500000000003 -0.09579541529852995

0.47149966507233687 -0.096875
0.47149966507233687 -0.096875
0.47149966507233687 -0.096875

-0.45879315068914467 0.07187500000000001
-0.44062500000000004 0.06464237482751232
-0.415625 0.059801807120509434
-0.39687500000000003 0.05447967114024557
-0.37812500000000004 0.050477126824788804
-0.353125 0.04746240086011274
-0.33437500000000003 0.041671897154003
-0.31042668574166504 0.040625
-0.290625 0.035219877145638255
-0.2717161974536563 0.034375
-0.246875 0.028884350376712373
-0.22812500000000002 0.025241718770104022
-0.203125 0.022152234445012645
-0.184375 0.017960963344598162
-0.16329850520862077 0.015625
-0.140625 0.010865715668900452
-0.12187500000000001 0.005736724823872377
-0.096875 0.003578955077240532
-0.078125 -0.001380411884089158
-0.059375000000000004 -0.0036186463403784196
-0.034375 -0.008324451911689793
-0.015625 -0.013904678525798719
0.009375000000000001 -0.015351305935067047
0.028125 -0.020477326271015887
0.047278840073310346 -0.021875000000000002
0.07187500000000001 -0.027093866020482398
0.09062500000000001 -0.030780427968786526
0.115625 -0.033990713805254376
0.134375 -0.037594771714680585
0.15791830782420493 -0.040625
0.178125 -0.04435162943931903
0.19687500000000002 -0.04733376449084678
0.22187500000000002 -0.05173860098414727
0.240625 -0.05571636492774704
0.265625 -0.059041299235051234
0.284375 -0.06347936505336305
0.30312500000000003 -0.06728047564978121
0.328125 -0.07097088010467849
0.34687500000000004 -0.07548505080522476
0.37045954394230884 -0.078125
0.390625 -0.08289172297126636
0.40937500000000004 -0.08719415826247495
0.434375 -0.09023238791152333
0.453125 -0.09584669627584459
0.453125 -0.09972281643500178
0.431485733778675 -0.10312500000000001
0.40937500000000004 -0.10771612552595182
0.390625 -0.11448737173563228
0.3776407279035541 -0.12187500000000001
0.371875 -0.13797194808628732
0.38070768611259376 -0.153125
0.39550209789984786 -0.16562500000000002
0.40937500000000004 -0.17435198547229094
0.42812500000000003 -0.18369438152541373
0.44625615392207874 -0.19062500000000002
0.465625 -0.1961126036444301
0.484375 -0.1995582694666262
0.509375 -0.2010627425655208
0.534375 -0.19871526050869442
0.553125 -0.1936880697770646
0.5716347955040927 -0.184375
0.584375 -0.17449663399658075
0.596875 -0.1608561495702019
0.6074459351096582 -0.146875
0.6160439050529778 -0.134375
0.6257413558619546 -0.115625
0.6283892657080791 -0.096875
0.6218750000000001 -0.07913448618656169
0.609375 -0.0670695847770477
0.5940831175996757 -0.059375000000000004
0.571875 -0.05343761489656386
0.553125 -0.051165829117664936
0.5281250000000001 -0.052482106017069645
0.5132282415486538 -0.059375000000000004
0.509375 -0.07459133229049643
0.5161703513244904 -0.09062500000000001
0.496875 -0.0916154592075076
0.47859565835208545 -0.09062500000000001
0.47000978901664836 -0.084375
0.446875 -0.08067568369041962
0.42812500000000003 -0.07633358493256175
0.403125 -0.07338926174723888
0.384375 -0.06895046772541007
0.36403292475340554 -0.065625
0.340625 -0.061650640644146916
0.321875 -0.057464001552447595
0.296875 -0.053602812010915435
0.278125 -0.05043171173606461
0.2573037993601299 -0.046875
0.234375 -0.043616118215840494
0.215625 -0.03897585941644471
0.19062500000000002 -0.036500787075534544
0.171875 -0.03144847140774394
0.14694803282929408 -0.028125
0.12812500000000002 -0.024641230836872995
0.10883782175096395 -0.021875000000000002
0.084375 -0.017966467468984185
0.065625 -0.014002100502728945
0.040625 -0.01104834060294395
0.021875000000000002 -0.006673607819370318
0.003125 -0.0027218143295397925
-0.021875000000000002 0.0005712631626475138
-0.040625 0.005288824417603603
-0.065625 0.008752799166521049
-0.084375 0.012269969828087687
-0.10435378992458015 0.015625
-0.12812500000000002 0.01923401216698112
-0.146875 0.023911528144907563
-0.171875 0.026924188780239663
-0.19062500000000002 0.03144978123541106
-0.209375 0.03522225472783345
-0.234375 0.03922788559480154
-0.253125 0.04264397589645568
-0.27631441607804147 0.046875
-0.296875 0.04959215664118722
-0.31562500000000004 0.05480245510786231
-0.340625 0.05713493840798591
-0.359375 0.0627545939941681
-0.3821077654917635 0.065625
-0.403125 0.07001992367983313
-0.421875 0.07289258103025183
-0.4464251010607031 0.078125
-0.45879315068914467 0.07187500000000001
-0.45879315068914467 0.07187500000000001

0.6814156367620129 0.09062500000000001
0.6843750000000001 0.07111679121857674
0.689457362724691 0.046875
0.6948795059235979 0.028125
0.703125 0.009517755943601344
0.7123541664142495 -0.003125
0.727931094474156 -0.015625
0.7406250000000001 -0.021887697041175935
0.7597888298703365 -0.028125
0.784375 -0.032910313779506234
0.8031250000000001 -0.035071761186793185
0.828125 -0.03614446163206295
0.853125 -0.03524183342420999
0.8718750000000001 -0.03283501482368615
0.8913270400640831 -0.028125
0.909375 -0.019666601944538325
0.921875 -0.008327452673413331
0.9291511362327101 0.009375000000000001
0.927652734274976 0.028125
0.9198632455372565 0.046875
0.909375 0.06337615814291919
0.8979876342874473 0.078125
0.8870676653049927 0.09062500000000001
0.8749188098191724 0.10312500000000001
0.8611832605777192 0.115625
0.846875 0.1269003370923868
0.8343750000000001 0.13530189704094958
0.815625 0.14557550214273413
0.7971550741140454 0.153125
0.7781250000000001 0.15843289538652844
0.759375 0.16119715521670006
0.734375 0.16071792329128942
0.7156250000000001 0.156318324672495
0.6980862666100853 0.146875
0.687034443332116 0.134375
0.6809160747221099 0.115625
0.6814156367620129 0.09062500000000001
0.6814156367620129 0.09062500000000001

-0.15460349182008534 0.109375
-0.16562500000000002 0.09345937379476059
-0.184375 0.0851974488546145
-0.203125 0.08381241717705298
-0.22187500000000002 0.08607412878981513
-0.240625 0.09161138059098368
-0.259375 0.09894174710466731
-0.278125 0.10524760110635872
-0.30312500000000003 0.10830509444661093
-0.328125 0.10704695110820026
-0.353125 0.10465570520278528
-0.371875 0.10267748070731739
-0.39687500000000003 0.10035547596392828
-0.421875 0.09873288453472782
-0.4436138130202928 0.096875
-0.465625 0.09138106906256932
-0.47839079859815015 0.096875
-0.480929092854246 0.084375
-0.49865572932998664 0.084375
-0.496875 0.1068087660039388
-0.48714045510036885 0.12187500000000001
-0.4751375155623285 0.134375
-0.45937500000000003 0.14651041506885326
-0.446875 0.15419155363964254
-0.42812500000000003 0.16362578262003585
-0.40937500000000004 0.17095233040946406
-0.390625 0.17702694045667344
-0.371875 0.1819882888961727
-0.353125 0.18576865346296562
-0.328125 0.18949359270321423
-0.309375 0.1912970547218685
-0.284375 0.1925232328750896
-0.259375 0.1918846413242056
-0.240625 0.1898115828395662
-0.21751084943087445 0.184375
-0.20158257399566748 0.178125
-0.184375 0.16829381359177079
-0.171875 0.15814162720805078
-0.15937500000000002 0.14303104611534317
-0.153125 0.12543620020405014
-0.15460349182008534 0.109375
-0.15460349182008534 0.109375

1.1552370661965212 -0.078125
1.1343750000000001 -0.07240423005110408
1.115625 -0.07047770620237773
1.090625 -0.07055781154318296
1.0718750000000001 -0.07220581789491157
1.046875 -0.07656296615989758
1.028125 -0.08205601744768506
1.009466682917024 -0.09062500000000001
0.9968750000000001 -0.09904842740267325
0.984375 -0.11089662026884588
0.971875 -0.1280840322985242
0.9653304242345733 -0.140625
0.9583806799134122 -0.15937500000000002
0.953125 -0.18192506342730197
0.9498890330659963 -0.203125
0.9502898167960708 -0.22812500000000002
0.9593750000000001 -0.245455608963811
0.971875 -0.255559543821425
0.9906250000000001 -0.26410120498550294
1.0093750000000001 -0.2691151996880013
1.0285492660722928 -0.27187500000000003
1.053125 -0.27300175419536427
1.0736597014117835 -0.27187500000000003
1.096875 -0.2686400513514413
1.115625 -0.26410459517654333
1.1343750000000001 -0.257636747264334
1.153125 -0.2485542030688162
1.1656250000000001 -0.24035374005165827
1.1793071795890457 -0.22812500000000002
1.190625 -0.2123319674789391
1.1968750000000001 -0.1964163085254663
1.1990232613693814 -0.171875
1.1962639475599959 -0.153125
1.190625 -0.13206348131131881
1.184375 -0.11308624516942917
1.1770814331332076 -0.096875
1.1656250000000001 -0.083971082704445
1.1552370661965212 -0.078125

0.48620976693447115 -0.078125
0.48620976693447115 -0.078125
0.48620976693447115 -0.078125

0.3256722645966612 0.12812500000000002
0.3339841251222359 0.146875
0.340625 0.16479440902573528
0.3450133772011063 0.184375
0.3436073913600923 0.209375
0.3349755848898745 0.22812500000000002
0.32385305769624567 0.240625
0.309375 0.2512243276184859
0.2931390980963693 0.259375
0.2758472388724443 0.265625
0.253125 0.2712643935180623
0.234375 0.27424481387545513
0.209375 0.2761203048081625
0.184375 0.2759846720376171
0.15937500000000002 0.2738869122163892
0.140625 0.27091374423241127
0.11851592960188342 0.265625
0.10039844399552773 0.259375
0.084375 0.2512278313749216
0.07187500000000001 0.24048462839296253
0.06485606808748033 0.22187500000000002
0.06789245806070905 0.203125
0.0733511683503443 0.184375
0.078125 0.16185508928506037
0.08167517467671498 0.140625
0.08618006364562246 0.12187500000000001
0.09385475811626341 0.10312500000000001
0.10312500000000001 0.08885500159274465
0.115625 0.0757201990480322
0.12906689591759873 0.065625
0.146875 0.05568518788298849
0.16562500000000002 0.048294668677216324
0.184375 0.04325376796829426
0.203125 0.04048789317050332
0.22812500000000002 0.04014868426856566
0.246875 0.04279914387674397
0.265625 0.04874619722678321
0.2839973565224815 0.059375000000000004
0.2968228950574904 0.07187500000000001
0.30520233768536664 0.084375
0.3143828560237112 0.10312500000000001
0.321875 0.1197483115906169
0.3256722645966612 0.12812500000000002

-0.4711084416870898 0.078125
-0.4597518802411227 0.078125
-0.4711084416870898 0.078125

0.47067845570974665 -0.096875
0.47067845570974665 -0.096875
0.47067845570974665 -0.096875

-0.45874746511383147 0.07187500000000001
-0.44062500000000004 0.0648298850849382
-0.415625 0.05986960105263272
-0.39687500000000003 0.054635527596308874
-0.37812500000000004 0.05117844958950661
-0.353125 0.04759099135140266
-0.33437500000000003 0.042012497130671386
-0.309375 0.04066045597390103
-0.290625 0.035465021745819066
-0.2709703304545008 0.034375
-0.246875 0.029082073049780072
-0.22812500000000002 0.025971866361656618
-0.203125 0.022330182446025006
-0.184375 0.018391984662384425
-0.16167650008054454 0.015625
-0.140625 0.011149051341041043
-0.12187500000000001 0.006458246932282653
-0.096875 0.003777497999681178
-0.078125 -0.0009752590740958389
-0.05784596843316773 -0.003125
-0.034375 -0.008072891522067435
-0.015625 -0.013219240860099759
0.009375000000000001 -0.01515130668831407
0.028125 -0.020081790318619702
0.048842587533944 -0.021875000000000002
0.07187500000000001 -0.026824287718435594
0.09062500000000001 -0.02985533416334274
0.115625 -0.03376696114628487
0.134375 -0.03700120844081578
0.15937500000000002 -0.04059166910296501
0.178125 -0.043893546999104166
0.1981022006254562 -0.046875
0.22187500000000002 -0.05138832887212719
0.240625 -0.05501194634837045
0.265625 -0.0586593563345374
0.284375 -0.06305387340812299
0.30312500000000003 -0.0660684892583596
0.328125 -0.07069946584964742
0.34687500000000004 -0.07485416000770072
0.371875 -0.07802794117449054
0.390625 -0.08256809080614126
0.40937500000000004 -0.0858797162800253
0.434375 -0.09006893975432823
0.453125 -0.09537264755162674
0.453125 -0.10103566177058398
0.434375 -0.10514416935478159
0.415625 -0.11152757506808904
0.39687500000000003 -0.12178869083324756
0.3895419163319212 -0.134375
0.39687500000000003 -0.1520772348239562
0.40937500000000004 -0.16370154710797466
0.421875 -0.17200637167504415
0.44062500000000004 -0.181367718647349
0.45937500000000003 -0.18804619903719533
0.478125 -0.19243601428664142
0.503125 -0.19498247794410545
0.5281250000000001 -0.19356273252232192
0.546875 -0.18931479279099667
0.565625 -0.18140176869712796
0.5794735042699933 -0.171875
0.592566365965494 -0.15937500000000002
0.6031614398847271 -0.146875
0.6156250000000001 -0.1294676814916107
0.6226146238413881 -0.115625
0.6240237114046091 -0.09062500000000001
0.6156250000000001 -0.07619655224178488
0.601952304394182 -0.065625
0.584375 -0.05839139172742949
0.5593750000000001 -0.05350005921018015
0.540625 -0.052811664644848585
0.521875 -0.05590460624061382
0.509375 -0.06579836835807527
0.515625 -0.08349817702141148
0.509375 -0.09624134711998658
0.49062500000000003 -0.08612313634060474
0.476035712321586 -0.09062500000000001
0.45937500000000003 -0.08263799509612604
0.434375 -0.07825778341651421
0.415625 -0.07494896423808928
0.39687500000000003 -0.07113739660422504
0.371875 -0.06791475812749712
0.353125 -0.06318782016364222
0.328125 -0.05951994206673716
0.309375 -0.056065775728648425
0.2904773994145322 -0.053125000000000006
0.265625 -0.049092685528950734
0.246875 -0.045385446438739104
0.22187500000000002 -0.042152351314921066
0.203125 -0.0378265131205563
0.184375 -0.033442327783296755
0.15937500000000002 -0.030236528566806815
0.140625 -0.02613747728580548
0.115625 -0.022581091234630306
0.096875 -0.019399703557275154
0.07454082372321466 -0.015625
0.053125000000000006 -0.012601714834039787
0.034375 -0.00833551811003501
0.009375000000000001 -0.00565937458755734
-0.009375000000000001 -0.0007636063043989314
-0.034375 0.0028867663067607147
-0.053125000000000006 0.006249969258348476
-0.07187500000000001 0.009831648145905425
-0.096875 0.013459899784963165
-0.115625 0.01762515540209455
-0.13874399271627796 0.021875000000000002
-0.15937500000000002 0.02488631827201633
-0.178125 0.030311831958268056
-0.203125 0.033097034628310006
-0.22187500000000002 0.03768375829537799
-0.24315641138804173 0.040625
-0.265625 0.04458332211094178
-0.284375 0.04808179876669113
-0.309375 0.05161412873564913
-0.328125 0.055889568569973215
-0.34687500000000004 0.060084415142532877
-0.371875 0.06372030015222656
-0.390625 0.06801418001758269
-0.4145894014202673 0.07187500000000001
-0.434375 0.07494623157045016
-0.4484549647103931 0.078125
-0.45874746511383147 0.07187500000000001

0.8888523091549704 0.07187500000000001
0.8773415174773679 0.084375
0.8642025014999176 0.096875
0.8489648038079359 0.109375
0.8343750000000001 0.1195227644267097
0.8192940899644303 0.12812500000000002
0.8031250000000001 0.13548502186112815
0.784375 0.141531452189298
0.759375 0.14540341053029177
0.734375 0.14355033128035624
0.7156250000000001 0.13614206784497324
0.703125 0.12411630424775694
0.6968669555504341 0.109375
0.695158890186335 0.084375
0.696875 0.06459884590234005
0.7011877254234616 0.040625
0.7071122448588325 0.021875000000000002
0.7156250000000001 0.0063018957112645005
0.728125 -0.0068306807659135015
0.7420449173257858 -0.015625
0.759375 -0.022382684974246843
0.7843038378437661 -0.028125
0.8031250000000001 -0.030358639982830494
0.828125 -0.031340889111900555
0.853125 -0.02985189885105516
0.8718750000000001 -0.0265561151784384
0.890625 -0.020161294248779892
0.9066919056530715 -0.009375000000000001
0.915625 0.005476307596378299
0.915625 0.027425138129240634
0.909375 0.04287919102806837
0.8988675836307733 0.059375000000000004
0.8888523091549704 0.07187500000000001
0.8888523091549704 0.07187500000000001

0.9858343322839084 -0.253125
0.971875 -0.2444842120418509
0.9593750000000001 -0.22818461052458197
0.9557371240555074 -0.209375
0.957413970789076 -0.184375
0.9610414215716666 -0.16562500000000002
0.9672870744011574 -0.146875
0.9773376483805549 -0.12812500000000002
0.9871300710405801 -0.115625
1.0009521121146652 -0.10312500000000001
1.015625 -0.09394238681203755
1.034375 -0.08621264066427552
1.053125 -0.08129437653267467
1.0747944401291831 -0.078125
1.096875 -0.07705344578083953
1.1156600917877237 -0.078125
1.140625 -0.08373346363179492
1.154075623815752 -0.09062500000000001
1.1668892424868005 -0.10312500000000001
1.1775345144613534 -0.12187500000000001
1.184375 -0.13915762696024114
1.1897910914443468 -0.15937500000000002
1.1912974214933036 -0.178125
1.1880920526349694 -0.19687500000000002
1.1784961195899315 -0.215625
1.1673385048349816 -0.22812500000000002
1.153125 -0.23906994967925663
1.1391985885979778 -0.246875
1.121875 -0.25412228062562753
1.1031250000000001 -0.25961295717509975
1.078125 -0.2641064109482218
1.053125 -0.26561177437879563
1.028125 -0.26432396021426496
1.003125 -0.25948912606963215
0.9858343322839084 -0.253125
0.9858343322839084 -0.253125

0.19062500000000002 0.04717870117068271
0.16562500000000002 0.05311763364973425
0.14929697108493364 0.059375000000000004
0.134375 0.06702966464826081
0.11877477970043626 0.078125
0.10626312003368445 0.09062500000000001
0.096875 0.10416508933809163
0.08900086607188129 0.12187500000000001
0.08407276531277567 0.140625
0.0797691875088465 0.16562500000000002
0.07600788251574946 0.184375
0.07148023887061472 0.203125
0.07163938690070887 0.22812500000000002
0.07991292281085621 0.240625
0.096875 0.2523836179467258
0.11351624072509434 0.259375
0.134375 0.2653488921911205
0.153125 0.26904819723062057
0.178125 0.2717034943186321
0.19687500000000002 0.27243802382753224
0.21659688363564233 0.27187500000000003
0.240625 0.2695388005974625
0.26045162138496086 0.265625
0.28162960903041623 0.259375
0.296875 0.2529568718844521
0.31562500000000004 0.24146848894192727
0.328125 0.22946154090926543
0.3367993463721354 0.215625
0.3415949929147737 0.19687500000000002
0.340625 0.1777483495271503
0.33437500000000003 0.1556459612318733
0.3281076876745229 0.140625
0.31919865568916495 0.12187500000000001
0.3098202173685406 0.10312500000000001
0.30293776034638037 0.09062500000000001
0.290625 0.07384672428640338
0.278125 0.06297970629274666
0.259375 0.05314438926653919
0.240625 0.04772809082057139
0.22187500000000002 0.045431942739767625
0.19687500000000002 0.04631728297572182
0.19062500000000002 0.04717870117068271

-0.4672333600555852 0.140625
-0.453125 0.15050415428577013
-0.43525991123159474 0.15937500000000002
-0.4206454732475083 0.16562500000000002
-0.40294855691413467 0.171875
-0.3800345850554592 0.178125
-0.359375 0.18255464180084788
-0.340625 0.18527944294792167
-0.31562500000000004 0.18774889964781902
-0.290625 0.18864106854318716
-0.265625 0.18796422049395559
-0.240625 0.18505072425888677
-0.22187500000000002 0.18091114389540974
-0.203125 0.1740392067758173
-0.18787372113505338 0.16562500000000002
-0.17212046915261306 0.153125
-0.16229803864375766 0.140625
-0.15693656783853152 0.12187500000000001
-0.1631214431755297 0.10312500000000001
-0.178125 0.09196694180474342
-0.19687500000000002 0.08804778567329591
-0.22187500000000002 0.09022534491879045
-0.240625 0.09579098673137827
-0.259375 0.10301732058407718
-0.278125 0.10849588606238778
-0.296875 0.11053536768138789
-0.321875 0.10964266129178722
-0.340625 0.10736289561158427
-0.36562500000000003 0.10427470142058744
-0.384375 0.10258774318951502
-0.40937500000000004 0.09934710772633837
-0.434375 0.09740401523785547
-0.453125 0.09539482633212476
-0.47588091392436105 0.096875
-0.4847258625630884 0.09062500000000001
-0.49062500000000003 0.08095541878697536
-0.5013281219134699 0.096875
-0.49164605314201265 0.115625
-0.4816285851813163 0.12812500000000002
-0.4672333600555852 0.140625
-0.4672333600555852 0.140625

0.48637144181241987 -0.078125
0.48637144181241987 -0.078125
0.48637144181241987 -0.078125

-0.4710950475154619 0.078125
-0.4597662262629336 0.078125
-0.4710950475154619 0.078125

0.4698572463471565 -0.096875
0.4698572463471565 -0.096875
0.4698572463471565 -0.096875

-0.4587017795385182 0.07187500000000001
-0.44062500000000004 0.06501739534236406
-0.415625 0.059937394984756004
-0.39687500000000003 0.054791384052372175
-0.37812500000000004 0.05187977235422442
-0.353125 0.04771958184269259
-0.33437500000000003 0.042353097107339775
-0.309375 0.04078418018284552
-0.290625 0.035710166345999876
-0.2702244634553453 0.034375
-0.246875 0.029279795722847772
-0.22812500000000002 0.026702013953209213
-0.203125 0.022508130447037367
-0.184375 0.018823005980170688
-0.16005449495246832 0.015625
-0.140625 0.011432387013181633
-0.12187500000000001 0.007179769040692928
-0.096875 0.0039760409221218235
-0.078125 -0.0005701062641025193
-0.0558717379918348 -0.003125
-0.034375 -0.007821331132445077
-0.015625 -0.0125338031944008
0.009375000000000001 -0.014951307441561092
0.028125 -0.019686254366223517
0.050406334994577646 -0.021875000000000002
0.07187500000000001 -0.02655470941638879
0.09062500000000001 -0.028930240357898953
0.115625 -0.03354320848731537
0.134375 -0.036407645166950976
0.15937500000000002 -0.04027501239680806
0.178125 -0.0434354645588893
0.20008361366954655 -0.046875
0.22187500000000002 -0.051038056760107094
0.240625 -0.05430752776899385
0.265625 -0.058277413434023574
0.284375 -0.06262838176288293
0.30585126333764084 -0.065625
0.328125 -0.07042805159461636
0.34687500000000004 -0.07422326921017669
0.371875 -0.07780803287097533
0.390625 -0.08224445864101618
0.40937500000000004 -0.08456527429757565
0.434375 -0.08990549159713312
0.453125 -0.09489859882740888
0.453125 -0.10234850710616619
0.434375 -0.10813145475390813
0.41843070059692494 -0.115625
0.40496095103464574 -0.12812500000000002
0.40937500000000004 -0.15130129423949035
0.421875 -0.16329082886122456
0.43525031713980045 -0.171875
0.453125 -0.1800791488337697
0.47187500000000004 -0.18577686758377943
0.496875 -0.18952731467933184
0.521875 -0.1890848370341709
0.5448152755467164 -0.184375
0.5607435470899789 -0.178125
0.578125 -0.16724789771460272
0.5906250000000001 -0.15595521298969997
0.603125 -0.14180221271012047
0.6130607084417045 -0.12812500000000002
0.6214438469316671 -0.109375
0.6218750000000001 -0.09549102486698748
0.6135859863694454 -0.078125
0.596875 -0.06565164069969079
0.5804821989944023 -0.059375000000000004
0.5593750000000001 -0.055152381522534315
0.534375 -0.05480837420081247
0.515625 -0.06103801339640794
0.509375 -0.07268841487578058
0.5172779523572587 -0.09062500000000001
0.496875 -0.09174053257266489
0.4786291634052016 -0.09062500000000001
0.4696151493588222 -0.084375
0.446875 -0.08082470137398502
0.42812500000000003 -0.0765678347341384
0.403125 -0.07369234275279017
0.384375 -0.06917132883968813
0.36251159147643025 -0.065625
0.340625 -0.06194459298719047
0.321875 -0.05782823428901472
0.296875 -0.05410766633342958
0.278125 -0.05081032158932529
0.2561876231610578 -0.046875
0.234375 -0.04408025472855673
0.215625 -0.039487961091876564
0.19062500000000002 -0.03695875510117831
0.171875 -0.031876286502779884
0.146875 -0.02884096466942807
0.12812500000000002 -0.02505132686994603
0.10789627575868063 -0.021875000000000002
0.084375 -0.01830554513766493
0.065625 -0.01430648838400476
0.040625 -0.011512938635752657
0.021875000000000002 -0.006904658847203111
0.0029993751575235995 -0.003125
-0.021875000000000002 0.0003470060733996752
-0.040625 0.00505029548360412
-0.065625 0.008374059397236575
-0.084375 0.012069659136101243
-0.10492752559223195 0.015625
-0.12812500000000002 0.01902008624017909
-0.146875 0.023656158970810526
-0.171875 0.0265702319528447
-0.19062500000000002 0.031181500593619856
-0.209375 0.03488735556298512
-0.234375 0.0389438733383692
-0.253125 0.042413561644267614
-0.27691865566032564 0.046875
-0.296875 0.04938951808686548
-0.31562500000000004 0.05457633078536454
-0.340625 0.056959212110192184
-0.359375 0.06262306989559435
-0.38254287095360073 0.065625
-0.403125 0.06991931112746165
-0.421875 0.0727702986662256
-0.44661729356899077 0.078125
-0.4587017795385182 0.07187500000000001
-0.4587017795385182 0.07187500000000001

1.128125 -0.24426232252742258
1.109375 -0.2510173052697373
1.090625 -0.25552510158057845
1.065625 -0.2586105974661183
1.0406250000000001 -0.25864566743507644
1.015625 -0.2552802734309441
0.9968750000000001 -0.2496311795980106
0.9803693157389215 -0.240625
0.9686001041276989 -0.22812500000000002
0.9622120320587905 -0.209375
0.9622191081743291 -0.184375
0.9656250000000001 -0.16508174650847923
0.9719595172613115 -0.146875
0.9830040639121647 -0.12812500000000002
0.9941346672329234 -0.115625
1.0093750000000001 -0.1038088631759905
1.0223619536438802 -0.096875
1.0406250000000001 -0.09017969638665217
1.065625 -0.08504401351733198
1.084375 -0.0835411552206756
1.1065024429437564 -0.084375
1.128125 -0.08873407570084181
1.1454365329898988 -0.096875
1.1593150869378432 -0.109375
1.1679787952478964 -0.12187500000000001
1.1769482643284044 -0.140625
1.1824223065518715 -0.15937500000000002
1.1831086511665545 -0.184375
1.1769679734250509 -0.203125
1.1656250000000001 -0.21899210653885823
1.153125 -0.23008429105844486
1.1358235176155775 -0.240625
1.128125 -0.24426232252742258

0.8795586662297225 0.065625
0.890625 0.05178699139221902
0.900579805818179 0.034375
0.9044865304590305 0.015625
0.8974635553489277 -0.003125
0.884375 -0.01367187188605986
0.8656250000000001 -0.021158220005574865
0.846875 -0.024685193745012095
0.821875 -0.026107067490496072
0.796875 -0.024526080534413637
0.7781250000000001 -0.021428459000143795
0.7585223819082872 -0.015625
0.7406250000000001 -0.006292824280963071
0.728125 0.00482332719892115
0.7176803090928578 0.021875000000000002
0.7119819684473772 0.040625
0.7093688271693118 0.059375000000000004
0.7093750000000001 0.08192561742484641
0.7141443067966167 0.10312500000000001
0.7223850280783568 0.115625
0.7406250000000001 0.12614944690481725
0.759375 0.12889477776111993
0.7781250000000001 0.12731580055471622
0.7986345228947801 0.12187500000000001
0.815625 0.11481443608459074
0.8343750000000001 0.10427294908139106
0.846875 0.09559824596912464
0.8606502489407092 0.084375
0.8737534333336127 0.07187500000000001
0.8795586662297225 0.065625

0.19062500000000002 0.051805073836012024
0.171875 0.055657824907447806
0.153125 0.06203480214211963
0.134375 0.07153715600938015
0.12187500000000001 0.08022929176937885
0.109375 0.09215893667716407
0.09744615311276753 0.109375
0.09062500000000001 0.1252983759311402
0.0852008737117652 0.146875
0.08205190698200815 0.16562500000000002
0.078125 0.18703680603530223
0.07419904029205206 0.209375
0.078125 0.229477994146277
0.09062500000000001 0.2430881063574155
0.1088371700799969 0.253125
0.12662661439886702 0.259375
0.146875 0.26426296003091065
0.16562500000000002 0.26714048966623777
0.19062500000000002 0.26899715822580184
0.215625 0.2686525720550427
0.240625 0.2659226775810422
0.259375 0.2623176034438829
0.278125 0.25675195301014453
0.296875 0.2486027107745727
0.3098168392982811 0.240625
0.3237254924692753 0.22812500000000002
0.33437500000000003 0.21060128550209364
0.33836223453421777 0.19062500000000002
0.3347464179171156 0.16562500000000002
0.328125 0.14755448447612987
0.321875 0.13410286599952703
0.3123243438749265 0.115625
0.30312500000000003 0.09931268895783966
0.29271812802355307 0.084375
0.2803431416576955 0.07187500000000001
0.265625 0.06216931268438601
0.246875 0.05485241870007128
0.22812500000000002 0.05116162005488222
0.203125 0.050499322125250365
0.19062500000000002 0.051805073836012024

-0.4670141395999501 0.140625
-0.453125 0.1501972341338059
-0.434375 0.1592934163432894
-0.41857144290789045 0.16562500000000002
-0.3992305265067578 0.171875
-0.37812500000000004 0.17721067137522967
-0.359375 0.18068719187097643
-0.33437500000000003 0.18358655713005395
-0.31562500000000004 0.184800411034125
-0.290625 0.1852102138173141
-0.2709827929300752 0.184375
-0.246875 0.18192029401378956
-0.22812500000000002 0.1781038289682869
-0.20878199977124814 0.171875
-0.19062500000000002 0.16276006845089733
-0.17767509937893333 0.153125
-0.16562500000000002 0.1383539457160829
-0.1622523069749086 0.115625
-0.171875 0.10108822370435006
-0.19062500000000002 0.09306653515242427
-0.215625 0.09307732134917239
-0.234375 0.09765408955439016
-0.253125 0.10446446655411837
-0.27187500000000003 0.11022677520737872
-0.296875 0.11276412798998375
-0.321875 0.11122951671137976
-0.340625 0.10892661660558772
-0.36562500000000003 0.10522503173635617
-0.38685808375767783 0.10312500000000001
-0.40937500000000004 0.09980427722458239
-0.434375 0.09755433791440193
-0.453125 0.09554219493492966
-0.4758632360445152 0.096875
-0.48472605469974583 0.09062500000000001
-0.49062500000000003 0.08095615707089601
-0.5013265417457902 0.096875
-0.49162991880056905 0.115625
-0.4815631604003063 0.12812500000000002
-0.4670141395999501 0.140625
-0.4670141395999501 0.140625

0.48653311669036853 -0.078125
0.48653311669036853 -0.078125
0.48653311669036853 -0.078125

-0.47108165334383395 0.078125
-0.4597805722847445 0.078125
-0.47108165334383395 0.078125

0.46903603698456625 -0.096875
0.46903603698456625 -0.096875
0.46903603698456625 -0.096875

-0.458656093963205 0.07187500000000001
-0.44062500000000004 0.06520490559978992
-0.415625 0.06000518891687929
-0.39687500000000003 0.054947240508435476
-0.37812500000000004 0.05258109511894222
-0.353125 0.04784817233398252
-0.33437500000000003 0.042693697084008164
-0.309375 0.04090790439179001
-0.290625 0.03595531094618069
-0.26947859645618977 0.034375
-0.246875 0.02947751839591547
-0.22812500000000002 0.02743216154476181
-0.203125 0.022686078448049728
-0.184375 0.01925402729795695
-0.15937500000000002 0.015777931913385414
-0.140625 0.011715722685322224
-0.12187500000000001 0.007901291149103203
-0.096875 0.004174583844562469
-0.078125 -0.00016495345410920056
-0.05389750755050188 -0.003125
-0.034375 -0.007569770742822717
-0.015625 -0.011848365528701842
0.009375000000000001 -0.014751308194808114
0.028125 -0.019290718413827332
0.0519700824552113 -0.021875000000000002
0.07187500000000001 -0.026285131114341987
0.09076384315917889 -0.028125
0.115625 -0.03331945582834586
0.134375 -0.03581408189308617
0.15937500000000002 -0.039958355690651114
0.178125 -0.04297738211867444
0.20206502671363688 -0.046875
0.22187500000000002 -0.050687784648087
0.240625 -0.053603109189617255
0.265625 -0.05789547053350974
0.284375 -0.06220289011764287
0.309375 -0.06555896447434097
0.328125 -0.0701566373395853
0.34687500000000004 -0.07359237841265266
0.371875 -0.07758812456746013
0.390625 -0.08192082647589109
0.41072209292307893 -0.084375
0.434375 -0.08974204343993802
0.453125 -0.09442455010319102
0.45437603394765785 -0.10312500000000001
0.4376742760541672 -0.109375
0.421875 -0.12008111075577965
0.4133689573049492 -0.134375
0.4211649411234956 -0.153125
0.434375 -0.16447369216284696
0.44718193161371156 -0.171875
0.465625 -0.1792055066575476
0.49060193786597883 -0.184375
0.509375 -0.18532961083344054
0.5281250000000001 -0.18362049404011735
0.5491506226734743 -0.178125
0.565625 -0.17058589452173847
0.5813691228128883 -0.15937500000000002
0.5944682163407007 -0.146875
0.6051688005448074 -0.134375
0.6156250000000001 -0.11740138622339218
0.6191460425364689 -0.096875
0.6098564429985438 -0.078125
0.596875 -0.0682688622424386
0.578125 -0.06065136732269105
0.5593750000000001 -0.05680470383488848
0.534375 -0.05632158916334364
0.515625 -0.06274321881871942
0.515625 -0.08152498791541515
0.509375 -0.0967766063701753
0.49062500000000003 -0.08614851334650055
0.4758920928462986 -0.09062500000000001
0.45937500000000003 -0.08282710396502843
0.434375 -0.07860898059136104
0.415625 -0.0751312417418217
0.39687500000000003 -0.07148643945756063
0.371875 -0.06819783903043265
0.353125 -0.06346795932608343
0.328125 -0.06017301563151173
0.309375 -0.056416002749343344
0.28935313176885535 -0.053125000000000006
0.265625 -0.049649250300628084
0.246875 -0.0458239793136828
0.22187500000000002 -0.04288538547933455
0.203125 -0.03826023465478816
0.184375 -0.03400539075260315
0.15937500000000002 -0.030658128851735782
0.140625 -0.026524886056395608
0.115625 -0.023020819299100454
0.096875 -0.019698667275264103
0.07381122806984727 -0.015625
0.053125000000000006 -0.01284213152034963
0.034375 -0.008679503958908222
0.009375000000000001 -0.005916674735836568
-0.009375000000000001 -0.0009993358788890337
-0.034375 0.0022754666177103857
-0.053125000000000006 0.0060258035490450045
-0.07187500000000001 0.009504614920759373
-0.096875 0.01317011768532745
-0.115625 0.01739850550614221
-0.14019592322193133 0.021875000000000002
-0.15937500000000002 0.0246470047601631
-0.178125 0.030055041646526108
-0.203125 0.03279167087359953
-0.22187500000000002 0.03746748308058916
-0.24360023735485378 0.040625
-0.265625 0.04438801060027405
-0.284375 0.04783269194682713
-0.309375 0.05142542785866061
-0.328125 0.05570710437633716
-0.34687500000000004 0.05983469696004254
-0.371875 0.06356023361649234
-0.390625 0.06789156599628206
-0.4148410019343729 0.07187500000000001
-0.434375 0.07487358988027612
-0.4475966971125509 0.078125
-0.458656093963205 0.07187500000000001

0.8749968657336986 0.053125000000000006
0.884375 0.03942358456913907
0.8906588220573596 0.021875000000000002
0.8867032009802138 0.003125
0.8728690668684105 -0.009375000000000001
0.857409575914158 -0.015625
0.8343750000000001 -0.019575819172586315
0.8093750000000001 -0.019824551659022742
0.784375 -0.01645370723492251
0.765625 -0.010799946791742461
0.7505619854980802 -0.003125
0.7367983904416466 0.009375000000000001
0.728125 0.02469566381076798
0.7229864433289119 0.046875
0.7237372773526817 0.07187500000000001
0.729788301973356 0.09062500000000001
0.7406250000000001 0.10323554489556329
0.759375 0.11058427356315571
0.784375 0.10994166059068537
0.8031250000000001 0.10480495797680106
0.8209721625075524 0.096875
0.8343750000000001 0.08905479980269225
0.8494841211086198 0.078125
0.8635957491596478 0.065625
0.8749968657336986 0.053125000000000006
0.8749968657336986 0.053125000000000006

-0.284375 0.1819028168641458
-0.309375 0.18237554699539246
-0.33437500000000003 0.18143790431943443
-0.359375 0.17881974194110495
-0.37812500000000004 0.1758969439613384
-0.39687500000000003 0.17154258170302272
-0.41649741256827255 0.16562500000000002
-0.434375 0.1588750119658131
-0.453125 0.14989031398184166
-0.466794919144315 0.140625
-0.4814977356192963 0.12812500000000002
-0.49161378445912546 0.115625
-0.5013249615781105 0.096875
-0.49062500000000003 0.08095689535481666
-0.4847262468364033 0.09062500000000001
-0.47584555816466934 0.096875
-0.453125 0.09568956353773456
-0.434375 0.09770466059094839
-0.40937500000000004 0.1002614467228264
-0.390625 0.10329557065915686
-0.36562500000000003 0.10617536205212488
-0.34687500000000004 0.10938101676283556
-0.321875 0.11281637213097231
-0.296875 0.11499288829857963
-0.27187500000000003 0.11316288669098941
-0.253125 0.1081731803860583
-0.234375 0.10161254370809156
-0.2143297775667209 0.096875
-0.19424152519277568 0.096875
-0.1772415139670113 0.10312500000000001
-0.16598792344018454 0.12187500000000001
-0.171875 0.1408090399070653
-0.184375 0.15367283945764038
-0.203125 0.16512757950841814
-0.22048860755300195 0.171875
-0.240625 0.1769419932513542
-0.259375 0.17985081025249028
-0.284375 0.1819028168641458
-0.284375 0.1819028168641458

0.9707381744329304 -0.215625
0.9781716108913895 -0.22812500000000002
0.9944093832199468 -0.240625
1.0097958983846482 -0.246875
1.034375 -0.25185335102497813
1.059375 -0.25279906741697167
1.084375 -0.2504202756860427
1.1031250000000001 -0.24630312478705985
1.121875 -0.23990735752107714
1.140625 -0.2303514507032873
1.153125 -0.22118476289499306
1.1656250000000001 -0.20750367147564788
1.1740986225254535 -0.19062500000000002
1.1762690630250017 -0.16562500000000002
1.1717212692211714 -0.146875
1.162677664253127 -0.12812500000000002
1.153125 -0.11515236332954189
1.1392161133361711 -0.10312500000000001
1.121875 -0.09485095335412465
1.102608805167349 -0.09062500000000001
1.078125 -0.08966478182258089
1.059375 -0.09155374582158347
1.0371192232639794 -0.096875
1.021372234485078 -0.10312500000000001
1.003125 -0.11436289235834465
0.9906250000000001 -0.1260933605753818
0.9801259728990568 -0.140625
0.971875 -0.15907818995477363
0.9676935205227954 -0.178125
0.9676059515117379 -0.203125
0.9707381744329304 -0.215625

0.09234420222518754 0.12812500000000002
0.08750300792956242 0.146875
0.0843346264551698 0.16562500000000002
0.08012832370298453 0.19062500000000002
0.07801879022661913 0.209375
0.08283687662746242 0.22812500000000002
0.09473428516717564 0.240625
0.109375 0.2491257552883716
0.12812500000000002 0.256182836551491
0.146875 0.26085271576347374
0.171875 0.2645720533822089
0.19062500000000002 0.26574356039329855
0.21075656548558583 0.265625
0.234375 0.2636850368241457
0.257057535527664 0.259375
0.2777840098116155 0.253125
0.29222480946811735 0.246875
0.309375 0.23624904147438866
0.321875 0.224173225410404
0.3308223501437527 0.209375
0.3349464053070702 0.19062500000000002
0.3333413268071766 0.171875
0.3275188779529621 0.153125
0.31889297517835563 0.134375
0.309375 0.11694953169091919
0.3009103915979652 0.10312500000000001
0.290625 0.08899159592827448
0.278125 0.07656754805790172
0.26072570505671605 0.065625
0.24393344616132154 0.059375000000000004
0.22187500000000002 0.05534287374051891
0.19687500000000002 0.05543136304798115
0.1741476200600794 0.059375000000000004
0.1547165524456852 0.065625
0.140625 0.07217551436911318
0.12233009027871841 0.084375
0.10960462313382684 0.096875
0.10078530774668697 0.109375
0.09234420222518754 0.12812500000000002
0.09234420222518754 0.12812500000000002

0.48669479156831724 -0.078125
0.48669479156831724 -0.078125
0.48669479156831724 -0.078125

-0.47106825917220596 0.078125
-0.45979491830655544 0.078125
-0.47106825917220596 0.078125

0.468214827621976 -0.096875
0.468214827621976 -0.096875
0.468214827621976 -0.096875

-0.45861040838789174 0.07187500000000001
-0.44062500000000004 0.06539241585721578
-0.415625 0.060072982849002574
-0.39687500000000003 0.05510309696449878
-0.3779082784154604 0.053125000000000006
-0.353125 0.04797676282527244
-0.33437500000000003 0.04303429706067655
-0.309375 0.041031628600734504
-0.290625 0.0362004555463615
-0.26873272945703425 0.034375
-0.246875 0.02967524106898317
-0.228096422481902 0.028125
-0.203125 0.02286402644906209
-0.184375 0.01968504861574321
-0.15937500000000002 0.01604111883080798
-0.140625 0.011999058357462815
-0.12187500000000001 0.008622813257513478
-0.096875 0.004373126767003115
-0.078125 0.00024019935588411858
-0.053125000000000006 -0.0029757467988914175
-0.034375 -0.007318210353200358
-0.015625 -0.011162927863002884
0.009375000000000001 -0.014551308948055137
0.028125 -0.018895182461431147
0.053125000000000006 -0.02180209136790174
0.07187500000000001 -0.026015552812295183
0.0918355098414125 -0.028125
0.115625 -0.03309570316937636
0.134375 -0.03522051861922136
0.15937500000000002 -0.03964169898449416
0.178125 -0.04251929967845958
0.203125 -0.04659470780175834
0.22187500000000002 -0.05033751253606691
0.24145581622375023 -0.053125000000000006
0.265625 -0.057513527632995914
0.284375 -0.06177739847240281
0.309375 -0.06519299734587354
0.328125 -0.06988522308455423
0.34687500000000004 -0.07296148761512863
0.371875 -0.07736821626394491
0.390625 -0.081597194310766
0.41229719200854514 -0.084375
0.434375 -0.08957859528274292
0.453125 -0.09395050137897316
0.45743822581068666 -0.10312500000000001
0.44062500000000004 -0.11090136015776803
0.4269409026981316 -0.12187500000000001
0.421875 -0.1361085187689738
0.4298338603989926 -0.153125
0.4457316341145099 -0.16562500000000002
0.45937500000000003 -0.1723635050382106
0.478125 -0.1781953321561959
0.503125 -0.1813975527552189
0.5281250000000001 -0.1795409156297255
0.546875 -0.1747415745481485
0.565625 -0.16599081216603587
0.578125 -0.15749413476013394
0.5906250000000001 -0.14634852639430163
0.603125 -0.13238674757342866
0.6133867818457595 -0.115625
0.6161236521894065 -0.096875
0.609375 -0.08187334161100424
0.596875 -0.07088608378518642
0.578125 -0.06257440871429727
0.5593750000000001 -0.05845702614724265
0.534375 -0.05783480412587483
0.515625 -0.0644484242410309
0.515625 -0.080538393362417
0.5102140168682497 -0.096875
0.496875 -0.09186560593782216
0.47866266845831773 -0.09062500000000001
0.4692205097009961 -0.084375
0.446875 -0.08097371905755041
0.42812500000000003 -0.07680208453571508
0.403125 -0.07399542375834145
0.384375 -0.06939218995396619
0.36099025819945496 -0.065625
0.340625 -0.06223854533023401
0.321875 -0.05819246702558185
0.296875 -0.05461252065594372
0.278125 -0.05118893144258596
0.2550714469619857 -0.046875
0.234375 -0.04454439124127296
0.215625 -0.040000062767308414
0.19062500000000002 -0.037416723126822087
0.178125 -0.03552618764096717
0.15937500000000002 -0.030868928994200268
0.140625 -0.02671859044169067
0.115625 -0.02324068333133553
0.096875 -0.01984814913425858
0.07344643024316358 -0.015625
0.053125000000000006 -0.01296233986350455
0.034375 -0.008851496883344828
0.009375000000000001 -0.006045324809976183
-0.009375000000000001 -0.001117200666134085
-0.034375 0.001969816773185221
-0.053125000000000006 0.005913720694393269
-0.07196068932028754 0.009375000000000001
-0.096875 0.013025226635509592
-0.115625 0.017285180558166042
-0.140625 0.021681457380189464
-0.15937500000000002 0.02452734800423648
-0.178125 0.029926646490655132
-0.203125 0.03263898899624428
-0.22187500000000002 0.03735934547319475
-0.24382215033825982 0.040625
-0.265625 0.044290354844940184
-0.284375 0.04770813853689512
-0.309375 0.051331077420166356
-0.328125 0.055615872279519134
-0.34687500000000004 0.05970983786879736
-0.371875 0.06348020034862523
-0.390625 0.06783025898563175
-0.4149668021914257 0.07187500000000001
-0.434375 0.0748372690351891
-0.44716756331362983 0.078125
-0.45861040838789174 0.07187500000000001

0.08816781438628271 0.22812500000000002
0.08169561367329128 0.209375
0.0837939862787414 0.184375
0.08658358864549481 0.16562500000000002
0.09062500000000001 0.1432091871571719
0.096875 0.12331941186721179
0.10414113970412349 0.109375
0.115625 0.09487439624329781
0.12812500000000002 0.08409760040207541
0.146875 0.07294509611315488
0.16562500000000002 0.06566595593095703
0.184375 0.06114957230189142
0.203125 0.05926561044355392
0.22187500000000002 0.05984150895764762
0.246875 0.06511902769757758
0.26246539113005907 0.07187500000000001
0.278125 0.08255837762710594
0.290625 0.09542616008428484
0.3008475921513515 0.109375
0.309375 0.12295687686801571
0.31902935341780947 0.140625
0.3269846210892741 0.15937500000000002
0.3314063702191949 0.178125
0.32926197049944916 0.203125
0.321875 0.21801903872541034
0.309375 0.23165796735748778
0.29662125551292945 0.240625
0.278125 0.24963565350055383
0.259375 0.2557368092771813
0.240625 0.25967372612459494
0.215625 0.262586670104851
0.19062500000000002 0.2629269078373282
0.16562500000000002 0.26086755896679104
0.146875 0.2576619396135011
0.12812500000000002 0.2526287203102395
0.109375 0.24499406855181988
0.09371998847812142 0.234375
0.08816781438628271 0.22812500000000002

-0.284375 0.1788390139646164
-0.309375 0.17980857874920272
-0.33437500000000003 0.1792892515088149
-0.353125 0.17782454619374408
-0.37812500000000004 0.17458321654744716
-0.39687500000000003 0.17063547139268287
-0.415625 0.16526810922883164
-0.434375 0.15845660758833685
-0.453125 0.1495833938298774
-0.4665756986886799 0.140625
-0.4814323108382863 0.12812500000000002
-0.4915976501176818 0.115625
-0.5013233814104309 0.096875
-0.49062500000000003 0.08095763363873731
-0.4847264389730607 0.09062500000000001
-0.4758278802848235 0.096875
-0.453125 0.09583693214053945
-0.434375 0.09785498326749484
-0.40937500000000004 0.10071861622107041
-0.390625 0.10378867770515027
-0.36562500000000003 0.10712569236789361
-0.34687500000000004 0.11041876183799805
-0.321875 0.11440322755056487
-0.30312500000000003 0.11663497001047535
-0.278125 0.11676650934753385
-0.259375 0.11352195255054126
-0.240625 0.10766699610796268
-0.22187500000000002 0.10216921156066619
-0.19687500000000002 0.10088043155900896
-0.178125 0.10886514378853798
-0.17118304657639472 0.12187500000000001
-0.17711898254817615 0.140625
-0.19027913171588487 0.153125
-0.203125 0.1608016152576046
-0.22187500000000002 0.16837965073082
-0.240625 0.17326306686668172
-0.265625 0.17716826397115013
-0.284375 0.1788390139646164
-0.284375 0.1788390139646164

1.0093750000000001 -0.11582306944676517
0.9950982396652289 -0.12812500000000002
0.984375 -0.1422218032553388
0.9764492317776619 -0.15937500000000002
0.9720372859473453 -0.184375
0.9755470776863233 -0.209375
0.984375 -0.224149079692563
0.9972365567868202 -0.234375
1.015625 -0.24202369937282717
1.0406250000000001 -0.24652846824404245
1.059375 -0.2470564694590323
1.078125 -0.24554953016264464
1.1016876438021888 -0.240625
1.119422071613633 -0.234375
1.1343750000000001 -0.2267681575161745
1.149383696205484 -0.215625
1.1602188545414784 -0.203125
1.1683950042188092 -0.184375
1.1682916378846744 -0.15937500000000002
1.1615916896333853 -0.140625
1.153125 -0.12695775701988907
1.140625 -0.11376940370142252
1.123169648235012 -0.10312500000000001
1.1031250000000001 -0.09716899801713896
1.084375 -0.09532032190573059
1.0600515183773778 -0.096875
1.0406250000000001 -0.10110842448005801
1.021875 -0.10844925666701541
1.0093750000000001 -0.11582306944676517
1.0093750000000001 -0.11582306944676517

0.784375 0.09257091200192949
0.7637910920688549 0.09062500000000001
0.7468750000000001 0.07914006532996946
0.7398271969537273 0.065625
0.7373564374118146 0.040625
0.7424582841394379 0.021875000000000002
0.753125 0.007419882369023028
0.768569025661884 -0.003125
0.7859785746205842 -0.009375000000000001
0.8093750000000001 -0.012850898692797985
0.8343750000000001 -0.012011668815353437
0.853125 -0.007390172573967792
0.8696114114160229 0.003125
0.8756169056921653 0.021875000000000002
0.8682386030094248 0.040625
0.8583363609379124 0.053125000000000006
0.8447275005432269 0.065625
0.828125 0.07716619194434107
0.8141487100762426 0.084375
0.79599427346351 0.09062500000000001
0.784375 0.09257091200192949

0.4868564664462659 -0.078125
0.4868564664462659 -0.078125
0.4868564664462659 -0.078125

-0.471054865000578 0.078125
-0.4598092643283664 0.078125
-0.471054865000578 0.078125

0.4673936182593858 -0.096875
0.4673936182593858 -0.096875
0.4673936182593858 -0.096875

-0.4585647228125785 0.07187500000000001
-0.44062500000000004 0.06557992611464164
-0.415625 0.06014077678112586
-0.39687500000000003 0.05525895342056208
-0.37694274783335924 0.053125000000000006
-0.353125 0.04810535331656236
-0.33437500000000003 0.043374897037344935
-0.309375 0.041155352809679
-0.290625 0.03644560014654231
-0.2679868624578787 0.034375
-0.246875 0.02987296374205087
-0.22753715448287937 0.028125
-0.203125 0.02304197445007445
-0.184375 0.020116069933529476
-0.15937500000000002 0.016304305748230545
-0.140625 0.012282394029603405
-0.12187500000000001 0.009344335365923752
-0.096875 0.004571669689443761
-0.078125 0.0006453521658774373
-0.053125000000000006 -0.002730548662662878
-0.034375 -0.007066649963578
-0.015625 -0.010477490197303926
0.009375000000000001 -0.014351309701302158
0.028125 -0.01849964650903496
0.053125000000000006 -0.021523220659366873
0.07187500000000001 -0.02574597451024838
0.09290717652364612 -0.028125
0.115625 -0.03287195051040685
0.134375 -0.03462695534535656
0.15937500000000002 -0.03932504227833721
0.178125 -0.042061217238244714
0.203125 -0.04599198297564205
0.22187500000000002 -0.049987240424046814
0.2440418440712006 -0.053125000000000006
0.265625 -0.05713158473248209
0.284375 -0.061351906827162746
0.309375 -0.0648270302174061
0.328125 -0.06961380882952316
0.34687500000000004 -0.07233059681760459
0.371875 -0.07714830796042971
0.390625 -0.08127356214564091
0.41387229109401136 -0.084375
0.434375 -0.08941514712554782
0.453125 -0.09347645265475531
0.45937500000000003 -0.10355194087243819
0.44062500000000004 -0.11409493941511661
0.42932275745549825 -0.12812500000000002
0.434375 -0.14955020886864676
0.446875 -0.16101382034874018
0.465625 -0.17061927771486332
0.484375 -0.17585455254687238
0.509375 -0.17770188589858288
0.534375 -0.17453993641445048
0.553125 -0.16831820941022746
0.5694808871708963 -0.15937500000000002
0.584375 -0.14800701757984305
0.596875 -0.13554141637617614
0.6070983495205908 -0.12187500000000001
0.6134648505290073 -0.10312500000000001
0.6080049861885473 -0.084375
0.59427323608267 -0.07187500000000001
0.578125 -0.0644974501059035
0.5535905461161994 -0.059375000000000004
0.534375 -0.059348019088406
0.5163919326671456 -0.065625
0.515625 -0.07955179880941884
0.5115408372621012 -0.096875
0.496875 -0.0919281426204008
0.4786794209848758 -0.09062500000000001
0.469023189872083 -0.084375
0.446875 -0.08104822789933311
0.42812500000000003 -0.0769192094365034
0.403125 -0.0741469642611171
0.384375 -0.06950262051110521
0.3602295915609673 -0.065625
0.340625 -0.06238552150175579
0.321875 -0.058374583393865406
0.296875 -0.0548649478172008
0.278125 -0.0513782363692163
0.25451335886244963 -0.046875
0.234375 -0.04477645949763108
0.215625 -0.040256113605024346
0.19062500000000002 -0.03764570713964398
0.171875 -0.032518009145333794
0.146875 -0.029962660153089557
0.12812500000000002 -0.025666470919555588
0.10648395677025567 -0.021875000000000002
0.084375 -0.018814161640686045
0.065625 -0.014763070205918482
0.040625 -0.012209835684965718
0.021875000000000002 -0.0072512353889523
-0.0006679546243511763 -0.003125
-0.021875000000000002 1.0620439527916914e-5
-0.040625 0.004692502082604896
-0.065625 0.007805949743309862
-0.084375 0.011769193098121578
-0.10578812909370965 0.015625
-0.12812500000000002 0.018699197349976042
-0.146875 0.023273105209664968
-0.171875 0.02603929671175225
-0.19062500000000002 0.03077907963093304
-0.209375 0.03438500681571264
-0.234375 0.03851785495372068
-0.253125 0.04206794026598551
-0.27782501503375184 0.046875
-0.296875 0.049085560255382875
-0.31562500000000004 0.054237144301617884
-0.340625 0.056695622663501595
-0.359375 0.0624257837477337
-0.3831955291463566 0.065625
-0.403125 0.06976839229890441
-0.421875 0.07258687512018624
-0.446875 0.07811058272284006
-0.4585647228125785 0.07187500000000001

1.0122309599568895 -0.234375
0.9968750000000001 -0.22619106412090817
0.984375 -0.21266203973992198
0.978125 -0.19532242611576114
0.978086869381572 -0.171875
0.9837029614839692 -0.153125
0.9907924819712821 -0.140625
1.003125 -0.12678949091185618
1.0188350313293077 -0.115625
1.034375 -0.10843459811567295
1.0539462395615358 -0.10312500000000001
1.078125 -0.10082415484244038
1.101205086061199 -0.10312500000000001
1.1203779851617914 -0.109375
1.1343750000000001 -0.11786939035267158
1.146875 -0.1301982754767793
1.1571527970829616 -0.146875
1.1624703444678806 -0.16562500000000002
1.159375 -0.1899643937207485
1.1519643972333238 -0.203125
1.139655145555223 -0.215625
1.121875 -0.2268604802181378
1.1031482176916452 -0.234375
1.084375 -0.23902383192480608
1.065625 -0.2413027056256718
1.0406250000000001 -0.24086969145075574
1.021875 -0.2375272096095167
1.0122309599568895 -0.234375

-0.18304957578139006 0.140625
-0.17705748003340852 0.12187500000000001
-0.18665832930793205 0.109375
-0.209375 0.10472880051892512
-0.2334716201353776 0.109375
-0.253125 0.11532529777267726
-0.27187500000000003 0.11880305161212877
-0.296875 0.11897680344692296
-0.321875 0.11594080394284727
-0.340625 0.11254271746023413
-0.359375 0.10937451294328786
-0.384375 0.10513939124919333
-0.403125 0.10235264498768724
-0.42812500000000003 0.09911499689037791
-0.44834389338459163 0.096875
-0.47187500000000004 0.09138999554004801
-0.484375 0.09307923018522633
-0.484375 0.07918375914399116
-0.5018658840535616 0.09062500000000001
-0.4951377505775549 0.109375
-0.484375 0.1259263879874137
-0.47187500000000004 0.13722714064174546
-0.45643450828589527 0.146875
-0.44062500000000004 0.15545043775987274
-0.421875 0.1627860553739816
-0.403125 0.16825618666167633
-0.384375 0.17208541821588086
-0.359375 0.17573420680595528
-0.33437500000000003 0.17729847619863323
-0.309375 0.1773507401647875
-0.284375 0.17600563337025263
-0.259375 0.17312422933585336
-0.240625 0.16963149915850737
-0.22187500000000002 0.1643936890313328
-0.203125 0.15623974671537075
-0.18920236781854619 0.146875
-0.18304957578139006 0.140625

0.08918741904161757 0.22187500000000002
0.09969574962177545 0.234375
0.115625 0.24422842134385397
0.134375 0.2513521899321852
0.153125 0.2559752980715911
0.178125 0.2593363226799832
0.19687500000000002 0.2602793034202531
0.22045623947215592 0.259375
0.240625 0.25691289477241747
0.259375 0.2526788740576414
0.278125 0.24631605175829127
0.296875 0.23671840144970427
0.309375 0.22712689700957017
0.321875 0.21140142516728497
0.328125 0.19269222886614784
0.328125 0.1761709280437999
0.321875 0.15325038397492424
0.31562500000000004 0.13974593902434654
0.3053306862507929 0.12187500000000001
0.2968648358678317 0.109375
0.284375 0.09412414611936229
0.27187500000000003 0.08300151456984313
0.253125 0.07220304134749131
0.234375 0.06614009481578222
0.215625 0.06340976988093322
0.19062500000000002 0.06409240587577424
0.171875 0.06759088468736527
0.153125 0.07388711715270492
0.134375 0.08374550793063305
0.12187500000000001 0.09319047227361897
0.109375 0.1067868354193482
0.10034047799410524 0.12187500000000001
0.09360696394809637 0.140625
0.08978320208623775 0.15937500000000002
0.08631942311076946 0.184375
0.08533736807862072 0.209375
0.08918741904161757 0.22187500000000002

0.8495424067422657 0.040625
0.8371050444105117 0.053125000000000006
0.821875 0.06325701632302881
0.8031250000000001 0.07079699577399781
0.784375 0.07276822870718816
0.765625 0.06576035522105311
0.7566869539544795 0.053125000000000006
0.7560412772012691 0.028125
0.765625 0.012912990397817799
0.7797461142956942 0.003125
0.8010822374442974 -0.003125
0.821875 -0.0038557925868911167
0.8406250000000001 0.0003859780422336384
0.8538315615222718 0.009375000000000001
0.8537542068927217 0.034375
0.8495424067422657 0.040625

0.48701814132421456 -0.078125
0.48701814132421456 -0.078125
0.48701814132421456 -0.078125

-0.47104147082895004 0.078125
-0.4598236103501773 0.078125
-0.47104147082895004 0.078125

0.4665724088967956 -0.096875
0.4665724088967956 -0.096875
0.4665724088967956 -0.096875

-0.4585190372372653 0.07187500000000001
-0.4403566740175439 0.065625
-0.415625 0.06020857071324914
-0.39687500000000003 0.055414809876625386
-0.37597721725125816 0.053125000000000006
-0.353125 0.048233943807852286
-0.33437500000000003 0.043715497014013324
-0.309375 0.04127907701862349
-0.290625 0.03669074474672312
-0.26724099545872326 0.034375
-0.246875 0.030070686415118574
-0.2269778864838567 0.028125
-0.203125 0.02321992245108681
-0.184375 0.020547091251315736
-0.15937500000000002 0.016567492665653112
-0.140625 0.012565729701743996
-0.11967697873145 0.009375000000000001
-0.096875 0.004770212611884407
-0.078125 0.0010505049758707573
-0.053125000000000006 -0.0024853505264343374
-0.034375 -0.0068150895739556416
-0.015625 -0.009792052531604967
0.009375000000000001 -0.01415131045454918
0.028125 -0.018104110556638776
0.053125000000000006 -0.021244349950832006
0.07187500000000001 -0.025476396208201576
0.09397884320587972 -0.028125
0.115625 -0.03264819785143734
0.13483063487296884 -0.034375
0.15937500000000002 -0.03900838557218027
0.178125 -0.04160313479802985
0.203125 -0.045389258149525755
0.22187500000000002 -0.04963696831202673
0.246627871918651 -0.053125000000000006
0.265625 -0.056749641831968255
0.284375 -0.06092641518192268
0.309375 -0.06446106308893867
0.328125 -0.0693423945744921
0.3473453809986222 -0.07187500000000001
0.371875 -0.0769283996569145
0.390625 -0.08094992998051581
0.41544739017947757 -0.084375
0.434375 -0.08925169896835272
0.453125 -0.09300240393053744
0.45937500000000003 -0.1047136205724365
0.44246389278034376 -0.115625
0.434375 -0.1304420360946446
0.43841654288680365 -0.146875
0.45170208908839343 -0.15937500000000002
0.465625 -0.16679253086391396
0.484375 -0.17240033177279765
0.509375 -0.1745125132575436
0.5302400872961353 -0.171875
0.5504916102163107 -0.16562500000000002
0.565625 -0.1580054907014039
0.5810096708786657 -0.146875
0.5941827229642782 -0.134375
0.6039077103705414 -0.12187500000000001
0.6105354343822085 -0.10312500000000001
0.6047333150312426 -0.084375
0.5906250000000001 -0.07220242691392427
0.5757792793219183 -0.065625
0.553125 -0.06080198652182032
0.5281250000000001 -0.06177640253896004
0.5133985855837068 -0.07187500000000001
0.5194931544227953 -0.09062500000000001
0.5076546740229059 -0.096875
0.49062500000000003 -0.08618657885534427
0.47567666363336747 -0.09062500000000001
0.45937500000000003 -0.08311076726838201
0.434375 -0.07913577635363128
0.415625 -0.07540465799742033
0.39644864562198195 -0.07187500000000001
0.371875 -0.06862246038483595
0.353125 -0.06388816806974525
0.328125 -0.06115262597867358
0.309375 -0.056941343280385734
0.2876667303003401 -0.053125000000000006
0.265625 -0.050484097458144105
0.246875 -0.046481778626098355
0.22187500000000002 -0.043984936725954785
0.203125 -0.03891081695613594
0.178125 -0.03799219281869365
0.15937500000000002 -0.03129052927912924
0.140625 -0.0271059992122808
0.115625 -0.02368041139580568
0.096875 -0.02014711285224753
0.07271683458979619 -0.015625
0.053125000000000006 -0.013202756549814391
0.034375 -0.00919548273221804
0.009375000000000001 -0.006302624958255411
-0.009375000000000001 -0.0013529302406241883
-0.034375 0.001358517084134891
-0.053125000000000006 0.005689554985089797
-0.07278729275141534 0.009375000000000001
-0.096875 0.012735444535873877
-0.115625 0.017058530662213703
-0.140625 0.02073493888001522
-0.15937500000000002 0.02428803449238325
-0.178125 0.029669856178913184
-0.203125 0.032333625241533805
-0.22187500000000002 0.03714307025840592
-0.24426597630507188 0.040625
-0.265625 0.04409504333427246
-0.284375 0.04745903171703113
-0.309375 0.05114237654317784
-0.328125 0.05543340808588308
-0.34687500000000004 0.059460119686307024
-0.371875 0.063320133812891
-0.390625 0.06770764496433113
-0.41521840270553123 0.07187500000000001
-0.434375 0.07476462734501506
-0.4585190372372653 0.07187500000000001
-0.4585190372372653 0.07187500000000001

1.0130002390438722 -0.22812500000000002
1.0340714704501486 -0.234375
1.053125 -0.23624509086416084
1.078125 -0.23467236764557498
1.096875 -0.23063043723855367
1.115625 -0.22359989516060108
1.1295558909731143 -0.215625
1.1436335980142023 -0.203125
1.153125 -0.18702661813871363
1.15565325486278 -0.16562500000000002
1.1498556160961408 -0.146875
1.140625 -0.13304932524773316
1.128125 -0.12151400041108575
1.109375 -0.11170451021534121
1.090625 -0.10718798275366671
1.065625 -0.1066353768526312
1.046875 -0.10974305856467345
1.028125 -0.11624148359456161
1.0093750000000001 -0.1276604533406433
0.9968750000000001 -0.1402045401205801
0.9888346238549054 -0.153125
0.9830436724944913 -0.171875
0.9843503776167117 -0.19687500000000002
0.9906250000000001 -0.2104165678220722
1.003125 -0.22272013919308642
1.0130002390438722 -0.22812500000000002

-0.46613725777740966 0.140625
-0.453125 0.14896955352594893
-0.434375 0.15761979883338428
-0.415625 0.1640360996747384
-0.39687500000000003 0.1688212507720031
-0.37812500000000004 0.17195576171966465
-0.353125 0.17474396092715822
-0.328125 0.17553824053489006
-0.30312500000000003 0.17477178541803287
-0.278125 0.17254731124284406
-0.259375 0.16985882178109427
-0.23902214533316277 0.16562500000000002
-0.2194540526783696 0.15937500000000002
-0.203125 0.15124962413979937
-0.18975557246277527 0.140625
-0.1839513077331601 0.12187500000000001
-0.19687500000000002 0.11110861864093341
-0.21010384916978977 0.109375
-0.234375 0.11391648761834716
-0.253125 0.11891020781084581
-0.278125 0.12178850092441097
-0.30312500000000003 0.12022072001032125
-0.328125 0.1161964200892392
-0.34687500000000004 0.11249425198832304
-0.36562500000000003 0.10902635299943107
-0.390625 0.10477489179713709
-0.40937500000000004 0.10163295521755844
-0.434375 0.09815562862058776
-0.453125 0.09613166934614925
-0.4757925245251318 0.096875
-0.4847268232463756 0.09062500000000001
-0.49062500000000003 0.08095911020657862
-0.5013202210750716 0.096875
-0.4915653814347946 0.115625
-0.4813014612762663 0.12812500000000002
-0.46613725777740966 0.140625
-0.46613725777740966 0.140625

0.265625 0.0835366986713816
0.246875 0.07405223638422952
0.22812500000000002 0.06889726931482962
0.203125 0.0669406018318747
0.178125 0.06972836503703951
0.15937500000000002 0.07501925341324406
0.140625 0.0836728447355779
0.12812500000000002 0.09197994792481388
0.115625 0.10364126579929818
0.10319601865397221 0.12187500000000001
0.096875 0.13769534960312318
0.09200964007832163 0.15937500000000002
0.08949801871169445 0.178125
0.08812144219094202 0.203125
0.09367719510389924 0.22187500000000002
0.10558695403000498 0.234375
0.12187500000000001 0.24357130650448344
0.140625 0.2501564881987747
0.15937500000000002 0.2543188020772385
0.184375 0.2572614775778306
0.209375 0.2575574968882241
0.234375 0.25524497584872036
0.253125 0.2515393522437897
0.27187500000000003 0.24573026613421559
0.290625 0.23695011114627632
0.30337846066245 0.22812500000000002
0.31562500000000004 0.21512914870482383
0.32418258007912387 0.19687500000000002
0.32472182339231404 0.171875
0.3190897306256315 0.153125
0.30974858218896534 0.134375
0.30196131814908495 0.12187500000000001
0.290625 0.10646666921730936
0.278125 0.09320100001003236
0.265625 0.0835366986713816
0.265625 0.0835366986713816

0.4871798162021633 -0.078125
0.4871798162021633 -0.078125
0.4871798162021633 -0.078125

0.8058638364508662 0.046875
0.790625 0.04686037719151322
0.7806015941246351 0.028125
0.7914881198688523 0.015625
0.815625 0.011435983728428717
0.8307788824172855 0.021875000000000002
0.821875 0.03894638823224239
0.8058638364508662 0.046875
0.8058638364508662 0.046875

-0.4710280766573221 0.078125
-0.4598379563719882 0.078125
-0.4710280766573221 0.078125

0.46575119953420535 -0.096875
0.46575119953420535 -0.096875
0.46575119953420535 -0.096875

-0.458473351661952 0.07187500000000001
-0.44000343647495505 0.065625
-0.415625 0.06027636464537243
-0.39687500000000003 0.05557066633268869
-0.375011686669157 0.053125000000000006
-0.353125 0.04836253429914221
-0.33437500000000003 0.04405609699068171
-0.309375 0.04140280122756798
-0.290625 0.03693588934690392
-0.26649512845956774 0.034375
-0.246875 0.030268409088186274
-0.22641861848483405 0.028125
-0.203125 0.023397870452099172
-0.184375 0.020978112569102
-0.15937500000000002 0.01683067958307568
-0.140625 0.012849065373884586
-0.11738139534568202 0.009375000000000001
-0.096875 0.004968755534325053
-0.078125 0.001455657785864076
-0.053125000000000006 -0.0022401523902057974
-0.034375 -0.006563529184333283
-0.014514842467706365 -0.009375000000000001
0.009375000000000001 -0.013951311207796203
0.028125 -0.01770857460424259
0.053125000000000006 -0.02096547924229714
0.07187500000000001 -0.025206817906154776
0.09505050988811334 -0.028125
0.115625 -0.032424445192467836
0.1356223264711919 -0.034375
0.15937500000000002 -0.03869172886602332
0.178125 -0.04114505235781499
0.203125 -0.04478653332340946
0.22187500000000002 -0.049286696200006634
0.246875 -0.04979552863212916
0.265625 -0.05636769893145443
0.284375 -0.06050092353668263
0.309375 -0.06409509596047125
0.328125 -0.06907098031946103
0.34903830304590117 -0.07187500000000001
0.371875 -0.07670849135339929
0.390625 -0.08062629781539073
0.415625 -0.08418851497141593
0.434375 -0.08908825081115762
0.453125 -0.09252835520631958
0.4756268353368316 -0.096875
0.45937500000000003 -0.1058753002724348
0.44599415062295095 -0.115625
0.4385311301051946 -0.134375
0.446875 -0.15025021549565556
0.45937500000000003 -0.1599543179718814
0.478125 -0.16782931687092764
0.503125 -0.17143719226855472
0.5281250000000001 -0.16929004248811444
0.546875 -0.16377677542502675
0.565625 -0.15437921003805533
0.578125 -0.1455498790017839
0.5906250000000001 -0.13422167696769233
0.603125 -0.11767157410811482
0.6072337697667578 -0.096875
0.596875 -0.07956479645943561
0.584375 -0.0711330534488817
0.565625 -0.06447507750970309
0.540625 -0.06167627484681699
0.5213397357635356 -0.065625
0.5162149196244123 -0.078125
0.5141944780498041 -0.096875
0.496875 -0.09205321598555807
0.4787129260379919 -0.09062500000000001
0.4686285502142569 -0.084375
0.446875 -0.08119724558289851
0.42812500000000003 -0.07715345923808008
0.403125 -0.07445004526666839
0.384375 -0.06972348162538328
0.359375 -0.06619240324685237
0.340625 -0.06267947384479934
0.321875 -0.05873881613043253
0.296875 -0.05536980213971494
0.278125 -0.051756846222476977
0.25339718266337746 -0.046875
0.234375 -0.045240596010347314
0.2149542151180217 -0.040625
0.19062500000000002 -0.03810367516528775
0.171875 -0.03294582424036974
0.146875 -0.030710457142197216
0.12812500000000002 -0.026076566952628624
0.10554241077797237 -0.021875000000000002
0.084375 -0.019153239309366788
0.065625 -0.015067458087194296
0.040625 -0.012674433717774427
0.021875000000000002 -0.007482286416785093
-0.0031128411456010276 -0.003125
-0.021875000000000002 -0.00021363664971992208
-0.040625 0.004453973148605414
-0.065625 0.007427209974025387
-0.084375 0.011568882406135132
-0.10636186476136145 0.015625
-0.12812500000000002 0.01848527142317401
-0.146875 0.02301773603556793
-0.171875 0.025685339884357287
-0.19062500000000002 0.03051079898914183
-0.21091260487855185 0.034375
-0.234375 0.038233842697288335
-0.253125 0.04183752601379744
-0.278125 0.046636580610206715
-0.296875 0.04888292170106114
-0.31562500000000004 0.05401101997912011
-0.340625 0.05651989636570787
-0.359375 0.06229425964915993
-0.38363063460819385 0.065625
-0.403125 0.06966777974653293
-0.421875 0.07246459275616
-0.446875 0.07801997835975906
-0.458473351661952 0.07187500000000001

1.053125 -0.11342208735767696
1.034375 -0.11882373590717651
1.0167733497721627 -0.12812500000000002
1.003125 -0.1401095366071677
0.9942030789097651 -0.153125
0.9881848061436127 -0.171875
0.9906217825057907 -0.19687500000000002
0.997841348193578 -0.209375
1.0138752423316948 -0.22187500000000002
1.0313553634839805 -0.22812500000000002
1.053125 -0.2309626056268217
1.078125 -0.22941848179755298
1.096875 -0.22507954249201603
1.115625 -0.21734899083563936
1.128125 -0.20935790854753267
1.140625 -0.19652916483800267
1.1485212031050698 -0.178125
1.146875 -0.15719883995386658
1.1383744385556749 -0.140625
1.1262248125168761 -0.12812500000000002
1.109375 -0.11822500806193885
1.090625 -0.112859600586608
1.065625 -0.11177651360965866
1.053125 -0.11342208735767696

-0.209375 0.14934214596026957
-0.22812500000000002 0.1581542766059628
-0.246875 0.1637923335344704
-0.265625 0.16774401253722818
-0.290625 0.17123427264146449
-0.309375 0.17285102533215843
-0.33437500000000003 0.1736903690464079
-0.359375 0.1727970655770837
-0.37812500000000004 0.17091666494894164
-0.403125 0.16646799512514213
-0.421875 0.16154980200449578
-0.44062500000000004 0.15456659441381282
-0.45558856540059445 0.146875
-0.47187500000000004 0.13695718419030553
-0.484375 0.12583075084587697
-0.49512470756622906 0.109375
-0.5018646368306467 0.09062500000000001
-0.484375 0.07919645163938233
-0.484375 0.09308191224361853
-0.47187500000000004 0.09143927547018543
-0.4499259874449808 0.096875
-0.42812500000000003 0.09951197467627244
-0.4044238953601655 0.10312500000000001
-0.384375 0.10631356479704945
-0.36562500000000003 0.10982662325161387
-0.340625 0.11487770856376381
-0.321875 0.11868612618025426
-0.30312500000000003 0.12201270391874984
-0.278125 0.12433086957964964
-0.253125 0.12256024363754085
-0.234375 0.11853170441876772
-0.215625 0.1149740566695952
-0.19687500000000002 0.11866277606273337
-0.19687500000000002 0.13956988928303454
-0.209375 0.14934214596026957
-0.209375 0.14934214596026957

0.2596814517249407 0.084375
0.24660503520683702 0.078125
0.22271852001105313 0.07187500000000001
0.203125 0.07050917784233354
0.184375 0.07209649545323372
0.16050136512767585 0.078125
0.14592964815973364 0.084375
0.12812500000000002 0.09576816952967573
0.115625 0.10792566632267656
0.10609759155006472 0.12187500000000001
0.09838439164992448 0.140625
0.09423145477307442 0.15937500000000002
0.09133061170606675 0.184375
0.09241031121937184 0.209375
0.10312500000000001 0.22770562436230085
0.115625 0.23695684780485013
0.134375 0.24528421859062205
0.153125 0.2504661097195248
0.171875 0.25354931347833076
0.19687500000000002 0.2552690933687219
0.22187500000000002 0.25423681400180265
0.240625 0.2516335037734492
0.26007860958313095 0.246875
0.278125 0.24016307312414656
0.296875 0.22937636115376722
0.309375 0.217950275065135
0.3187742820233373 0.203125
0.32284468944906414 0.184375
0.32059678856289714 0.16562500000000002
0.31355892810116703 0.146875
0.30312500000000003 0.12851322972922094
0.29399560494624716 0.115625
0.28329180938058923 0.10312500000000001
0.2691987100060841 0.09062500000000001
0.2596814517249407 0.084375

0.48734149108011193 -0.078125
0.48734149108011193 -0.078125
0.48734149108011193 -0.078125

-0.47101468248569417 0.078125
-0.45985230239379915 0.078125
-0.47101468248569417 0.078125

