JOB_ID: 8
SGE_TASK_ID: 1
GRID_RE: 6
RE: 400
AOA: 10
QRATIO: 0.3
START_TIME: Fri Nov 18 02:42:00 PM PST 2022
PhysicalGrid{2}((640, 192), (320, 96), 0.015, ((-4.785, 4.785), (-1.425, 1.425)))
Creating WindTunnelProblem... done
Initializing solution... done
Initializing integrator... done
Running solver...
0.0075
0.015
0.0225
0.03
0.0375
0.045
0.0525
0.06
0.0675
0.07500000000000001
0.08250000000000002
0.09000000000000002
0.09750000000000003
0.10500000000000004
0.11250000000000004
0.12000000000000005
0.12750000000000006
0.13500000000000006
0.14250000000000007
0.15000000000000008
0.15750000000000008
0.1650000000000001
0.1725000000000001
0.1800000000000001
0.1875000000000001
0.19500000000000012
0.20250000000000012
0.21000000000000013
0.21750000000000014
0.22500000000000014
0.23250000000000015
0.24000000000000016
0.24750000000000016
0.25500000000000017
0.2625000000000002
0.2700000000000002
0.2775000000000002
0.2850000000000002
0.2925000000000002
0.3000000000000002
0.3075000000000002
0.3150000000000002
0.32250000000000023
0.33000000000000024
0.33750000000000024
0.34500000000000025
0.35250000000000026
0.36000000000000026
0.36750000000000027
0.3750000000000003
0.3825000000000003
0.3900000000000003
0.3975000000000003
0.4050000000000003
0.4125000000000003
0.4200000000000003
0.4275000000000003
0.43500000000000033
0.44250000000000034
0.45000000000000034
0.45750000000000035
0.46500000000000036
0.47250000000000036
0.48000000000000037
0.4875000000000004
0.4950000000000004
0.5025000000000004
0.5100000000000003
0.5175000000000003
0.5250000000000002
0.5325000000000002
0.5400000000000001
0.5475000000000001
0.555
0.5625
0.57
0.5774999999999999
0.5849999999999999
0.5924999999999998
0.5999999999999998
0.6074999999999997
0.6149999999999997
0.6224999999999996
0.6299999999999996
0.6374999999999995
0.6449999999999995
0.6524999999999994
0.6599999999999994
0.6674999999999993
0.6749999999999993
0.6824999999999992
0.6899999999999992
0.6974999999999991
0.7049999999999991
0.712499999999999
0.719999999999999
0.7274999999999989
0.7349999999999989
0.7424999999999988
0.7499999999999988
0.7574999999999987
0.7649999999999987
0.7724999999999986
0.7799999999999986
0.7874999999999985
0.7949999999999985
0.8024999999999984
0.8099999999999984
0.8174999999999983
0.8249999999999983
0.8324999999999982
0.8399999999999982
0.8474999999999981
0.8549999999999981
0.862499999999998
0.869999999999998
0.877499999999998
0.8849999999999979
0.8924999999999979
0.8999999999999978
0.9074999999999978
0.9149999999999977
0.9224999999999977
0.9299999999999976
0.9374999999999976
0.9449999999999975
0.9524999999999975
0.9599999999999974
0.9674999999999974
0.9749999999999973
0.9824999999999973
0.9899999999999972
0.9974999999999972
1.0049999999999972
1.0124999999999973
1.0199999999999974
1.0274999999999974
1.0349999999999975
1.0424999999999975
1.0499999999999976
1.0574999999999977
1.0649999999999977
1.0724999999999978
1.0799999999999979
1.087499999999998
1.094999999999998
1.102499999999998
1.109999999999998
1.1174999999999982
1.1249999999999982
1.1324999999999983
1.1399999999999983
1.1474999999999984
1.1549999999999985
1.1624999999999985
1.1699999999999986
1.1774999999999987
1.1849999999999987
1.1924999999999988
1.1999999999999988
1.207499999999999
1.214999999999999
1.222499999999999
1.229999999999999
1.2374999999999992
1.2449999999999992
1.2524999999999993
1.2599999999999993
1.2674999999999994
1.2749999999999995
1.2824999999999995
1.2899999999999996
1.2974999999999997
1.3049999999999997
1.3124999999999998
1.3199999999999998
1.3275
1.335
1.3425
1.35
1.3575000000000002
1.3650000000000002
1.3725000000000003
1.3800000000000003
1.3875000000000004
1.3950000000000005
1.4025000000000005
1.4100000000000006
1.4175000000000006
1.4250000000000007
1.4325000000000008
1.4400000000000008
1.447500000000001
1.455000000000001
1.462500000000001
1.470000000000001
1.4775000000000011
1.4850000000000012
1.4925000000000013
1.5000000000000013
1.5075000000000014
1.5150000000000015
1.5225000000000015
1.5300000000000016
1.5375000000000016
1.5450000000000017
1.5525000000000018
1.5600000000000018
1.567500000000002
1.575000000000002
1.582500000000002
1.590000000000002
1.5975000000000021
1.6050000000000022
1.6125000000000023
1.6200000000000023
1.6275000000000024
1.6350000000000025
1.6425000000000025
1.6500000000000026
1.6575000000000026
1.6650000000000027
1.6725000000000028
1.6800000000000028
1.6875000000000029
1.695000000000003
1.702500000000003
1.710000000000003
1.7175000000000031
1.7250000000000032
1.7325000000000033
1.7400000000000033
1.7475000000000034
1.7550000000000034
1.7625000000000035
1.7700000000000036
1.7775000000000036
1.7850000000000037
1.7925000000000038
1.8000000000000038
1.8075000000000039
1.815000000000004
1.822500000000004
1.830000000000004
1.8375000000000041
1.8450000000000042
1.8525000000000043
1.8600000000000043
1.8675000000000044
1.8750000000000044
1.8825000000000045
1.8900000000000046
1.8975000000000046
1.9050000000000047
1.9125000000000048
1.9200000000000048
1.9275000000000049
1.935000000000005
1.942500000000005
1.950000000000005
1.9575000000000051
1.9650000000000052
1.9725000000000052
1.9800000000000053
1.9875000000000054
1.9950000000000054
2.0025000000000053
2.010000000000005
2.017500000000005
2.025000000000005
2.0325000000000046
2.0400000000000045
2.0475000000000043
2.055000000000004
2.062500000000004
2.070000000000004
2.0775000000000037
2.0850000000000035
2.0925000000000034
2.100000000000003
2.107500000000003
2.115000000000003
2.1225000000000027
2.1300000000000026
2.1375000000000024
2.1450000000000022
2.152500000000002
2.160000000000002
2.1675000000000018
2.1750000000000016
2.1825000000000014
2.1900000000000013
2.197500000000001
2.205000000000001
2.212500000000001
2.2200000000000006
2.2275000000000005
2.2350000000000003
2.2425
2.25
2.2575
2.2649999999999997
2.2724999999999995
2.2799999999999994
2.287499999999999
2.294999999999999
2.302499999999999
2.3099999999999987
2.3174999999999986
2.3249999999999984
2.3324999999999982
2.339999999999998
2.347499999999998
2.3549999999999978
2.3624999999999976
2.3699999999999974
2.3774999999999973
2.384999999999997
2.392499999999997
2.399999999999997
2.4074999999999966
2.4149999999999965
2.4224999999999963
2.429999999999996
2.437499999999996
2.444999999999996
2.4524999999999957
2.4599999999999955
2.4674999999999954
2.474999999999995
2.482499999999995
2.489999999999995
2.4974999999999947
2.5049999999999946
2.5124999999999944
2.5199999999999942
2.527499999999994
2.534999999999994
2.5424999999999938
2.5499999999999936
2.5574999999999934
2.5649999999999933
2.572499999999993
2.579999999999993
2.587499999999993
2.5949999999999926
2.6024999999999925
2.6099999999999923
2.617499999999992
2.624999999999992
2.632499999999992
2.6399999999999917
2.6474999999999915
2.6549999999999914
2.662499999999991
2.669999999999991
2.677499999999991
2.6849999999999907
2.6924999999999906
2.6999999999999904
2.7074999999999902
2.71499999999999
2.72249999999999
2.7299999999999898
2.7374999999999896
2.7449999999999894
2.7524999999999893
2.759999999999989
2.767499999999989
2.774999999999989
2.7824999999999886
2.7899999999999885
2.7974999999999883
2.804999999999988
2.812499999999988
2.819999999999988
2.8274999999999877
2.8349999999999875
2.8424999999999874
2.849999999999987
2.857499999999987
2.864999999999987
2.8724999999999867
2.8799999999999866
2.8874999999999864
2.8949999999999863
2.902499999999986
2.909999999999986
2.9174999999999858
2.9249999999999856
2.9324999999999855
2.9399999999999853
2.947499999999985
2.954999999999985
2.962499999999985
2.9699999999999847
2.9774999999999845
2.9849999999999843
2.992499999999984
2.999999999999984
3.007499999999984
3.0149999999999837
3.0224999999999835
3.0299999999999834
3.037499999999983
3.044999999999983
3.052499999999983
3.0599999999999827
3.0674999999999826
3.0749999999999824
3.0824999999999823
3.089999999999982
3.097499999999982
3.1049999999999818
3.1124999999999816
3.1199999999999815
3.1274999999999813
3.134999999999981
3.142499999999981
3.149999999999981
3.1574999999999807
3.1649999999999805
3.1724999999999803
3.17999999999998
3.18749999999998
3.19499999999998
3.2024999999999797
3.2099999999999795
3.2174999999999794
3.224999999999979
3.232499999999979
3.239999999999979
3.2474999999999787
3.2549999999999786
3.2624999999999784
3.2699999999999783
3.277499999999978
3.284999999999978
3.2924999999999778
3.2999999999999776
3.3074999999999775
3.3149999999999773
3.322499999999977
3.329999999999977
3.337499999999977
3.3449999999999767
3.3524999999999765
3.3599999999999763
3.367499999999976
3.374999999999976
3.382499999999976
3.3899999999999757
3.3974999999999755
3.4049999999999754
3.412499999999975
3.419999999999975
3.427499999999975
3.4349999999999747
3.4424999999999746
3.4499999999999744
3.4574999999999743
3.464999999999974
3.472499999999974
3.479999999999974
3.4874999999999736
3.4949999999999735
3.5024999999999733
3.509999999999973
3.517499999999973
3.524999999999973
3.5324999999999727
3.5399999999999725
3.5474999999999723
3.554999999999972
3.562499999999972
3.569999999999972
3.5774999999999717
3.5849999999999715
3.5924999999999714
3.5999999999999712
3.607499999999971
3.614999999999971
3.6224999999999707
3.6299999999999706
3.6374999999999704
3.6449999999999703
3.65249999999997
3.65999999999997
3.66749999999997
3.6749999999999696
3.6824999999999695
3.6899999999999693
3.697499999999969
3.704999999999969
3.712499999999969
3.7199999999999687
3.7274999999999685
3.7349999999999683
3.742499999999968
3.749999999999968
3.757499999999968
3.7649999999999677
3.7724999999999675
3.7799999999999674
3.7874999999999672
3.794999999999967
3.802499999999967
3.8099999999999667
3.8174999999999666
3.8249999999999664
3.8324999999999663
3.839999999999966
3.847499999999966
3.854999999999966
3.8624999999999656
3.8699999999999655
3.8774999999999653
3.884999999999965
3.892499999999965
3.899999999999965
3.9074999999999647
3.9149999999999645
3.9224999999999643
3.929999999999964
3.937499999999964
3.944999999999964
3.9524999999999637
3.9599999999999635
3.9674999999999634
3.9749999999999632
3.982499999999963
3.989999999999963
3.9974999999999627
4.004999999999963
4.012499999999963
4.019999999999963
4.027499999999963
4.034999999999964
4.042499999999964
4.049999999999964
4.057499999999965
4.064999999999965
4.072499999999965
4.079999999999965
4.087499999999966
4.094999999999966
4.102499999999966
4.109999999999967
4.117499999999967
4.124999999999967
4.132499999999967
4.139999999999968
4.147499999999968
4.154999999999968
4.162499999999969
4.169999999999969
4.177499999999969
4.184999999999969
4.19249999999997
4.19999999999997
4.20749999999997
4.2149999999999705
4.222499999999971
4.229999999999971
4.237499999999971
4.244999999999972
4.252499999999972
4.259999999999972
4.2674999999999725
4.274999999999973
4.282499999999973
4.289999999999973
4.297499999999974
4.304999999999974
4.312499999999974
4.3199999999999745
4.327499999999975
4.334999999999975
4.342499999999975
4.349999999999976
4.357499999999976
4.364999999999976
4.3724999999999765
4.379999999999977
4.387499999999977
4.394999999999977
4.402499999999978
4.409999999999978
4.417499999999978
4.4249999999999785
4.432499999999979
4.439999999999979
4.447499999999979
4.45499999999998
4.46249999999998
4.46999999999998
4.4774999999999805
4.484999999999981
4.492499999999981
4.499999999999981
4.507499999999982
4.514999999999982
4.522499999999982
4.5299999999999825
4.537499999999983
4.544999999999983
4.552499999999983
4.559999999999984
4.567499999999984
4.574999999999984
4.5824999999999845
4.589999999999985
4.597499999999985
4.604999999999985
4.612499999999986
4.619999999999986
4.627499999999986
4.6349999999999865
4.642499999999987
4.649999999999987
4.657499999999987
4.664999999999988
4.672499999999988
4.679999999999988
4.6874999999999885
4.694999999999989
4.702499999999989
4.709999999999989
4.71749999999999
4.72499999999999
4.73249999999999
4.73999999999999
4.747499999999991
4.754999999999991
4.762499999999991
4.769999999999992
4.777499999999992
4.784999999999992
4.792499999999992
4.799999999999993
4.807499999999993
4.814999999999993
4.822499999999994
4.829999999999994
4.837499999999994
4.844999999999994
4.852499999999995
4.859999999999995
4.867499999999995
4.874999999999996
4.882499999999996
4.889999999999996
4.897499999999996
4.904999999999997
4.912499999999997
4.919999999999997
4.9274999999999975
4.934999999999998
4.942499999999998
4.949999999999998
4.957499999999999
4.964999999999999
4.972499999999999
4.9799999999999995
4.9875
4.995
5.0025
5.010000000000001
5.017500000000001
5.025000000000001
5.0325000000000015
5.040000000000002
5.047500000000002
5.055000000000002
5.062500000000003
5.070000000000003
5.077500000000003
5.0850000000000035
5.092500000000004
5.100000000000004
5.107500000000004
5.115000000000005
5.122500000000005
5.130000000000005
5.1375000000000055
5.145000000000006
5.152500000000006
5.160000000000006
5.167500000000007
5.175000000000007
5.182500000000007
5.1900000000000075
5.197500000000008
5.205000000000008
5.212500000000008
5.220000000000009
5.227500000000009
5.235000000000009
5.2425000000000095
5.25000000000001
5.25750000000001
5.26500000000001
5.272500000000011
5.280000000000011
5.287500000000011
5.2950000000000115
5.302500000000012
5.310000000000012
5.317500000000012
5.325000000000013
5.332500000000013
5.340000000000013
5.3475000000000135
5.355000000000014
5.362500000000014
5.370000000000014
5.377500000000015
5.385000000000015
5.392500000000015
5.4000000000000155
5.407500000000016
5.415000000000016
5.422500000000016
5.430000000000017
5.437500000000017
5.445000000000017
5.452500000000017
5.460000000000018
5.467500000000018
5.475000000000018
5.482500000000019
5.490000000000019
5.497500000000019
5.505000000000019
5.51250000000002
5.52000000000002
5.52750000000002
5.535000000000021
5.542500000000021
5.550000000000021
5.557500000000021
5.565000000000022
5.572500000000022
5.580000000000022
5.587500000000023
5.595000000000023
5.602500000000023
5.610000000000023
5.617500000000024
5.625000000000024
5.632500000000024
5.6400000000000245
5.647500000000025
5.655000000000025
5.662500000000025
5.670000000000026
5.677500000000026
5.685000000000026
5.6925000000000265
5.700000000000027
5.707500000000027
5.715000000000027
5.722500000000028
5.730000000000028
5.737500000000028
5.7450000000000285
5.752500000000029
5.760000000000029
5.767500000000029
5.77500000000003
5.78250000000003
5.79000000000003
5.7975000000000305
5.805000000000031
5.812500000000031
5.820000000000031
5.827500000000032
5.835000000000032
5.842500000000032
5.8500000000000325
5.857500000000033
5.865000000000033
5.872500000000033
5.880000000000034
5.887500000000034
5.895000000000034
5.9025000000000345
5.910000000000035
5.917500000000035
5.925000000000035
5.932500000000036
5.940000000000036
5.947500000000036
5.9550000000000365
5.962500000000037
5.970000000000037
5.977500000000037
5.985000000000038
5.992500000000038
6.000000000000038
6.0075000000000385
6.015000000000039
6.022500000000039
6.030000000000039
6.03750000000004
6.04500000000004
6.05250000000004
6.0600000000000405
6.067500000000041
6.075000000000041
6.082500000000041
6.090000000000042
6.097500000000042
6.105000000000042
6.1125000000000425
6.120000000000043
6.127500000000043
6.135000000000043
6.142500000000044
6.150000000000044
6.157500000000044
6.1650000000000444
6.172500000000045
6.180000000000045
6.187500000000045
6.195000000000046
6.202500000000046
6.210000000000046
6.217500000000046
6.225000000000047
6.232500000000047
6.240000000000047
6.247500000000048
6.255000000000048
6.262500000000048
6.270000000000048
6.277500000000049
6.285000000000049
6.292500000000049
6.30000000000005
6.30750000000005
6.31500000000005
6.32250000000005
6.330000000000051
6.337500000000051
6.345000000000051
6.3525000000000515
6.360000000000052
6.367500000000052
6.375000000000052
6.382500000000053
6.390000000000053
6.397500000000053
6.4050000000000535
6.412500000000054
6.420000000000054
6.427500000000054
6.435000000000055
6.442500000000055
6.450000000000055
6.4575000000000555
6.465000000000056
6.472500000000056
6.480000000000056
6.487500000000057
6.495000000000057
6.502500000000057
6.5100000000000575
6.517500000000058
6.525000000000058
6.532500000000058
6.540000000000059
6.547500000000059
6.555000000000059
6.5625000000000595
6.57000000000006
6.57750000000006
6.58500000000006
6.592500000000061
6.600000000000061
6.607500000000061
6.6150000000000615
6.622500000000062
6.630000000000062
6.637500000000062
6.645000000000063
6.652500000000063
6.660000000000063
6.6675000000000635
6.675000000000064
6.682500000000064
6.690000000000064
6.697500000000065
6.705000000000065
6.712500000000065
6.7200000000000655
6.727500000000066
6.735000000000066
6.742500000000066
6.750000000000067
6.757500000000067
6.765000000000067
6.7725000000000675
6.780000000000068
6.787500000000068
6.795000000000068
6.802500000000069
6.810000000000069
6.817500000000069
6.8250000000000695
6.83250000000007
6.84000000000007
6.84750000000007
6.855000000000071
6.862500000000071
6.870000000000071
6.8775000000000714
6.885000000000072
6.892500000000072
6.900000000000072
6.907500000000073
6.915000000000073
6.922500000000073
6.930000000000073
6.937500000000074
6.945000000000074
6.952500000000074
6.960000000000075
6.967500000000075
6.975000000000075
6.982500000000075
6.990000000000076
6.997500000000076
7.005000000000076
7.012500000000077
7.020000000000077
7.027500000000077
7.035000000000077
7.042500000000078
7.050000000000078
7.057500000000078
7.0650000000000786
7.072500000000079
7.080000000000079
7.087500000000079
7.09500000000008
7.10250000000008
7.11000000000008
7.1175000000000805
7.125000000000081
7.132500000000081
7.140000000000081
7.147500000000082
7.155000000000082
7.162500000000082
7.1700000000000825
7.177500000000083
7.185000000000083
7.192500000000083
7.200000000000084
7.207500000000084
7.215000000000084
7.2225000000000845
7.230000000000085
7.237500000000085
7.245000000000085
7.252500000000086
7.260000000000086
7.267500000000086
7.2750000000000865
7.282500000000087
7.290000000000087
7.297500000000087
7.305000000000088
7.312500000000088
7.320000000000088
7.3275000000000885
7.335000000000089
7.342500000000089
7.350000000000089
7.35750000000009
7.36500000000009
7.37250000000009
7.3800000000000905
7.387500000000091
7.395000000000091
7.402500000000091
7.410000000000092
7.417500000000092
7.425000000000092
7.4325000000000925
7.440000000000093
7.447500000000093
7.455000000000093
7.462500000000094
7.470000000000094
7.477500000000094
7.4850000000000945
7.492500000000095
7.500000000000095
7.507500000000095
7.515000000000096
7.522500000000096
7.530000000000096
7.5375000000000965
7.545000000000097
7.552500000000097
7.560000000000097
7.567500000000098
7.575000000000098
7.582500000000098
7.5900000000000984
7.597500000000099
7.605000000000099
7.612500000000099
7.6200000000001
7.6275000000001
7.6350000000001
7.6425000000001
7.650000000000101
7.657500000000101
7.665000000000101
7.672500000000102
7.680000000000102
7.687500000000102
7.695000000000102
7.702500000000103
7.710000000000103
7.717500000000103
7.725000000000104
7.732500000000104
7.740000000000104
7.747500000000104
7.755000000000105
7.762500000000105
7.770000000000105
7.7775000000001056
7.785000000000106
7.792500000000106
7.800000000000106
7.807500000000107
7.815000000000107
7.822500000000107
7.8300000000001075
7.837500000000108
7.845000000000108
7.852500000000108
7.860000000000109
7.867500000000109
7.875000000000109
7.8825000000001095
7.89000000000011
7.89750000000011
7.90500000000011
7.912500000000111
7.920000000000111
7.927500000000111
7.9350000000001115
7.942500000000112
7.950000000000112
7.957500000000112
7.965000000000113
7.972500000000113
7.980000000000113
7.9875000000001135
7.995000000000114
8.002500000000113
8.010000000000113
8.017500000000114
8.025000000000114
8.032500000000114
8.040000000000115
8.047500000000115
8.055000000000115
8.062500000000115
8.070000000000116
8.077500000000116
8.085000000000116
8.092500000000117
8.100000000000117
8.107500000000117
8.115000000000117
8.122500000000118
8.130000000000118
8.137500000000118
8.145000000000119
8.152500000000119
8.16000000000012
8.16750000000012
8.17500000000012
8.18250000000012
8.19000000000012
8.19750000000012
8.20500000000012
8.212500000000121
8.220000000000121
8.227500000000122
8.235000000000122
8.242500000000122
8.250000000000123
8.257500000000123
8.265000000000123
8.272500000000123
8.280000000000124
8.287500000000124
8.295000000000124
8.302500000000125
8.310000000000125
8.317500000000125
8.325000000000125
8.332500000000126
8.340000000000126
8.347500000000126
8.355000000000127
8.362500000000127
8.370000000000127
8.377500000000127
8.385000000000128
8.392500000000128
8.400000000000128
8.407500000000129
8.415000000000129
8.422500000000129
8.43000000000013
8.43750000000013
8.44500000000013
8.45250000000013
8.46000000000013
8.46750000000013
8.475000000000131
8.482500000000131
8.490000000000132
8.497500000000132
8.505000000000132
8.512500000000133
8.520000000000133
8.527500000000133
8.535000000000133
8.542500000000134
8.550000000000134
8.557500000000134
8.565000000000135
8.572500000000135
8.580000000000135
8.587500000000135
8.595000000000136
8.602500000000136
8.610000000000136
8.617500000000136
8.625000000000137
8.632500000000137
8.640000000000137
8.647500000000138
8.655000000000138
8.662500000000138
8.670000000000138
8.677500000000139
8.685000000000139
8.69250000000014
8.70000000000014
8.70750000000014
8.71500000000014
8.72250000000014
8.73000000000014
8.737500000000141
8.745000000000141
8.752500000000142
8.760000000000142
8.767500000000142
8.775000000000142
8.782500000000143
8.790000000000143
8.797500000000143
8.805000000000144
8.812500000000144
8.820000000000144
8.827500000000144
8.835000000000145
8.842500000000145
8.850000000000145
8.857500000000146
8.865000000000146
8.872500000000146
8.880000000000146
8.887500000000147
8.895000000000147
8.902500000000147
8.910000000000148
8.917500000000148
8.925000000000148
8.932500000000148
8.940000000000149
8.947500000000149
8.95500000000015
8.96250000000015
8.97000000000015
8.97750000000015
8.98500000000015
8.99250000000015
9.000000000000151
9.007500000000151
9.015000000000152
9.022500000000152
9.030000000000152
9.037500000000152
9.045000000000153
9.052500000000153
9.060000000000153
9.067500000000154
9.075000000000154
9.082500000000154
9.090000000000154
9.097500000000155
9.105000000000155
9.112500000000155
9.120000000000156
9.127500000000156
9.135000000000156
9.142500000000156
9.150000000000157
9.157500000000157
9.165000000000157
9.172500000000158
9.180000000000158
9.187500000000158
9.195000000000158
9.202500000000159
9.210000000000159
9.21750000000016
9.22500000000016
9.23250000000016
9.24000000000016
9.24750000000016
9.25500000000016
9.262500000000161
9.270000000000161
9.277500000000162
9.285000000000162
9.292500000000162
9.300000000000162
9.307500000000163
9.315000000000163
9.322500000000163
9.330000000000163
9.337500000000164
9.345000000000164
9.352500000000164
9.360000000000165
9.367500000000165
9.375000000000165
9.382500000000165
9.390000000000166
9.397500000000166
9.405000000000166
9.412500000000167
9.420000000000167
9.427500000000167
9.435000000000167
9.442500000000168
9.450000000000168
9.457500000000168
9.465000000000169
9.472500000000169
9.48000000000017
9.48750000000017
9.49500000000017
9.50250000000017
9.51000000000017
9.51750000000017
9.52500000000017
9.532500000000171
9.540000000000171
9.547500000000172
9.555000000000172
9.562500000000172
9.570000000000173
9.577500000000173
9.585000000000173
9.592500000000173
9.600000000000174
9.607500000000174
9.615000000000174
9.622500000000175
9.630000000000175
9.637500000000175
9.645000000000175
9.652500000000176
9.660000000000176
9.667500000000176
9.675000000000177
9.682500000000177
9.690000000000177
9.697500000000177
9.705000000000178
9.712500000000178
9.720000000000178
9.727500000000179
9.735000000000179
9.74250000000018
9.75000000000018
9.75750000000018
9.76500000000018
9.77250000000018
9.78000000000018
9.78750000000018
9.795000000000181
9.802500000000181
9.810000000000182
9.817500000000182
9.825000000000182
9.832500000000183
9.840000000000183
9.847500000000183
9.855000000000183
9.862500000000184
9.870000000000184
9.877500000000184
9.885000000000185
9.892500000000185
9.900000000000185
9.907500000000185
9.915000000000186
9.922500000000186
9.930000000000186
9.937500000000187
9.945000000000187
9.952500000000187
9.960000000000187
9.967500000000188
9.975000000000188
9.982500000000188
9.990000000000189
9.997500000000189
10.005000000000189
10.01250000000019
10.02000000000019
10.02750000000019
10.03500000000019
10.04250000000019
10.05000000000019
10.057500000000191
10.065000000000191
10.072500000000192
10.080000000000192
10.087500000000192
10.095000000000192
10.102500000000193
10.110000000000193
10.117500000000193
10.125000000000194
10.132500000000194
10.140000000000194
10.147500000000194
10.155000000000195
10.162500000000195
10.170000000000195
10.177500000000196
10.185000000000196
10.192500000000196
10.200000000000196
10.207500000000197
10.215000000000197
10.222500000000197
10.230000000000198
10.237500000000198
10.245000000000198
10.252500000000198
10.260000000000199
10.267500000000199
10.2750000000002
10.2825000000002
10.2900000000002
10.2975000000002
10.3050000000002
10.3125000000002
10.320000000000201
10.327500000000201
10.335000000000202
10.342500000000202
10.350000000000202
10.357500000000202
10.365000000000203
10.372500000000203
10.380000000000203
10.387500000000204
10.395000000000204
10.402500000000204
10.410000000000204
10.417500000000205
10.425000000000205
10.432500000000205
10.440000000000206
10.447500000000206
10.455000000000206
10.462500000000206
10.470000000000207
10.477500000000207
10.485000000000207
10.492500000000208
10.500000000000208
10.507500000000208
10.515000000000208
10.522500000000209
10.530000000000209
10.53750000000021
10.54500000000021
10.55250000000021
10.56000000000021
10.56750000000021
10.57500000000021
10.582500000000211
10.590000000000211
10.597500000000212
10.605000000000212
10.612500000000212
10.620000000000212
10.627500000000213
10.635000000000213
10.642500000000213
10.650000000000214
10.657500000000214
10.665000000000214
10.672500000000214
10.680000000000215
10.687500000000215
10.695000000000215
10.702500000000216
10.710000000000216
10.717500000000216
10.725000000000216
10.732500000000217
10.740000000000217
10.747500000000217
10.755000000000217
10.762500000000218
10.770000000000218
10.777500000000218
10.785000000000219
10.792500000000219
10.80000000000022
10.80750000000022
10.81500000000022
10.82250000000022
10.83000000000022
10.83750000000022
10.845000000000221
10.852500000000221
10.860000000000221
10.867500000000222
10.875000000000222
10.882500000000222
10.890000000000223
10.897500000000223
10.905000000000223
10.912500000000223
10.920000000000224
10.927500000000224
10.935000000000224
10.942500000000225
10.950000000000225
10.957500000000225
10.965000000000225
10.972500000000226
10.980000000000226
10.987500000000226
10.995000000000227
11.002500000000227
11.010000000000227
11.017500000000227
11.025000000000228
11.032500000000228
11.040000000000228
11.047500000000229
11.055000000000229
11.06250000000023
11.07000000000023
11.07750000000023
11.08500000000023
11.09250000000023
11.10000000000023
11.10750000000023
11.115000000000231
11.122500000000231
11.130000000000232
11.137500000000232
11.145000000000232
11.152500000000233
11.160000000000233
11.167500000000233
11.175000000000233
11.182500000000234
11.190000000000234
11.197500000000234
11.205000000000235
11.212500000000235
11.220000000000235
11.227500000000235
11.235000000000236
11.242500000000236
11.250000000000236
11.257500000000237
11.265000000000237
11.272500000000237
11.280000000000237
11.287500000000238
11.295000000000238
11.302500000000238
11.310000000000239
11.317500000000239
11.325000000000239
11.33250000000024
11.34000000000024
11.34750000000024
11.35500000000024
11.36250000000024
11.37000000000024
11.377500000000241
11.385000000000241
11.392500000000242
11.400000000000242
11.407500000000242
11.415000000000243
11.422500000000243
11.430000000000243
11.437500000000243
11.445000000000244
11.452500000000244
11.460000000000244
11.467500000000244
11.475000000000245
11.482500000000245
11.490000000000245
11.497500000000246
11.505000000000246
11.512500000000246
11.520000000000246
11.527500000000247
11.535000000000247
11.542500000000247
11.550000000000248
11.557500000000248
11.565000000000248
11.572500000000248
11.580000000000249
11.587500000000249
11.59500000000025
11.60250000000025
11.61000000000025
11.61750000000025
11.62500000000025
11.63250000000025
11.640000000000251
11.647500000000251
11.655000000000252
11.662500000000252
11.670000000000252
11.677500000000252
11.685000000000253
11.692500000000253
11.700000000000253
11.707500000000254
11.715000000000254
11.722500000000254
11.730000000000254
11.737500000000255
11.745000000000255
11.752500000000255
11.760000000000256
11.767500000000256
11.775000000000256
11.782500000000256
11.790000000000257
11.797500000000257
11.805000000000257
11.812500000000258
11.820000000000258
11.827500000000258
11.835000000000258
11.842500000000259
11.850000000000259
11.85750000000026
11.86500000000026
11.87250000000026
11.88000000000026
11.88750000000026
11.89500000000026
11.902500000000261
11.910000000000261
11.917500000000262
11.925000000000262
11.932500000000262
11.940000000000262
11.947500000000263
11.955000000000263
11.962500000000263
11.970000000000264
11.977500000000264
11.985000000000264
11.992500000000264
12.000000000000265
12.007500000000265
12.015000000000265
12.022500000000266
12.030000000000266
12.037500000000266
12.045000000000266
12.052500000000267
12.060000000000267
12.067500000000267
12.075000000000268
12.082500000000268
12.090000000000268
12.097500000000268
12.105000000000269
12.112500000000269
12.12000000000027
12.12750000000027
12.13500000000027
12.14250000000027
12.15000000000027
12.15750000000027
12.165000000000271
12.172500000000271
12.180000000000271
12.187500000000272
12.195000000000272
12.202500000000272
12.210000000000273
12.217500000000273
12.225000000000273
12.232500000000273
12.240000000000274
12.247500000000274
12.255000000000274
12.262500000000275
12.270000000000275
12.277500000000275
12.285000000000275
12.292500000000276
12.300000000000276
12.307500000000276
12.315000000000277
12.322500000000277
12.330000000000277
12.337500000000277
12.345000000000278
12.352500000000278
12.360000000000278
12.367500000000279
12.375000000000279
12.38250000000028
12.39000000000028
12.39750000000028
12.40500000000028
12.41250000000028
12.42000000000028
12.42750000000028
12.435000000000281
12.442500000000281
12.450000000000282
12.457500000000282
12.465000000000282
12.472500000000283
12.480000000000283
12.487500000000283
12.495000000000283
12.502500000000284
12.510000000000284
12.517500000000284
12.525000000000285
12.532500000000285
12.540000000000285
12.547500000000285
12.555000000000286
12.562500000000286
12.570000000000286
12.577500000000287
12.585000000000287
12.592500000000287
12.600000000000287
12.607500000000288
12.615000000000288
12.622500000000288
12.630000000000289
12.637500000000289
12.64500000000029
12.65250000000029
12.66000000000029
12.66750000000029
12.67500000000029
12.68250000000029
12.69000000000029
12.697500000000291
12.705000000000291
12.712500000000292
12.720000000000292
12.727500000000292
12.735000000000293
12.742500000000293
12.750000000000293
12.757500000000293
12.765000000000294
12.772500000000294
12.780000000000294
12.787500000000295
12.795000000000295
12.802500000000295
12.810000000000295
12.817500000000296
12.825000000000296
12.832500000000296
12.840000000000297
12.847500000000297
12.855000000000297
12.862500000000297
12.870000000000298
12.877500000000298
12.885000000000298
12.892500000000298
12.900000000000299
12.907500000000299
12.9150000000003
12.9225000000003
12.9300000000003
12.9375000000003
12.9450000000003
12.9525000000003
12.960000000000301
12.967500000000301
12.975000000000302
12.982500000000302
12.990000000000302
12.997500000000302
13.0
Solver finished
Creating probe WindTunnelProblem... done
Probing velocity...done
Creating ViscousIncompressibleFlowProblem... done
Initializing solution... done
Initializing integrator... done
Running solver...
0.0075
0.015
0.0225
0.03
0.0375
0.045
0.0525
0.06
0.0675
0.07500000000000001
0.08250000000000002
0.09000000000000002
0.09750000000000003
0.10500000000000004
0.11250000000000004
0.12000000000000005
0.12750000000000006
0.13500000000000006
0.14250000000000007
0.15000000000000008
0.15750000000000008
0.1650000000000001
0.1725000000000001
0.1800000000000001
0.1875000000000001
0.19500000000000012
0.20250000000000012
0.21000000000000013
0.21750000000000014
0.22500000000000014
0.23250000000000015
0.24000000000000016
0.24750000000000016
0.25500000000000017
0.2625000000000002
0.2700000000000002
0.2775000000000002
0.2850000000000002
0.2925000000000002
0.3000000000000002
0.3075000000000002
0.3150000000000002
0.32250000000000023
0.33000000000000024
0.33750000000000024
0.34500000000000025
0.35250000000000026
0.36000000000000026
0.36750000000000027
0.3750000000000003
0.3825000000000003
0.3900000000000003
0.3975000000000003
0.4050000000000003
0.4125000000000003
0.4200000000000003
0.4275000000000003
0.43500000000000033
0.44250000000000034
0.45000000000000034
0.45750000000000035
0.46500000000000036
0.47250000000000036
0.48000000000000037
0.4875000000000004
0.4950000000000004
0.5025000000000004
0.5100000000000003
0.5175000000000003
0.5250000000000002
0.5325000000000002
0.5400000000000001
0.5475000000000001
0.555
0.5625
0.57
0.5774999999999999
0.5849999999999999
0.5924999999999998
0.5999999999999998
0.6074999999999997
0.6149999999999997
0.6224999999999996
0.6299999999999996
0.6374999999999995
0.6449999999999995
0.6524999999999994
0.6599999999999994
0.6674999999999993
0.6749999999999993
0.6824999999999992
0.6899999999999992
0.6974999999999991
0.7049999999999991
0.712499999999999
0.719999999999999
0.7274999999999989
0.7349999999999989
0.7424999999999988
0.7499999999999988
0.7574999999999987
0.7649999999999987
0.7724999999999986
0.7799999999999986
0.7874999999999985
0.7949999999999985
0.8024999999999984
0.8099999999999984
0.8174999999999983
0.8249999999999983
0.8324999999999982
0.8399999999999982
0.8474999999999981
0.8549999999999981
0.862499999999998
0.869999999999998
0.877499999999998
0.8849999999999979
0.8924999999999979
0.8999999999999978
0.9074999999999978
0.9149999999999977
0.9224999999999977
0.9299999999999976
0.9374999999999976
0.9449999999999975
0.9524999999999975
0.9599999999999974
0.9674999999999974
0.9749999999999973
0.9824999999999973
0.9899999999999972
0.9974999999999972
1.0049999999999972
1.0124999999999973
1.0199999999999974
1.0274999999999974
1.0349999999999975
1.0424999999999975
1.0499999999999976
1.0574999999999977
1.0649999999999977
1.0724999999999978
1.0799999999999979
1.087499999999998
1.094999999999998
1.102499999999998
1.109999999999998
1.1174999999999982
1.1249999999999982
1.1324999999999983
1.1399999999999983
1.1474999999999984
1.1549999999999985
1.1624999999999985
1.1699999999999986
1.1774999999999987
1.1849999999999987
1.1924999999999988
1.1999999999999988
1.207499999999999
1.214999999999999
1.222499999999999
1.229999999999999
1.2374999999999992
1.2449999999999992
1.2524999999999993
1.2599999999999993
1.2674999999999994
1.2749999999999995
1.2824999999999995
1.2899999999999996
1.2974999999999997
1.3049999999999997
1.3124999999999998
1.3199999999999998
1.3275
1.335
1.3425
1.35
1.3575000000000002
1.3650000000000002
1.3725000000000003
1.3800000000000003
1.3875000000000004
1.3950000000000005
1.4025000000000005
1.4100000000000006
1.4175000000000006
1.4250000000000007
1.4325000000000008
1.4400000000000008
1.447500000000001
1.455000000000001
1.462500000000001
1.470000000000001
1.4775000000000011
1.4850000000000012
1.4925000000000013
1.5000000000000013
1.5075000000000014
1.5150000000000015
1.5225000000000015
1.5300000000000016
1.5375000000000016
1.5450000000000017
1.5525000000000018
1.5600000000000018
1.567500000000002
1.575000000000002
1.582500000000002
1.590000000000002
1.5975000000000021
1.6050000000000022
1.6125000000000023
1.6200000000000023
1.6275000000000024
1.6350000000000025
1.6425000000000025
1.6500000000000026
1.6575000000000026
1.6650000000000027
1.6725000000000028
1.6800000000000028
1.6875000000000029
1.695000000000003
1.702500000000003
1.710000000000003
1.7175000000000031
1.7250000000000032
1.7325000000000033
1.7400000000000033
1.7475000000000034
1.7550000000000034
1.7625000000000035
1.7700000000000036
1.7775000000000036
1.7850000000000037
1.7925000000000038
1.8000000000000038
1.8075000000000039
1.815000000000004
1.822500000000004
1.830000000000004
1.8375000000000041
1.8450000000000042
1.8525000000000043
1.8600000000000043
1.8675000000000044
1.8750000000000044
1.8825000000000045
1.8900000000000046
1.8975000000000046
1.9050000000000047
1.9125000000000048
1.9200000000000048
1.9275000000000049
1.935000000000005
1.942500000000005
1.950000000000005
1.9575000000000051
1.9650000000000052
1.9725000000000052
1.9800000000000053
1.9875000000000054
1.9950000000000054
2.0025000000000053
2.010000000000005
2.017500000000005
2.025000000000005
2.0325000000000046
2.0400000000000045
2.0475000000000043
2.055000000000004
2.062500000000004
2.070000000000004
2.0775000000000037
2.0850000000000035
2.0925000000000034
2.100000000000003
2.107500000000003
2.115000000000003
2.1225000000000027
2.1300000000000026
2.1375000000000024
2.1450000000000022
2.152500000000002
2.160000000000002
2.1675000000000018
2.1750000000000016
2.1825000000000014
2.1900000000000013
2.197500000000001
2.205000000000001
2.212500000000001
2.2200000000000006
2.2275000000000005
2.2350000000000003
2.2425
2.25
2.2575
2.2649999999999997
2.2724999999999995
2.2799999999999994
2.287499999999999
2.294999999999999
2.302499999999999
2.3099999999999987
2.3174999999999986
2.3249999999999984
2.3324999999999982
2.339999999999998
2.347499999999998
2.3549999999999978
2.3624999999999976
2.3699999999999974
2.3774999999999973
2.384999999999997
2.392499999999997
2.399999999999997
2.4074999999999966
2.4149999999999965
2.4224999999999963
2.429999999999996
2.437499999999996
2.444999999999996
2.4524999999999957
2.4599999999999955
2.4674999999999954
2.474999999999995
2.482499999999995
2.489999999999995
2.4974999999999947
2.5049999999999946
2.5124999999999944
2.5199999999999942
2.527499999999994
2.534999999999994
2.5424999999999938
2.5499999999999936
2.5574999999999934
2.5649999999999933
2.572499999999993
2.579999999999993
2.587499999999993
2.5949999999999926
2.6024999999999925
2.6099999999999923
2.617499999999992
2.624999999999992
2.632499999999992
2.6399999999999917
2.6474999999999915
2.6549999999999914
2.662499999999991
2.669999999999991
2.677499999999991
2.6849999999999907
2.6924999999999906
2.6999999999999904
2.7074999999999902
2.71499999999999
2.72249999999999
2.7299999999999898
2.7374999999999896
2.7449999999999894
2.7524999999999893
2.759999999999989
2.767499999999989
2.774999999999989
2.7824999999999886
2.7899999999999885
2.7974999999999883
2.804999999999988
2.812499999999988
2.819999999999988
2.8274999999999877
2.8349999999999875
2.8424999999999874
2.849999999999987
2.857499999999987
2.864999999999987
2.8724999999999867
2.8799999999999866
2.8874999999999864
2.8949999999999863
2.902499999999986
2.909999999999986
2.9174999999999858
2.9249999999999856
2.9324999999999855
2.9399999999999853
2.947499999999985
2.954999999999985
2.962499999999985
2.9699999999999847
2.9774999999999845
2.9849999999999843
2.992499999999984
2.999999999999984
3.007499999999984
3.0149999999999837
3.0224999999999835
3.0299999999999834
3.037499999999983
3.044999999999983
3.052499999999983
3.0599999999999827
3.0674999999999826
3.0749999999999824
3.0824999999999823
3.089999999999982
3.097499999999982
3.1049999999999818
3.1124999999999816
3.1199999999999815
3.1274999999999813
3.134999999999981
3.142499999999981
3.149999999999981
3.1574999999999807
3.1649999999999805
3.1724999999999803
3.17999999999998
3.18749999999998
3.19499999999998
3.2024999999999797
3.2099999999999795
3.2174999999999794
3.224999999999979
3.232499999999979
3.239999999999979
3.2474999999999787
3.2549999999999786
3.2624999999999784
3.2699999999999783
3.277499999999978
3.284999999999978
3.2924999999999778
3.2999999999999776
3.3074999999999775
3.3149999999999773
3.322499999999977
3.329999999999977
3.337499999999977
3.3449999999999767
3.3524999999999765
3.3599999999999763
3.367499999999976
3.374999999999976
3.382499999999976
3.3899999999999757
3.3974999999999755
3.4049999999999754
3.412499999999975
3.419999999999975
3.427499999999975
3.4349999999999747
3.4424999999999746
3.4499999999999744
3.4574999999999743
3.464999999999974
3.472499999999974
3.479999999999974
3.4874999999999736
3.4949999999999735
3.5024999999999733
3.509999999999973
3.517499999999973
3.524999999999973
3.5324999999999727
3.5399999999999725
3.5474999999999723
3.554999999999972
3.562499999999972
3.569999999999972
3.5774999999999717
3.5849999999999715
3.5924999999999714
3.5999999999999712
3.607499999999971
3.614999999999971
3.6224999999999707
3.6299999999999706
3.6374999999999704
3.6449999999999703
3.65249999999997
3.65999999999997
3.66749999999997
3.6749999999999696
3.6824999999999695
3.6899999999999693
3.697499999999969
3.704999999999969
3.712499999999969
3.7199999999999687
3.7274999999999685
3.7349999999999683
3.742499999999968
3.749999999999968
3.757499999999968
3.7649999999999677
3.7724999999999675
3.7799999999999674
3.7874999999999672
3.794999999999967
3.802499999999967
3.8099999999999667
3.8174999999999666
3.8249999999999664
3.8324999999999663
3.839999999999966
3.847499999999966
3.854999999999966
3.8624999999999656
3.8699999999999655
3.8774999999999653
3.884999999999965
3.892499999999965
3.899999999999965
3.9074999999999647
3.9149999999999645
3.9224999999999643
3.929999999999964
3.937499999999964
3.944999999999964
3.9524999999999637
3.9599999999999635
3.9674999999999634
3.9749999999999632
3.982499999999963
3.989999999999963
3.9974999999999627
4.004999999999963
4.012499999999963
4.019999999999963
4.027499999999963
4.034999999999964
4.042499999999964
4.049999999999964
4.057499999999965
4.064999999999965
4.072499999999965
4.079999999999965
4.087499999999966
4.094999999999966
4.102499999999966
4.109999999999967
4.117499999999967
4.124999999999967
4.132499999999967
4.139999999999968
4.147499999999968
4.154999999999968
4.162499999999969
4.169999999999969
4.177499999999969
4.184999999999969
4.19249999999997
4.19999999999997
4.20749999999997
4.2149999999999705
4.222499999999971
4.229999999999971
4.237499999999971
4.244999999999972
4.252499999999972
4.259999999999972
4.2674999999999725
4.274999999999973
4.282499999999973
4.289999999999973
4.297499999999974
4.304999999999974
4.312499999999974
4.3199999999999745
4.327499999999975
4.334999999999975
4.342499999999975
4.349999999999976
4.357499999999976
4.364999999999976
4.3724999999999765
4.379999999999977
4.387499999999977
4.394999999999977
4.402499999999978
4.409999999999978
4.417499999999978
4.4249999999999785
4.432499999999979
4.439999999999979
4.447499999999979
4.45499999999998
4.46249999999998
4.46999999999998
4.4774999999999805
4.484999999999981
4.492499999999981
4.499999999999981
4.507499999999982
4.514999999999982
4.522499999999982
4.5299999999999825
4.537499999999983
4.544999999999983
4.552499999999983
4.559999999999984
4.567499999999984
4.574999999999984
4.5824999999999845
4.589999999999985
4.597499999999985
4.604999999999985
4.612499999999986
4.619999999999986
4.627499999999986
4.6349999999999865
4.642499999999987
4.649999999999987
4.657499999999987
4.664999999999988
4.672499999999988
4.679999999999988
4.6874999999999885
4.694999999999989
4.702499999999989
4.709999999999989
4.71749999999999
4.72499999999999
4.73249999999999
4.73999999999999
4.747499999999991
4.754999999999991
4.762499999999991
4.769999999999992
4.777499999999992
4.784999999999992
4.792499999999992
4.799999999999993
4.807499999999993
4.814999999999993
4.822499999999994
4.829999999999994
4.837499999999994
4.844999999999994
4.852499999999995
4.859999999999995
4.867499999999995
4.874999999999996
4.882499999999996
4.889999999999996
4.897499999999996
4.904999999999997
4.912499999999997
4.919999999999997
4.9274999999999975
4.934999999999998
4.942499999999998
4.949999999999998
4.957499999999999
4.964999999999999
4.972499999999999
4.9799999999999995
4.9875
4.995
5.0025
5.010000000000001
5.017500000000001
5.025000000000001
5.0325000000000015
5.040000000000002
5.047500000000002
5.055000000000002
5.062500000000003
5.070000000000003
5.077500000000003
5.0850000000000035
5.092500000000004
5.100000000000004
5.107500000000004
5.115000000000005
5.122500000000005
5.130000000000005
5.1375000000000055
5.145000000000006
5.152500000000006
5.160000000000006
5.167500000000007
5.175000000000007
5.182500000000007
5.1900000000000075
5.197500000000008
5.205000000000008
5.212500000000008
5.220000000000009
5.227500000000009
