0.0	0.0	0.0
0.0075	-15.239430727018725	-15.240417234183786
0.015	0.5513869599530685	0.6576973765884755
0.0225	0.3558944824968976	0.1796156463426625
0.03	0.34206984579580124	0.20474631904159163
0.0375	0.32758362726723966	0.21571653635233323
0.045	0.3151833845257374	0.2262226303633492
0.0525	0.30441370542692037	0.23599448203663462
0.06	0.294970303879322	0.24507318506179657
0.0675	0.28660972163942733	0.2534682632818229
0.07500000000000001	0.2791405006205896	0.26118693579748137
0.08250000000000002	0.2724127988133191	0.2682460169381551
0.09000000000000002	0.2663089286245405	0.2746751413710381
0.09750000000000003	0.2607354857147589	0.28051416921715905
0.10500000000000004	0.2556172964068114	0.28580852902378817
0.11250000000000004	0.25089301213156356	0.29060500976424924
0.12000000000000005	0.24651200233020054	0.29494898364361294
0.12750000000000006	0.2424321672345285	0.29888303179165665
0.13500000000000006	0.238618345208493	0.3024465375170155
0.14250000000000007	0.23504108349030065	0.30567578792706357
0.15000000000000008	0.2316756372879666	0.30860425699878424
0.15750000000000008	0.22850113233058927	0.31126289286132974
0.1650000000000001	0.22549986293914132	0.31368034234559306
0.1725000000000001	0.2226567102339777	0.315883107409674
0.1800000000000001	0.21995866614939524	0.3178956522358116
0.1875000000000001	0.21739444762764962	0.3197404823900154
0.19500000000000012	0.21495418537452893	0.3214382117778757
0.20250000000000012	0.21262917322984276	0.32300762684731227
0.21000000000000013	0.21041166657146712	0.3244657533256642
0.21750000000000014	0.20829472048209677	0.32582792859999454
0.22500000000000014	0.2062720601554256	0.3271078816434255
0.23250000000000015	0.2043379774070123	0.32831782129655296
0.24000000000000016	0.20248724810498542	0.3294685326145982
0.24750000000000016	0.2007150661795924	0.3305694799244143
0.25500000000000017	0.19901699065535594	0.3316289144470699
0.2625000000000002	0.19738890282420718	0.33265398400045876
0.2700000000000002	0.19582697131902446	0.33365084221647756
0.2775000000000002	0.19432762337090365	0.3346247550156186
0.2850000000000002	0.19288752091368672	0.33558020238187336
0.2925000000000002	0.19150354050769358	0.3365209739748413
0.3000000000000002	0.19017275623054836	0.3374502574789527
0.3075000000000002	0.1888924248758808	0.33837071902110616
0.3150000000000002	0.18765997289111816	0.33928457527758965
0.32250000000000023	0.18647298461903186	0.34019365728695816
0.33000000000000024	0.1853291915049452	0.3410994661723863
0.33750000000000024	0.18422646204606166	0.34200322124941207
0.34500000000000025	0.1831627923296634	0.34290590117228753
0.35250000000000026	0.18213629709713605	0.343808278847363
0.36000000000000026	0.1811452013231441	0.3447109509441877
0.36750000000000027	0.18018783231296448	0.3456143628379066
0.3750000000000003	0.1792626123645213	0.34651882975037607
0.3825000000000003	0.17836805199891526	0.3474245548275933
0.3900000000000003	0.17750274378451028	0.3483316447742667
0.3975000000000003	0.17666535673567055	0.34924012355508427
0.4050000000000003	0.17585463125792686	0.3501499445756665
0.4125000000000003	0.17506937459685923	0.3510610016553503
0.4200000000000003	0.17430845673761594	0.35197313899216387
0.4275000000000003	0.17357080669991795	0.35288616029647535
0.43500000000000033	0.17285540917007924	0.35379983714869767
0.44250000000000034	0.17216130143384584	0.35471391664005386
0.45000000000000034	0.17148757054872482	0.35562812832700175
0.45750000000000035	0.1708333507303093	0.3565421904912237
0.46500000000000036	0.17019782091665622	0.3574558156989202
0.47250000000000036	0.16958020248084202	0.3583687156730049
0.48000000000000037	0.1689797570720277	0.3592806054652972
0.4875000000000004	0.168395784562912	0.3601912069542431
0.4950000000000004	0.16782762107646448	0.36110025169514265
0.5025000000000004	0.16727463710819224	0.3620074831520885
0.5100000000000003	0.16673623569785362	0.36291265838065
0.5175000000000003	0.16621185068554617	0.3638155491850136
0.5250000000000002	0.1657009450164184	0.3647159428746048
0.5325000000000002	0.16520300912518326	0.36561364262877416
0.5400000000000001	0.16471755938467916	0.36650846757225153
0.5475000000000001	0.16424413662673068	0.3674002526301168
0.555	0.1637823047473071	0.36828884819181484
0.5625	0.16333164938068195	0.36917411965933744
0.57	0.1628917766573171	0.3700559469119
0.5774999999999999	0.16246231203780012	0.3709342237082991
0.5849999999999999	0.16204289921258216	0.37180885706771105
0.5924999999999998	0.1616331990834438	0.3726797666213317
0.5999999999999998	0.16123288879999695	0.3735468839707132
0.6074999999999997	0.16084166085754986	0.374410152030493
0.6149999999999997	0.1604592222539345	0.3752695243838717
0.6224999999999996	0.16008529369945293	0.37612496463267764
0.6299999999999996	0.15971960886052364	0.3769764457576891
0.6374999999999995	0.15936191367101393	0.37782394947414344
0.6449999999999995	0.15901196566382153	0.378667465593245
0.6524999999999994	0.15866953335391723	0.3795069913968483
0.6599999999999994	0.15833439565124868	0.38034253099856635
0.6674999999999993	0.1580063413128879	0.3811740947221467
0.6749999999999993	0.15768516842577776	0.382001698477374
0.6824999999999992	0.15737068391602307	0.3828253631475467
0.6899999999999992	0.1570627030878544	0.3836451139760647
0.6974999999999991	0.15676104919100342	0.384460979956341
0.7049999999999991	0.1564655530089101	0.3852729932197912
0.712499999999999	0.1561760524621525	0.3860811884395885
0.719999999999999	0.15589239224698181	0.3868856022108401
0.7274999999999989	0.1556144234687858	0.38768627244924286
0.7349999999999989	0.15534200331340833	0.3884832377596454
0.7424999999999988	0.1550749947116027	0.38927653682270114
0.7499999999999988	0.15481326602608508	0.39006620775471035
0.7574999999999987	0.15455669074372716	0.3908522874713602
0.7649999999999987	0.15430514717777458	0.391634811031231
0.7724999999999986	0.15405851816937474	0.3924138109835561
0.7799999999999986	0.15381669080558033	0.3931893167056453
0.7874999999999985	0.15357955613806618	0.39396135373929597
0.7949999999999985	0.15334700889807062	0.39472994314364507
0.8024999999999984	0.1531189472275369	0.3954951008434069
0.8099999999999984	0.15289527241345957	0.3962568370070757
0.8174999999999983	0.1526758886195572	0.3970151554479937
0.8249999999999983	0.15246070263775027	0.3977700530549407
0.8324999999999982	0.15224962363691702	0.39852151927382473
0.8399999999999982	0.15204256292734528	0.3992695356456767
0.8474999999999981	0.1518394337333811	0.4000140753805098
0.8549999999999981	0.1516401509797246	0.40075510303577255
0.862499999999998	0.1514446310923139	0.4014925742272789
0.869999999999998	0.15125279181133677	0.4022264354610521
0.877499999999998	0.15106455202476057	0.40295662401678145
0.8849999999999979	0.1508798316151485	0.40368306792982867
0.8924999999999979	0.1506985513272842	0.40440568606421956
0.8999999999999978	0.15052063265307403	0.4051243882550888
0.9074999999999978	0.15034599773226714	0.4058390755460044
0.9149999999999977	0.1501745692767168	0.4065496404995395
0.9224999999999977	0.15000627050403892	0.40725596756925075
0.9299999999999976	0.14984102509303085	0.4079579335512538
0.9374999999999976	0.14967875715584772	0.40865540807303774
0.9449999999999975	0.1495193912123225	0.40934825414114584
0.9524999999999975	0.14936285219560116	0.4100363287137228
0.9599999999999974	0.14920906545027987	0.41071948330622843
0.9674999999999974	0.14905795674779085	0.4113975646167348
0.9749999999999973	0.14890945231417166	0.4120704151511895
0.9824999999999973	0.14876347885449503	0.41273787386112304
0.9899999999999972	0.14861996358648866	0.4133997767606153
0.9974999999999972	0.14847883428240627	0.4140559575474124
1.0049999999999972	0.14834001930797436	0.4147062482006251
1.0124999999999973	0.14820344766253024	0.41535047955909793
1.0199999999999974	0.14806904902516171	0.4159884818738018
1.0274999999999974	0.14793675380035493	0.4166200853463093
1.0349999999999975	0.14780649316557934	0.4172451206373833
1.0424999999999975	0.1476781991125409	0.4178634193450714
1.0499999999999976	0.14755180449321403	0.41847481447466733
1.0574999999999977	0.14742724307082292	0.4190791408774392
1.0649999999999977	0.14730444956003985	0.4196762356633509
1.0724999999999978	0.14718335967237467	0.42026593860325634
1.0799999999999979	0.14706391016524967	0.4208480925143388
1.087499999999998	0.14694603888152646	0.42142254361018483
1.094999999999998	0.14682968479829953	0.4219891418640713
1.102499999999998	0.1467147880657878	0.4225477413308126
1.109999999999998	0.14660129005467787	0.4230982004681001
1.1174999999999982	0.14648913339273603	0.42364038243846347
1.1249999999999982	0.14637826200960602	0.4241741553979168
1.1324999999999983	0.14626862117565342	0.42469939276556795
1.1399999999999983	0.14616015753603345	0.42521597349217155
1.1474999999999984	0.14605281914748527	0.4257237822972028
1.1549999999999985	0.14594655551360577	0.42622270988765654
1.1624999999999985	0.14584131761575175	0.4267126531805914
1.1699999999999986	0.14573705793710684	0.42719351548552675
1.1774999999999987	0.14563373048880734	0.42766520668575914
1.1849999999999987	0.14553129083748975	0.4281276433810748
1.1924999999999988	0.14542969611508252	0.4285807490341577
1.1999999999999988	0.14532890504179044	0.42902445407714185
1.207499999999999	0.1452288779339229	0.42945869601119163
1.214999999999999	0.14512957671196045	0.4298834194847739
1.222499999999999	0.1450309649100473	0.43029857633626567
1.229999999999999	0.14493300767226153	0.43070412564120575
1.2374999999999992	0.14483567175418166	0.4311000337282683
1.2449999999999992	0.14473892551159825	0.4314862741677058
1.2524999999999993	0.14464273890288915	0.43186282775799323
1.2599999999999993	0.14454708346736111	0.4322296824871291
1.2674999999999994	0.14445193231250722	0.4325868334706959
1.2749999999999995	0.14435726010625247	0.4329342828848072
1.2824999999999995	0.14426304303718426	0.43327203988383556
1.2899999999999996	0.1441692588153012	0.4336001204823151
1.2974999999999997	0.14407588662171145	0.4339185474639685
1.3049999999999997	0.14398290710787626	0.43422735022771575
1.3124999999999998	0.14389030234277295	0.43452656467157463
1.3199999999999998	0.14379805579469532	0.4348162330200053
1.3275	0.1437061522931047	0.43509640368179336
1.335	0.1436145779928604	0.4353671310671736
1.3425	0.1435233203433757	0.43562847541031535
1.35	0.14343236804406673	0.4358805025860042
1.3575000000000002	0.14334171100939794	0.43612328391143385
1.3650000000000002	0.1432513403269239	0.4363568959468286
1.3725000000000003	0.14316124821292453	0.43658142029432073
1.3800000000000003	0.14307142797885963	0.4367969433773722
1.3875000000000004	0.14298187398758827	0.4370035562317326
1.3950000000000005	0.14289258159472767	0.43720135429385004
1.4025000000000005	0.1428035471312225	0.4373904371622937
1.4100000000000006	0.14271476783528472	0.4375709083981666
1.4175000000000006	0.14262624182733835	0.4377428752739082
1.4250000000000007	0.14253796805429686	0.43790644857529526
1.4325000000000008	0.1424499462503023	0.4380617423588194
1.4400000000000008	0.14236217689275657	0.4382088737283313
1.447500000000001	0.14227466115981818	0.43834796261951003
1.455000000000001	0.14218740088728762	0.43847913156729673
1.462500000000001	0.14210039852799344	0.43860250549975954
1.470000000000001	0.14201365710436276	0.43871821150287493
1.4775000000000011	0.14192718017808525	0.438826378616864
1.4850000000000012	0.14184097179747077	0.4389271376214637
1.4925000000000013	0.14175503646888246	0.4390206208289705
1.5000000000000013	0.14166937910942573	0.4391069618787913
1.5075000000000014	0.14158400501785248	0.43918629553612576
1.5150000000000015	0.14149891983449106	0.439258757498481
1.5225000000000015	0.14141412950385923	0.43932448420596215
1.5300000000000016	0.14132964023816527	0.4393836126598489
1.5375000000000016	0.1412454584950991	0.4394362802293339
1.5450000000000017	0.14116159093109892	0.43948262450142317
1.5525000000000018	0.14107804438328858	0.4395227830757685
1.5600000000000018	0.14099482583182124	0.43955689344002163
1.567500000000002	0.14091194237019572	0.43958509279577973
1.575000000000002	0.14082940118765394	0.43960751788953634
1.582500000000002	0.14074720952891082	0.43962430490639215
1.590000000000002	0.14066537467953835	0.4396355892967142
1.5975000000000021	0.1405839039409022	0.43964150566653054
1.6050000000000022	0.14050280460326522	0.43964218763326085
1.6125000000000023	0.14042208392702882	0.43963776771363505
1.6200000000000023	0.1403417491186622	0.43962837720889747
1.6275000000000024	0.14026180732275106	0.4396141460975105
1.6350000000000025	0.14018226558793437	0.43959520292924004
1.6425000000000025	0.14010313086303963	0.4395716747293987
1.6500000000000026	0.14002440997070884	0.43954368691025547
1.6575000000000026	0.1399461096010844	0.43951136318646566
1.6650000000000027	0.13986823629996648	0.4394748254847683
1.6725000000000028	0.1397907964404883	0.43943419389507693
1.6800000000000028	0.13971379623253166	0.4393895865686286
1.6875000000000029	0.13963724169556024	0.4393411196840158
1.695000000000003	0.13956113865152597	0.4392889073812788
1.702500000000003	0.13948549273030778	0.4392330616955443
1.710000000000003	0.1394103093386705	0.43917369253064364
1.7175000000000031	0.13933559367131254	0.4391109075972168
1.7250000000000032	0.13926135069541634	0.43904481239034066
1.7325000000000033	0.1391875851479249	0.43897551014993136
1.7400000000000033	0.1391143015319135	0.43890310181886627
1.7475000000000034	0.13904150410698587	0.43882768604423267
1.7550000000000034	0.13896919689401704	0.4387493591320137
1.7625000000000035	0.13889738366781007	0.4386682150381442
1.7700000000000036	0.1388260679484713	0.4385843453657663
1.7775000000000036	0.13875525301640307	0.43849783933857867
1.7850000000000037	0.13868494189303524	0.4384087838047629
1.7925000000000038	0.13861513735033934	0.43831726323490283
1.8000000000000038	0.13854584191355956	0.43822335971657006
1.8075000000000039	0.13847705785263037	0.4381271529594108
1.815000000000004	0.1384087871905268	0.4380287203047042
1.822500000000004	0.13834103170181225	0.43792813673362785
1.830000000000004	0.13827379291150807	0.4378254748756315
1.8375000000000041	0.1382070721045486	0.43772080503048044
1.8450000000000042	0.13814087032239608	0.43761419517135847
1.8525000000000043	0.1380751883660357	0.43750571097580543
1.8600000000000043	0.13801002680402355	0.43739541584443825
1.8675000000000044	0.1379453859724996	0.43728337092191755
1.8750000000000044	0.1378812659746513	0.4371696351192694
1.8825000000000045	0.13781766669760603	0.43705426514640877
1.8900000000000046	0.13775458780072442	0.43693731553743914
1.8975000000000046	0.1376920287312855	0.43681883867571947
1.9050000000000047	0.1376299887243037	0.43669888483886193
1.9125000000000048	0.1375684668061279	0.43657750221463
1.9200000000000048	0.1375074618094244	0.436454736951825
1.9275000000000049	0.13744697236094602	0.4363306331764291
1.935000000000005	0.13738699690290884	0.4362052330383947
1.942500000000005	0.13732753368734354	0.43607857675489714
1.950000000000005	0.13726858078780543	0.4359507026337749
1.9575000000000051	0.13721013610420624	0.435821647124194
1.9650000000000052	0.13715219736374074	0.43569144484905875
1.9725000000000052	0.13709476213152916	0.4355601286478285
1.9800000000000053	0.13703782781021562	0.43542772961615406
1.9875000000000054	0.13698139165752243	0.43529427714480623
1.9950000000000054	0.13692545077870238	0.43515979896485907
2.0025000000000053	0.13687000213524106	0.4350243211944918
2.010000000000005	0.13681504255850568	0.43488786836586724
2.017500000000005	0.1367605687472996	0.4347504634755588
2.025000000000005	0.1367065772757224	0.43461212803827926
2.0325000000000046	0.1366530645946536	0.4344728821127153
2.0400000000000045	0.1366000270501353	0.43433274434967317
2.0475000000000043	0.13654746087732125	0.4341917320334475
2.055000000000004	0.13649536220439507	0.43404986113720057
2.062500000000004	0.13644372707053154	0.43390714633996774
2.070000000000004	0.13639255141331735	0.43376360109933415
2.0775000000000037	0.13634183109667417	0.4336192376670842
2.0850000000000035	0.13629156189106784	0.43347406714912184
2.0925000000000034	0.13624173950100904	0.4333280995462645
2.100000000000003	0.13619235955588935	0.433181343774085
2.107500000000003	0.13614341762446322	0.4330338077358103
2.115000000000003	0.1360949092033693	0.43288549834611906
2.1225000000000027	0.13604682974756033	0.4327364215630556
2.1300000000000026	0.13599917465008055	0.4325865824557913
2.1375000000000024	0.13595193926773663	0.43243598520807636
2.1450000000000022	0.13590511891048293	0.4322846331959074
2.152500000000002	0.13585870884616444	0.43213252899503424
2.160000000000002	0.13581270431408424	0.4319796744395847
2.1675000000000018	0.1357671005328058	0.4318260706409788
2.1750000000000016	0.13572189268792642	0.4316717180428441
2.1825000000000014	0.13567707594253067	0.43151661645409595
2.1900000000000013	0.13563264544969655	0.4313607650746802
2.197500000000001	0.13558859635133025	0.4312041625418356
2.205000000000001	0.13554492377598076	0.4310468069541529
2.212500000000001	0.13550162285038148	0.43088869592140433
2.2200000000000006	0.13545868869492278	0.43072982658858266
2.2275000000000005	0.13541611643973023	0.4305701956660762
2.2350000000000003	0.1353739012188243	0.4304097994629697
2.2425	0.1353320381730485	0.43024863392615825
2.25	0.13529052245297996	0.43008669466269744
2.2575	0.13524934923108367	0.4299239769727259
2.2649999999999997	0.13520851368700282	0.4297604758922354
2.2724999999999995	0.1351680110342458	0.42959618618854
2.2799999999999994	0.13512783649981444	0.42943110242642263
2.287499999999999	0.13508798534323901	0.42926521896754266
2.294999999999999	0.13504845284924966	0.4290985300112153
2.302499999999999	0.1350092343374041	0.42893102961604246
2.3099999999999987	0.13497032515441112	0.4287627117315771
2.3174999999999986	0.13493172068575682	0.42859357021414524
2.3249999999999984	0.13489341635647872	0.4284235988494529
2.3324999999999982	0.13485540763103274	0.42825279138268413
2.339999999999998	0.13481769001269173	0.42808114154417815
2.347499999999998	0.13478025905058383	0.42790864305289084
2.3549999999999978	0.13474311034371347	0.42773528965481444
2.3624999999999976	0.13470623952400523	0.42756107514760905
2.3699999999999974	0.134669642286406	0.427385993375661
2.3774999999999973	0.13463331437050322	0.427210038264649
2.384999999999997	0.13459725156795654	0.4270332038451882
2.392499999999997	0.1345614497214361	0.4268554842569365
2.399999999999997	0.13452590472359804	0.4266768737835438
2.4074999999999966	0.13449061253305306	0.42649736683278944
2.4149999999999965	0.13445556915444856	0.4263169579964206
2.4224999999999963	0.1344207706528481	0.4261356420367718
2.429999999999996	0.13438621315526889	0.4259534139009371
2.437499999999996	0.13435189283471966	0.42577026875372465
2.444999999999996	0.13431780594331044	0.42558620195672303
2.4524999999999957	0.13428394877208488	0.42540120912201007
2.4599999999999955	0.13425031769054008	0.42521528608524783
2.4674999999999954	0.13421690911381445	0.42502842894215564
2.474999999999995	0.13418371953160635	0.42484063403717764
2.482499999999995	0.1341507454845571	0.4246518980047588
2.489999999999995	0.13411798358543692	0.4244622177317069
2.4974999999999947	0.13408543050185173	0.42427159041139795
2.5049999999999946	0.13405308297033736	0.4240800135169732
2.5124999999999944	0.13402093778240365	0.42388748483057603
2.5199999999999942	0.13398899179931342	0.4236940024403029
2.527499999999994	0.1339572419413226	0.4234995647418084
2.534999999999994	0.13392568519344694	0.42330417045366475
2.5424999999999938	0.13389431860434367	0.4231078186092438
2.5499999999999936	0.13386313927889115	0.4229105085800538
2.5574999999999934	0.13383214439362323	0.42271224005545716
2.5649999999999933	0.13380133117966175	0.42251301306320316
2.572499999999993	0.1337706969314534	0.4223128279701046
2.579999999999993	0.13374023900691936	0.4221116854752818
2.587499999999993	0.13370995482549003	0.42190958661586364
2.5949999999999926	0.13367984186257076	0.4217065327712315
2.6024999999999925	0.1336498976609088	0.42150252566803664
2.6099999999999923	0.133620119815005	0.4212975673619164
2.617499999999992	0.13359050598207645	0.4210916602538832
2.624999999999992	0.1335610538820121	0.42088480709196346
2.632499999999992	0.1335317612832319	0.4206770109585738
2.6399999999999917	0.13350262601965177	0.4204682752703932
2.6474999999999915	0.13347364597770764	0.42025860378507074
2.6549999999999914	0.13344481910044798	0.4200480005922358
2.662499999999991	0.1334161433871262	0.41983647011201464
2.669999999999991	0.13338761688866166	0.4196240170970703
2.677499999999991	0.13335923771338548	0.41941064661934696
2.6849999999999907	0.13333100402063294	0.4191963640776885
2.6924999999999906	0.13330291402019973	0.41898117518433164
2.6999999999999904	0.13327496597220645	0.4187650859695803
2.7074999999999902	0.1332471581935368	0.41854810277446064
2.71499999999999	0.13321948904098277	0.41833023223561816
2.72249999999999	0.13319195692899874	0.4181114813001194
2.7299999999999898	0.13316456031432802	0.4178918572021977
2.7374999999999896	0.13313729770014157	0.41767136747127653
2.7449999999999894	0.13311016763725741	0.41745001991524977
2.7524999999999893	0.13308316872144432	0.41722782262222724
2.759999999999989	0.133056299589946	0.4170047839508305
2.767499999999989	0.13302955892594898	0.4167809125280494
2.774999999999989	0.1330029454491373	0.4165562172406525
2.7824999999999886	0.13297645792645899	0.4163307072226522
2.7899999999999885	0.13295009516104794	0.41610439185918985
2.7974999999999883	0.1329238559965653	0.41587728076725045
2.804999999999988	0.13289773931514104	0.4156493838081211
2.812499999999988	0.1328717440295978	0.4154207110553917
2.819999999999988	0.13284586909854543	0.4151912728087726
2.8274999999999877	0.13282011350877235	0.414961079572206
2.8349999999999875	0.13279447628277588	0.41473014206026815
2.8424999999999874	0.1327689564744198	0.41449847118016075
2.849999999999987	0.13274355317349715	0.4142660780195374
2.857499999999987	0.13271826549615764	0.41403297385709925
2.864999999999987	0.13269309259161943	0.4137991701409608
2.8724999999999867	0.13266803363213242	0.4135646784877798
2.8799999999999866	0.13264308783269824	0.4133295106555277
2.8874999999999864	0.13261825441992214	0.41309367857149604
2.8949999999999863	0.13259353265079707	0.4128571942980633
2.902499999999986	0.13256892180787264	0.4126200700359791
2.909999999999986	0.13254442120312232	0.41238231809900994
2.9174999999999858	0.1325200301677675	0.41214395092778733
2.9249999999999856	0.13249574804924263	0.4119049810817733
2.9324999999999855	0.13247157422702072	0.41166542121297584
2.9399999999999853	0.13244750809557473	0.4114252840685232
2.947499999999985	0.13242354906830012	0.4111845824983844
2.954999999999985	0.1323996965810436	0.4109433294115699
2.962499999999985	0.13237595008396918	0.4107015378063064
2.9699999999999847	0.1323523090438655	0.4104592207433755
2.9774999999999845	0.13232877295263817	0.4102163913347868
2.9849999999999843	0.13230534130615543	0.40997306274907885
2.992499999999984	0.13228201361952907	0.4097292482033331
2.999999999999984	0.13225878942009528	0.40948496094209985
3.007499999999984	0.13223566825482716	0.40924021424277224
3.0149999999999837	0.1322126496747141	0.408995021409774
3.0224999999999835	0.1321897332498813	0.4087493957535051
3.0299999999999834	0.13216691855112342	0.4085033506100756
3.037499999999983	0.13214420517087583	0.4082568993000746
3.044999999999983	0.13212159270352095	0.4080100551536273
3.052499999999983	0.13209908075585952	0.40776283148597137
3.0599999999999827	0.13207666894065304	0.40751524159185715
3.0674999999999826	0.1320543568809701	0.4072672987498154
3.0749999999999824	0.1320321442008156	0.40701901621140096
3.0824999999999823	0.1320100305399685	0.40677040718316315
3.089999999999982	0.13198801553477835	0.4065214848453682
3.097499999999982	0.13196609883276003	0.4062722623284966
3.1049999999999818	0.13194428008323258	0.40602275270483346
3.1124999999999816	0.13192255894294763	0.4057729689972487
3.1199999999999815	0.1319009350674265	0.405522924165171
3.1274999999999813	0.13187940811739138	0.4052726311143071
3.134999999999981	0.13185797775775962	0.40502210265529837
3.142499999999981	0.1318366436547516	0.40477135154147403
3.149999999999981	0.13181540547350207	0.4045203904433855
3.1574999999999807	0.1317942628843118	0.4042692319445789
3.1649999999999805	0.1317732155606712	0.4040178885385068
3.1724999999999803	0.13175226316408437	0.40376637263847187
3.17999999999998	0.13173140537385328	0.40351469654132993
3.18749999999998	0.13171064185587142	0.4032628724603332
3.19499999999998	0.1316899722813526	0.4030109124971924
3.2024999999999797	0.1316693963218626	0.4027588286555319
3.2099999999999795	0.1316489136421622	0.40250663281359356
3.2174999999999794	0.13162852390812146	0.40225433675571526
3.224999999999979	0.13160822678889358	0.4020019521335453
3.232499999999979	0.13158802194223312	0.4017494904933901
3.239999999999979	0.1315679090367828	0.4014969632560151
3.2474999999999787	0.13154788772475684	0.40124438170888227
3.2549999999999786	0.13152795766191033	0.4009917570326931
3.2624999999999784	0.13150811850839808	0.400739100262409
3.2699999999999783	0.13148836991152396	0.40048642231587644
3.277499999999978	0.13146871151304623	0.40023373397699175
3.284999999999978	0.13144914296401297	0.3999810458823146
3.2924999999999778	0.13142966390918412	0.39972836855784166
3.2999999999999776	0.13141027397395066	0.3994757123809398
3.3074999999999775	0.13139097280576806	0.3992230875871797
3.3149999999999773	0.13137176002868356	0.3989705042824429
3.322499999999977	0.13135263526846833	0.3987179724314351
3.329999999999977	0.13133359815226994	0.39846550185640267
3.337499999999977	0.13131464829920772	0.3982131022449588
3.3449999999999767	0.13129578532564662	0.39796078313542227
3.3524999999999765	0.1312770088400363	0.3977085539360019
3.3599999999999763	0.13125831845638672	0.39745642390114466
3.367499999999976	0.1312397137765287	0.39720440215055314
3.374999999999976	0.131221194399783	0.3969524976666705
3.382499999999976	0.13120275992923505	0.39670071928170814
3.3899999999999757	0.1311844099476249	0.39644907569641347
3.3974999999999755	0.1311661440568729	0.3961975754556774
3.4049999999999754	0.13114796183580238	0.39594622698376203
3.412499999999975	0.13112986287130898	0.39569503854920823
3.419999999999975	0.13111184673728177	0.39544401829297915
3.427499999999975	0.1310939130147356	0.39519317420746597
3.4349999999999747	0.1310760612731126	0.39494251416153475
3.4424999999999746	0.13105829108765868	0.3946920458704943
3.4499999999999744	0.13104060201689666	0.3944417769267314
3.4574999999999743	0.1310229936282979	0.3941917147910566
3.464999999999974	0.131005465484101	0.393941866779328
3.472499999999974	0.13098801713905991	0.39369224008512604
3.479999999999974	0.13097064814826312	0.39344284177388206
3.4874999999999736	0.1309533580700459	0.393193678769957
3.4949999999999735	0.1309361464470894	0.3929447578916119
3.5024999999999733	0.13091901283096546	0.39269608581298954
3.509999999999973	0.13090195676743066	0.392447669093517
3.517499999999973	0.13088497780578448	0.39219951416836807
3.524999999999973	0.13086807548120835	0.3919516273487391
3.5324999999999727	0.13085124933949321	0.39170401483965056
3.5399999999999725	0.13083449891962418	0.3914566827168781
3.5474999999999723	0.13081782375765988	0.3912096369546685
3.554999999999972	0.1308012233940071	0.3909628833986807
3.562499999999972	0.13078469736499004	0.39071642779730154
3.569999999999972	0.13076824520180627	0.39047027578657
3.5774999999999717	0.13075186644412892	0.3902244328901203
3.5849999999999715	0.1307355606252295	0.3899789045405652
3.5924999999999714	0.13071932727921845	0.389733696056209
3.5999999999999712	0.13070316593850945	0.3894888126608986
3.607499999999971	0.130687076138758	0.3892442594761812
3.614999999999971	0.13067105741519563	0.38900004152915757
3.6224999999999707	0.13065510930324026	0.38875616375702915
3.6299999999999706	0.13063923133054053	0.3885126309929545
3.6374999999999704	0.13062342304072375	0.3882694479931585
3.6449999999999703	0.1306076839637425	0.38802661942072025
3.65249999999997	0.13059201363907508	0.3877841498488337
3.65999999999997	0.13057641160300418	0.3875420437647807
3.66749999999997	0.13056087739606104	0.3873003055735194
3.6749999999999696	0.13054541054866065	0.38705893960672505
3.6824999999999695	0.13053001060941483	0.38681795009542974
3.6899999999999693	0.1305146771135841	0.38657734121256876
3.697499999999969	0.13049940960570117	0.38633711703922513
3.704999999999969	0.13048420762663002	0.3860972815734011
3.712499999999969	0.13046907071602376	0.38585783875175883
3.7199999999999687	0.13045399841813796	0.3856187924236287
3.7274999999999685	0.13043899027492803	0.3853801463574073
3.7349999999999683	0.13042404582865802	0.38514190424988815
3.742499999999968	0.13040916462384217	0.384904069713366
3.749999999999968	0.13039434619411938	0.3846666462850655
3.757499999999968	0.13037959008237082	0.38442963741537456
3.7649999999999677	0.1303648958239477	0.38419304646827546
3.7724999999999675	0.1303502629549859	0.3839568767253707
3.7799999999999674	0.13033569100615922	0.38372113136702535
3.7874999999999672	0.1303211794943121	0.3834858134854892
3.794999999999967	0.13030672794478296	0.3832509260635592
3.802499999999967	0.13029233587087466	0.383016471974507
3.8099999999999667	0.13027800276635262	0.3827824539779442
3.8174999999999666	0.1302637281354296	0.38254887469685617
3.8249999999999664	0.13024951144294072	0.3823157366269637
3.8324999999999663	0.1302353521633296	0.3820830421080156
3.839999999999966	0.1302212497326114	0.3818507933171019
3.847499999999966	0.1302072035903299	0.381618992239747
3.854999999999966	0.1301932131268417	0.38138764068130526
3.8624999999999656	0.13017927772535792	0.38115674020720364
3.8699999999999655	0.13016539672471822	0.38092629215676743
3.8774999999999653	0.13015156943567346	0.3806962975799245
3.884999999999965	0.13013779512434243	0.38046675724408463
3.892499999999965	0.130124073009657	0.38023767158083815
3.899999999999965	0.13011040226645718	0.3800090406489991
3.9074999999999647	0.1300967819939725	0.37978086409517375
3.9149999999999645	0.13008321123994993	0.3795531411326426
3.9224999999999643	0.13006968896950113	0.3793258704518695
3.929999999999964	0.13005621406156642	0.37909905020139845
3.937499999999964	0.13004278530823782	0.37887267790568346
3.944999999999964	0.13002940139034808	0.3786467504216032
3.9524999999999637	0.13001606088027418	0.3784212638527011
3.9599999999999635	0.13000276220597223	0.3781962134893949
3.9674999999999634	0.12998950367504472	0.37797159370870625
3.9749999999999632	0.129976283412531	0.3777473979086592
3.982499999999963	0.1299630993963572	0.3775236184006569
3.989999999999963	0.1299499493997119	0.37730024632531495
3.9974999999999627	0.12993683099795578	0.3770772715345452
4.004999999999963	0.12992374152760944	0.37685468249247994
4.012499999999963	0.12991067810753523	0.37663246616569596
4.019999999999963	0.12989763757688144	0.3764106078902738
4.027499999999963	0.1298846164906357	0.3761890912718304
4.034999999999964	0.12987161111022683	0.3759678980466226
4.042499999999964	0.1298586173667078	0.37574700796002963
4.049999999999964	0.12984563084855402	0.37552639865555887
4.057499999999965	0.12983264678070833	0.37530604554047525
4.064999999999965	0.12981966000086456	0.37508592167437954
4.072499999999965	0.12980666494228635	0.37486599764621664
4.079999999999965	0.12979365562097062	0.37464624150016346
4.087499999999966	0.12978062561713935	0.37442661861777127
4.094999999999966	0.12976756805478648	0.37420709167092303
4.102499999999966	0.12975447560911155	0.37398762053069995
4.109999999999967	0.12974134048602753	0.37376816225850434
4.117499999999967	0.12972815442061583	0.3735486711115704
4.124999999999967	0.12971490869078395	0.3733290985214951
4.132499999999967	0.12970159411204885	0.3731093932112327
4.139999999999968	0.12968820106505388	0.3728895012326191
4.147499999999968	0.12967471950991102	0.37266936615328583
4.154999999999968	0.12966113901739662	0.3724489292264467
4.162499999999969	0.1296474488062597	0.372228129639196
4.169999999999969	0.12963363779929848	0.3720069047963816
4.177499999999969	0.1296196946709129	0.37178519068598426
4.184999999999969	0.12960560792013626	0.37156292230614824
4.19249999999997	0.12959136594500384	0.37134003412682254
4.19999999999997	0.12957695712816297	0.3711164606474827
4.20749999999997	0.12956236995137305	0.3708921370061267
4.2149999999999705	0.12954759308574276	0.3706669996440896
4.222499999999971	0.12953261552247786	0.3704409870490992
4.229999999999971	0.12951742670307811	0.3702140405342142
4.237499999999971	0.12950201664358793	0.3699861050856401
4.244999999999972	0.12948637610108538	0.36975713022146917
4.252499999999972	0.12947049670405825	0.3695270709227909
4.259999999999972	0.12945437111845243	0.36929588855595974
4.2674999999999725	0.12943799318860674	0.3690635518189361
4.274999999999973	0.12942135810967303	0.36883003766839983
4.282499999999973	0.12940446257431978	0.36859533222896745
4.289999999999973	0.12938730491352254	0.36835943169107954
4.297499999999974	0.12936988523338372	0.3681223431070968
4.304999999999974	0.129352205559356	0.36788408514648485
4.312499999999974	0.1293342699226754	0.36764468878005485
4.3199999999999745	0.1293160844714006	0.3674041977990504
4.327499999999975	0.1292976575543709	0.3671626692730321
4.334999999999975	0.12927899975760437	0.3669201738519715
4.342499999999975	0.12926012394358866	0.36667679592012337
4.349999999999976	0.12924104526093025	0.3664326336017855
4.357499999999976	0.12922178112253827	0.3661877986106343
4.364999999999976	0.1292023511552342	0.3659424159301512
4.3724999999999765	0.12918277713796325	0.3656966233471446
4.379999999999977	0.1291630828924732	0.3654505708310076
4.387499999999977	0.12914329416487597	0.36520441971741346
4.394999999999977	0.12912343847844543	0.36495834184801584
4.402499999999978	0.129103544981524	0.36471251847932395
4.409999999999978	0.1290836442394912	0.3644671391801564
4.417499999999978	0.1290637680469896	0.3642224005615621
4.4249999999999785	0.12904394921096082	0.36397850497214795
4.432499999999979	0.12902422133701344	0.36373565913141587
4.439999999999979	0.12900461859089662	0.3634940727265982
4.447499999999979	0.12898517546377053	0.36325395698239565
4.45499999999998	0.12896592654307973	0.3630155232385802
4.46249999999998	0.1289469062808636	0.3627789815201067
4.46999999999998	0.1289281487470412	0.36254453916650975
4.4774999999999805	0.12890968743907355	0.3623123994499044
4.484999999999981	0.12889155502373845	0.36208276026458264
4.492499999999981	0.12887378315358486	0.361855812870982
4.499999999999981	0.1288564022574014	0.36163174066744047
4.507499999999982	0.12883944134133374	0.36141071805651426
4.514999999999982	0.1288229278208741	0.3611929093344233
4.522499999999982	0.12880688733174744	0.36097846767630665
4.5299999999999825	0.12879134357198366	0.36076753418876273
4.537499999999983	0.1287763181760165	0.3605602370009344
4.544999999999983	0.12876183054104343	0.36035669047142416
4.552499999999983	0.12874789772181786	0.36015699444995175
4.559999999999984	0.12873453432995233	0.3599612336211188
4.567499999999984	0.12872175241115438	0.35976947696531303
4.574999999999984	0.12870956137865008	0.35958177729096424
4.5824999999999845	0.12869796796169244	0.3593981708589332
4.589999999999985	0.12868697614340868	0.3592186771430025
4.597499999999985	0.1286765871238762	0.35904329872322616
4.604999999999985	0.12866679934846997	0.3588720212315831
4.612499999999986	0.12865760849135088	0.35870481347644056
4.619999999999986	0.12864900749542713	0.35854162772411713
4.627499999999986	0.12864098663896925	0.35838240001800165
4.6349999999999865	0.12863353360431967	0.35822705069932403
4.642499999999987	0.12862663358451992	0.3580754850567293
4.649999999999987	0.12862026939306112	0.35792759405422925
4.657499999999987	0.12861442160824668	0.35778325521343446
4.664999999999988	0.1286090687241267	0.35764233358531305
4.672499999999988	0.12860418733327975	0.3575046828234728
4.679999999999988	0.12859975230866846	0.3573701463526761
4.6874999999999885	0.12859573699711954	0.35723855860174336
4.694999999999989	0.1285921134377161	0.357109746294495
4.702499999999989	0.12858885257891642	0.35698352979515463
4.709999999999989	0.12858592448976713	0.3568597244879626
4.71749999999999	0.12858329861151904	0.35673814212447436
4.72499999999999	0.12858094394969133	0.3566185922502272
4.73249999999999	0.1285788293320615	0.3565008835621437
4.73999999999999	0.12857692358938846	0.3563848252401603
4.747499999999991	0.12857519581154078	0.3562702282439315
4.754999999999991	0.12857361553186952	0.35615690654876336
4.762499999999991	0.1285721529011026	0.35604467835236003
4.769999999999992	0.12857077890288446	0.3559333671327561
4.777499999999992	0.12856946550498854	0.35582280268214916
4.784999999999992	0.12856818581145554	0.35571282201791443
4.792499999999992	0.12856691419971686	0.3556032702226929
4.799999999999993	0.12856562645071126	0.3554940011294032
4.807499999999993	0.1285642998416287	0.3553848779471189
4.814999999999993	0.12856291323028748	0.35527577377074104
4.822499999999994	0.12856144713715537	0.3551665719672273
4.829999999999994	0.12855988377349306	0.3550571664483443
4.837499999999994	0.12855820709997945	0.35494746185955595
4.844999999999994	0.12855640281659916	0.35483737367057866
4.852499999999995	0.12855445839314555	0.3547268281309256
4.859999999999995	0.12855236301871847	0.35461576216900426
4.867499999999995	0.12855010760721725	0.35450412319045294
4.874999999999996	0.12854768472987205	0.3543918688021627
4.882499999999996	0.12854508858039831	0.35427896644299983
4.889999999999996	0.12854231489994514	0.3541653930012261
4.897499999999996	0.1285393608972054	0.3540511343118514
4.904999999999997	0.12853622518317587	0.35393618465661253
4.912499999999997	0.12853290766921271	0.3538205461998312
4.919999999999997	0.12852940947866492	0.35370422840720683
4.9274999999999975	0.12852573285739594	0.35358724742025904
4.934999999999998	0.12852188105241516	0.3534696254540876
4.942499999999998	0.12851785823185735	0.3533513901432461
4.949999999999998	0.1285136693739319	0.353232573924239
4.957499999999999	0.12850932016422265	0.35311321341128393
4.964999999999999	0.12850481690276216	0.3529933487718098
4.972499999999999	0.12850016639926973	0.35287302317102787
4.9799999999999995	0.12849537589455473	0.35275228212575827
4.9875	0.12849045296052913	0.3526311730554518
4.995	0.12848540541283557	0.35250974470017227
5.0025	0.12848024124325455	0.3523880466630776
5.010000000000001	0.12847496854220586	0.35226612899479265
5.017500000000001	0.128469595430935	0.35214404172923675
5.025000000000001	0.12846412999980272	0.3520218345646683
5.0325000000000015	0.12845858026210377	0.3518995565044303
5.040000000000002	0.12845295408274657	0.3517772555867884
5.047500000000002	0.1284472591657801	0.35165497860552375
5.055000000000002	0.12844150299409235	0.35153277090311275
5.062500000000003	0.12843569280396047	0.3514106761863477
5.070000000000003	0.1284298355719221	0.3512887363798151
5.077500000000003	0.12842393796526105	0.35116699149335356
5.0850000000000035	0.1284180063572816	0.35104547954661347
5.092500000000004	0.12841204679583854	0.3509242364941554
5.100000000000004	0.12840606500476726	0.3508032961972213
5.107500000000004	0.12840006637171097	0.35068269040650135
5.115000000000005	0.12839405595521441	0.35056244875157627
5.122500000000005	0.1283880384904817	0.3504425987970838
5.130000000000005	0.12838201837928087	0.350323166042271
5.1375000000000055	0.12837599970592872	0.3502041740028329
5.145000000000006	0.1283699862581948	0.3500856442544371
5.152500000000006	0.12836398150403555	0.3499675965114352
5.160000000000006	0.12835798865090542	0.3498500487012621
5.167500000000007	0.12835201061711451	0.3497330170591358
5.175000000000007	0.12834605005840488	0.3496165162056622
5.182500000000007	0.12834010939348353	0.34950055924039464
5.1900000000000075	0.12833419080294492	0.3493851578433187
5.197500000000008	0.12832829625243483	0.3492703223471505
5.205000000000008	0.12832242751059503	0.349156061835898
5.212500000000008	0.12831658614183516	0.34904238426287854
5.220000000000009	0.1283107735505517	0.3489292964908665
5.227500000000009	0.1283049909622516	0.3488168044063956
5.235000000000009	0.12829923947419825	0.3487049129916486
5.2425000000000095	0.12829352002553804	0.348593626418395
5.25000000000001	0.1282878334440109	0.3484829480862427
5.25750000000001	0.1282821804320902	0.3483728807324995
5.26500000000001	0.1282765615949086	0.34826342647368147
5.272500000000011	0.12827097744273583	0.34815458686215717
5.280000000000011	0.12826542840299282	0.3480463629478518
5.287500000000011	0.12825991481663984	0.34793875536060637
5.2950000000000115	0.12825443696285216	0.3478317643043103
5.302500000000012	0.12824899505745596	0.3477253896428931
5.310000000000012	0.12824358926249893	0.3476196309201519
5.317500000000012	0.1282382196892191	0.347514487419828
5.325000000000013	0.12823288640330133	0.3474099581649826
5.332500000000013	0.12822758943004894	0.34730604199352383
5.340000000000013	0.1282223287768314	0.34720273753007147
5.3475000000000135	0.12821710439809098	0.34710004326252397
5.355000000000014	0.12821191623426964	0.3469979575493374
5.362500000000014	0.1282067642053055	0.34689647862777206
5.370000000000014	0.12820164820775853	0.3467956046478705
5.377500000000015	0.1281965681176535	0.3466953336716083
5.385000000000015	0.12819152381026555	0.3465956637064998
5.392500000000015	0.1281865151353494	0.34649659270150673
5.4000000000000155	0.12818154193613684	0.346398118583076
5.407500000000016	0.12817660405618062	0.34630023924848113
5.415000000000016	0.12817170132046068	0.3462029525682322
5.422500000000016	0.12816683355769123	0.34610625641274995
5.430000000000017	0.12816200059194122	0.3460101486544588
5.437500000000017	0.12815720225109367	0.34591462715644483
5.445000000000017	0.12815243833754722	0.34581968982164013
5.452500000000017	0.1281477086855652	0.34572533454305143
5.460000000000018	0.12814301311510717	0.34563155925825373
5.467500000000018	0.12813835144560382	0.3455383619090748
5.475000000000018	0.12813372350128985	0.3454457404933815
5.482500000000019	0.12812912911638263	0.3453536930192104
5.490000000000019	0.12812456811560355	0.3452622175516685
5.497500000000019	0.12812004034175212	0.34517131217958114
5.505000000000019	0.1281155456268212	0.3450809750508055
5.51250000000002	0.12811108383183534	0.3449912043292962
5.52000000000002	0.1281066547951787	0.34490199825363554
5.52750000000002	0.12810225837653616	0.3448133550823926
5.535000000000021	0.1280978944434512	0.34472527313964874
5.542500000000021	0.1280935628620333	0.34463775078278386
5.550000000000021	0.12808926351059186	0.34455078643431347
5.557500000000021	0.1280849962689874	0.344464378538347
5.565000000000022	0.12808076102840257	0.34437852561444604
5.572500000000022	0.1280765576837657	0.344293226211865
5.580000000000022	0.12807238613963967	0.34420847893593975
5.587500000000023	0.12806824630047753	0.34412428244105947
5.595000000000023	0.128064138088812	0.34404063540154556
5.602500000000023	0.12806006142309795	0.34395753658392647
5.610000000000023	0.12805601623165272	0.3438749847495576
5.617500000000024	0.12805200245048773	0.3437929787273089
5.625000000000024	0.12804802002730237	0.3437115173809121
5.632500000000024	0.12804406889977013	0.34363059961576603
5.6400000000000245	0.12804014903187322	0.34355022437182653
5.647500000000025	0.12803626037641536	0.34347039061912626
5.655000000000025	0.12803240289975135	0.34339109736696455
5.662500000000025	0.12802857657241798	0.3433123436469242
5.670000000000026	0.12802478136843062	0.3432341285281023
5.677500000000026	0.12802101726224888	0.3431564511003855
5.685000000000026	0.12801728424542225	0.3430793104704551
5.6925000000000265	0.12801358230011026	0.3430027057754669
5.700000000000027	0.1280099114165329	0.3429266361557196
5.707500000000027	0.12800627158684305	0.3428511007918101
5.715000000000027	0.12800266280690706	0.34277609885057153
5.722500000000028	0.12799908507526114	0.3427016295155396
5.730000000000028	0.12799553839446903	0.3426276919752913
5.737500000000028	0.12799202275781688	0.3425542854314777
5.7450000000000285	0.12798853817306363	0.3424814090717152
5.752500000000029	0.12798508464302466	0.34240906208032673
5.760000000000029	0.12798166216437126	0.342337243652454
5.767500000000029	0.1279782707465069	0.34226595294739637
5.77500000000003	0.12797491038547495	0.34219518913382996
5.78250000000003	0.12797158108317402	0.3421249513610106
5.79000000000003	0.12796828283378894	0.34205523875294314
5.7975000000000305	0.12796501563544976	0.34198605042215463
5.805000000000031	0.12796177948396348	0.3419173854363404
5.812500000000031	0.12795857436537958	0.34184924285909146
5.820000000000031	0.12795540026965713	0.3417816217174866
5.827500000000032	0.12795225718069356	0.34171452099810784
5.835000000000032	0.1279491450732661	0.3416479396616551
5.842500000000032	0.12794606391908342	0.34158187663022976
5.8500000000000325	0.12794301369874156	0.3415163307609079
5.857500000000033	0.1279399943613807	0.3414513009124068
5.865000000000033	0.12793700587184362	0.34138678586563864
5.872500000000033	0.12793404817844706	0.34132278436261226
5.880000000000034	0.12793112122902744	0.3412592950864566
5.887500000000034	0.12792822496380604	0.34119631667752004
5.895000000000034	0.12792535930511587	0.34113384773113437
5.9025000000000345	0.12792252418301236	0.3410718867677313
5.910000000000035	0.12791971951221923	0.34101043224853683
5.917500000000035	0.12791694519693403	0.3409494825877965
5.925000000000035	0.12791420113718657	0.3408890361413434
5.932500000000036	0.12791148722104492	0.3408290911870297
5.940000000000036	0.12790880333896534	0.3407696459393888
5.947500000000036	0.12790614935022507	0.3407106985593361
5.9550000000000365	0.12790352513022593	0.3406522471327156
5.962500000000037	0.12790093052681165	0.34059428966876104
5.970000000000037	0.12789836538271	0.34053682412883873
5.977500000000037	0.12789582953219522	0.3404798483867503
5.985000000000038	0.1278933228020641	0.3404233602414419
5.992500000000038	0.12789084500581574	0.3403673574348478
6.000000000000038	0.12788839594998697	0.3403118376303821
6.0075000000000385	0.1278859754222095	0.3402567984212065
6.015000000000039	0.12788358320992	0.3402022373162026
6.022500000000039	0.12788121908932396	0.3401481517660189
6.030000000000039	0.12787888281867943	0.34009453913679144
6.03750000000004	0.12787657415026166	0.34004139673640243
6.04500000000004	0.12787429282716872	0.3399887217762623
6.05250000000004	0.12787203858694227	0.33993651141461323
6.0600000000000405	0.12786981113797224	0.3398847627407672
6.067500000000041	0.12786761020480988	0.3398334727460711
6.075000000000041	0.1278654354820595	0.33978263837741923
6.082500000000041	0.12786328665894026	0.3397322564951831
6.090000000000042	0.12786116341787246	0.3396823239082936
6.097500000000042	0.12785906543388437	0.339632837330261
6.105000000000042	0.1278569923605429	0.33958379342947076
6.1125000000000425	0.12785494385867752	0.3395351888096354
6.120000000000043	0.12785291955807968	0.33948701999169534
6.127500000000043	0.12785091910987406	0.3394392834412213
6.135000000000043	0.12784894212142012	0.3393919755788903
6.142500000000044	0.12784698821178456	0.3393450927371716
6.150000000000044	0.12784505699757934	0.33929863121362436
6.157500000000044	0.1278431480721694	0.339252587236054
6.1650000000000444	0.12784126102038346	0.33920695698585346
6.172500000000045	0.12783939544041398	0.33916173658135046
6.180000000000045	0.12783755089335674	0.33911692212058697
6.187500000000045	0.12783572695765993	0.33907250961934693
6.195000000000046	0.12783392319281434	0.33902849506645244
6.202500000000046	0.12783213916524544	0.33898487439527175
6.210000000000046	0.12783037440919076	0.3389416435288617
6.217500000000046	0.1278286284893135	0.3388987983207721
6.225000000000047	0.1278269009333967	0.33885633461189624
6.232500000000047	0.12782519127989633	0.338814248201587
6.240000000000047	0.12782349906852508	0.33877253487056136
6.247500000000048	0.12782182382177568	0.33873119036375277
6.255000000000048	0.12782016506295352	0.338690210422563
6.262500000000048	0.12781852232693494	0.33864959073872836
6.270000000000048	0.12781689512490507	0.33860932702452834
6.277500000000049	0.1278152829753407	0.3385694149648912
6.285000000000049	0.12781368540222574	0.3385298502247196
6.292500000000049	0.12781210192590853	0.3384906284783251
6.30000000000005	0.12781053205457302	0.33845174541449646
6.30750000000005	0.12780897531958113	0.33841319668607095
6.31500000000005	0.12780743122883859	0.33837497798498034
6.32250000000005	0.12780589930968017	0.3383370849926566
6.330000000000051	0.12780437908015302	0.33829951342905495
6.337500000000051	0.12780287007236601	0.33826225899454876
6.345000000000051	0.127801371814408	0.33822531743606893
6.3525000000000515	0.12779988383440274	0.3381886845305815
6.360000000000052	0.12779840567652767	0.33815235605382876
6.367500000000052	0.1277969368759182	0.3381163278488843
6.375000000000052	0.1277954769868321	0.3380805957630082
6.382500000000053	0.12779402556187763	0.33804515570807236
6.390000000000053	0.12779258215724787	0.3380100036220057
6.397500000000053	0.12779114634582758	0.33797513548467484
6.4050000000000535	0.12778971769756872	0.3379405473471667
6.412500000000054	0.12778829579821116	0.3379062353001202
6.420000000000054	0.12778688024388535	0.3378721954822326
6.427500000000054	0.12778547062978077	0.3378384241073208
6.435000000000055	0.1277840665648792	0.3378049174540242
6.442500000000055	0.12778266768034077	0.3377716718398991
6.450000000000055	0.1277812735957912	0.33773868369267734
6.4575000000000555	0.12777988396459716	0.3377059494675222
6.465000000000056	0.12777849842884265	0.33767346572979384
6.472500000000056	0.1277771166644413	0.3376412291161013
6.480000000000056	0.12777573834640168	0.33760923632256457
6.487500000000057	0.1277743631658112	0.3375774841456075
6.495000000000057	0.12777299082098537	0.3375459694720032
6.502500000000057	0.127771621038522	0.3375146892555313
6.5100000000000575	0.12777025354284433	0.3374836405554092
6.517500000000058	0.12776888807397288	0.3374528205252318
6.525000000000058	0.12776752440328254	0.33742222639249575
6.532500000000058	0.127766162296127	0.3373918554999663
6.540000000000059	0.1277648015363499	0.33736170527172366
6.547500000000059	0.1277634419404902	0.33733177323514496
6.555000000000059	0.127762083319375	0.33730205702210264
6.5625000000000595	0.127760725499963	0.3372725543695434
6.57000000000006	0.12775936833808832	0.3372432630874531
6.57750000000006	0.1277580116983085	0.3372141811208611
6.58500000000006	0.1277566554545205	0.3371853064974545
6.592500000000061	0.12775529950879408	0.337156637356745
6.600000000000061	0.1277539437681732	0.3371281719332095
6.607500000000061	0.12775258815708304	0.33709990857245253
6.6150000000000615	0.12775123262267413	0.33707184573166077
6.622500000000062	0.12774987712342356	0.33704398194732743
6.630000000000062	0.12774852162715086	0.33701631587720793
6.637500000000062	0.12774716612813125	0.33698884628593173
6.645000000000063	0.12774581062859483	0.336961572020371
6.652500000000063	0.1277444551488408	0.33693449204831916
6.660000000000063	0.1277430997250163	0.33690760542370635
6.6675000000000635	0.12774174439941477	0.33688091132401154
6.675000000000064	0.12774038924721934	0.33685440898620417
6.682500000000064	0.1277390343428847	0.33682809778253747
6.690000000000064	0.12773767977868591	0.3368019771649726
6.697500000000065	0.12773632566646445	0.3367760466706945
6.705000000000065	0.12773497212392204	0.33675030595404765
6.712500000000065	0.1277336192818204	0.3367247547460238
6.7200000000000655	0.12773226730042866	0.33669939286016604
6.727500000000066	0.1277309163345372	0.3366742202109153
6.735000000000066	0.12772956655578366	0.33664923679656633
6.742500000000066	0.12772821815667967	0.3366244426921309
6.750000000000067	0.12772687133166072	0.3365998380607722
6.757500000000067	0.12772552629137987	0.33657542314171507
6.765000000000067	0.1277241832572878	0.3365511982513487
6.7725000000000675	0.12772284246316917	0.33652716378128866
6.780000000000068	0.12772150415039893	0.3365033202017429
6.787500000000068	0.12772016857300583	0.3364796680406663
6.795000000000068	0.1277188359912566	0.33645620790273867
6.802500000000069	0.1277175066819748	0.33643294045081396
6.810000000000069	0.12771618091819467	0.3364098664066393
6.817500000000069	0.1277148589977481	0.336386986567341
6.8250000000000695	0.12771354121382764	0.3363643017687135
6.83250000000007	0.12771222787060454	0.33634181290800114
6.84000000000007	0.12771091928484882	0.3363195209363312
6.84750000000007	0.12770961576900744	0.3362974268440396
6.855000000000071	0.12770831765394425	0.33627553166570096
6.862500000000071	0.12770702526402078	0.33625383648676344
6.870000000000071	0.1277057389361424	0.33623234244134975
6.8775000000000714	0.12770445901640182	0.3362110506683305
6.885000000000072	0.12770318584754803	0.33618996236381476
6.892500000000072	0.127701919781103	0.33616907874514423
6.900000000000072	0.12770066116036197	0.3361484010706121
6.907500000000073	0.1276994103551477	0.33612793059930396
6.915000000000073	0.1276981677127095	0.33610766862889896
6.922500000000073	0.1276969335969574	0.3360876164787957
6.930000000000073	0.1276957083689958	0.33606777545719535
6.937500000000074	0.1276944923971082	0.3360481469176833
6.945000000000074	0.12769328603493021	0.33602873220824064
6.952500000000074	0.1276920896551319	0.3360095326839527
6.960000000000075	0.12769090362307486	0.33599054969035347
6.967500000000075	0.12768972829458936	0.3359717846062803
6.975000000000075	0.1276885640367758	0.33595323877281
6.982500000000075	0.12768741120482707	0.33593491355050137
6.990000000000076	0.1276862701722444	0.3359168102711668
6.997500000000076	0.1276851412833072	0.33589893027443374
7.005000000000076	0.1276840248922189	0.33588127488733865
7.012500000000077	0.1276829213487827	0.33586384541007974
7.020000000000077	0.12768183100732888	0.3358466431141908
7.027500000000077	0.12768075420037386	0.33582966927057445
7.035000000000077	0.12767969127921763	0.3358129251153156
7.042500000000078	0.12767864256155648	0.3357964118618736
7.050000000000078	0.12767760838967196	0.33578013067682094
7.057500000000078	0.12767658907551432	0.33576408272919345
7.0650000000000786	0.1276755849436037	0.3357482691178564
7.072500000000079	0.12767459629654726	0.33573269092831726
7.080000000000079	0.1276736234503676	0.33571734918482776
7.087500000000079	0.12767266668577312	0.3357022448910587
7.09500000000008	0.12767172629642	0.3356873790013629
7.10250000000008	0.12767080256914318	0.3356727524142391
7.11000000000008	0.12766989577096716	0.3356583659865163
7.1175000000000805	0.12766900616957885	0.3356442205291488
7.125000000000081	0.12766813401900076	0.3356303167879386
7.132500000000081	0.12766727956800517	0.335616655452991
7.140000000000081	0.12766644304592192	0.33560323718788065
7.147500000000082	0.12766562469185935	0.33559006255422813
7.155000000000082	0.12766482471452834	0.33557713208226564
7.162500000000082	0.12766404332205988	0.3355644462390977
7.1700000000000825	0.12766328071846425	0.33555200540885677
7.177500000000083	0.12766253708217773	0.33553980993670934
7.185000000000083	0.12766181258777326	0.3355278600783325
7.192500000000083	0.12766110740673314	0.3355161560380813
7.200000000000084	0.1276604216859772	0.335504697941008
7.207500000000084	0.1276597555748512	0.33549348583684396
7.215000000000084	0.12765910919453788	0.3354825197217952
7.2225000000000845	0.12765848266202617	0.33547179950669415
7.230000000000085	0.12765787609369958	0.3354613250304264
7.237500000000085	0.12765728957061515	0.3354510960579407
7.245000000000085	0.12765672318857027	0.335441112280092
7.252500000000086	0.12765617700638782	0.3354313733034592
7.260000000000086	0.12765565108123958	0.33542187866778206
7.267500000000086	0.1276551454632538	0.33541262783858206
7.2750000000000865	0.12765466017736654	0.33540362019376857
7.282500000000087	0.12765419525025237	0.3353948550313817
7.290000000000087	0.1276537506814729	0.3353863315841927
7.297500000000087	0.12765332646831093	0.33537804899876483
7.305000000000088	0.1276529225914113	0.3353700063353756
7.312500000000088	0.1276525390172938	0.33536220259754335
7.320000000000088	0.1276521757032927	0.3353546366847385
7.3275000000000885	0.127651832594252	0.3353473074335839
7.335000000000089	0.12765150961887162	0.3353402136066479
7.342500000000089	0.12765120669156424	0.3353333538727425
7.350000000000089	0.12765092371636114	0.33532672684228887
7.35750000000009	0.12765066059953803	0.3353203310383651
7.36500000000009	0.12765041720217168	0.33531416490316235
7.37250000000009	0.12765019341247566	0.3353082268198456
7.3800000000000905	0.12764998907309452	0.3353025150888576
7.387500000000091	0.12764980403413334	0.33529702793117616
7.395000000000091	0.1276496381254958	0.33529176350634715
7.402500000000091	0.12764949117133256	0.33528671990341485
7.410000000000092	0.12764936298101148	0.3352818951244855
7.417500000000092	0.12764925335706595	0.33527728712744237
7.425000000000092	0.12764916207211452	0.335272893794048
7.4325000000000925	0.127649088927515	0.33526871291529015
7.440000000000093	0.12764903366943997	0.33526474227021374
7.447500000000093	0.12764899606307922	0.33526097952488737
7.455000000000093	0.12764897585479865	0.3352574223055638
7.462500000000094	0.12764897277869652	0.3352540681888638
7.470000000000094	0.12764898656001356	0.33525091467946344
7.477500000000094	0.12764901692472702	0.3352479592193606
7.4850000000000945	0.12764906357002243	0.335245199219475
7.492500000000095	0.1276491262048649	0.3352426320181602
7.500000000000095	0.12764920452391296	0.33524025492010034
7.507500000000095	0.1276492982021046	0.33523806516866594
7.515000000000096	0.12764940691772952	0.335236059970644
7.522500000000096	0.12764953034404838	0.3352342364808062
7.530000000000096	0.1276496681465013	0.3352325918142184
7.5375000000000965	0.12764981997067887	0.33523112306600067
7.545000000000097	0.12764998547196627	0.3352298272639665
7.552500000000097	0.12765016429320988	0.3352287014172125
7.560000000000097	0.12765035606904584	0.33522774251368925
7.567500000000098	0.12765056044037792	0.33522694748581217
7.575000000000098	0.12765077703122804	0.3352263132525799
7.582500000000098	0.127651005462555	0.3352258367152888
7.5900000000000984	0.12765124535415523	0.3352255147439706
7.597500000000099	0.12765149632160525	0.3352253441916091
7.605000000000099	0.12765175798060355	0.3352253218906754
7.612500000000099	0.12765202994171462	0.3352254446596216
7.6200000000001	0.12765231180920925	0.33522570930542844
7.6275000000001	0.1276526031932779	0.33522611262593044
7.6350000000001	0.12765290369416743	0.33522665141387226
7.6425000000001	0.12765321291070608	0.33522732245278397
7.650000000000101	0.12765353045621464	0.33522812251766154
7.657500000000101	0.1276538559218958	0.3352290484082982
7.665000000000101	0.12765418890831545	0.33523009690549443
7.672500000000102	0.12765452902596328	0.3352312647975783
7.680000000000102	0.12765487586875307	0.3352325488857748
7.687500000000102	0.1276552290449647	0.3352339459819136
7.695000000000102	0.1276555881587311	0.33523545290994744
7.702500000000103	0.12765595281266331	0.3352370665067901
7.710000000000103	0.12765632261902188	0.3352387836368768
7.717500000000103	0.1276566971899997	0.33524060116837373
7.725000000000104	0.12765707614062202	0.3352425160051889
7.732500000000104	0.12765745908728873	0.3352445250691026
7.740000000000104	0.12765784565261834	0.33524662531303184
7.747500000000104	0.12765823546151217	0.33524881371634047
7.755000000000105	0.12765862815102508	0.3352510872846904
7.762500000000105	0.1276590233436119	0.3352534430848024
7.770000000000105	0.1276594206836372	0.3352558781853139
7.7775000000001056	0.12765981982410382	0.3352583897102408
7.785000000000106	0.12766022041184186	0.3352609748138433
7.792500000000106	0.12766062209922044	0.33526363070682896
7.800000000000106	0.12766102455601563	0.33526635463168386
7.807500000000107	0.12766142745383272	0.3352691438771974
7.815000000000107	0.1276618304661852	0.335271995783602
7.822500000000107	0.1276622332756004	0.3352749077491026
7.8300000000001075	0.1276626355778738	0.33527787719882896
7.837500000000108	0.12766303706472262	0.33528090164480273
7.845000000000108	0.1276634374519539	0.3352839786183017
7.852500000000108	0.12766383645316381	0.3352871057163265
7.860000000000109	0.12766423379534875	0.33529028061106925
7.867500000000109	0.12766462920448474	0.33529350100778704
7.875000000000109	0.1276650224207318	0.3352967646935059
7.8825000000001095	0.12766541320119867	0.33530006948909974
7.89000000000011	0.12766580130125202	0.33530341330815683
7.89750000000011	0.12766618648897837	0.3353067941018012
7.90500000000011	0.12766656854014954	0.335310209901122
7.912500000000111	0.12766694724247224	0.3353136587891237
7.920000000000111	0.12766732240281756	0.3353171389127654
7.927500000000111	0.12766769381584564	0.3353206485027392
7.9350000000001115	0.12766806129938563	0.33532418583954826
7.942500000000112	0.12766842468600567	0.3353277492699421
7.950000000000112	0.12766878380328678	0.3353313372247833
7.957500000000112	0.12766913850760483	0.3353349481818942
7.965000000000113	0.12766948864967415	0.3353385806915741
7.972500000000113	0.12766983409379656	0.33534223339305175
7.980000000000113	0.12767017472505637	0.33534590496068833
7.9875000000001135	0.12767051042152663	0.33534959416195165
7.995000000000114	0.12767084108236001	0.33535329982954054
8.002500000000113	0.12767116661666672	0.33535702084863106
8.010000000000113	0.12767148694000693	0.33536075618454453
8.017500000000114	0.12767180197747854	0.335364504865957
8.025000000000114	0.12767211167110964	0.3353682659909494
8.032500000000114	0.1276724159671133	0.335372038734476
8.040000000000115	0.12767271481381898	0.3353758223068184
8.047500000000115	0.12767300818688015	0.3353796160298104
8.055000000000115	0.12767329606052336	0.33538341924245646
8.062500000000115	0.1276735784183878	0.33538723137547904
8.070000000000116	0.12767385524811053	0.33539105192558105
8.077500000000116	0.12767412657054023	0.33539488043039545
8.085000000000116	0.1276743923847723	0.33539871651172926
8.092500000000117	0.12767465272210804	0.3354025598444985
8.100000000000117	0.12767490760630684	0.3354064101621589
8.107500000000117	0.1276751570775661	0.3354102672580104
8.115000000000117	0.1276754011930702	0.3354141309736888
8.122500000000118	0.12767563999919662	0.33541800122195653
8.130000000000118	0.12767587356481422	0.33542187795797374
8.137500000000118	0.12767610195974594	0.3354257612012795
8.145000000000119	0.12767632525785974	0.33542965102346695
8.152500000000119	0.1276765435614325	0.33543354753236715
8.16000000000012	0.12767675695494515	0.33543745090784816
8.16750000000012	0.1276769655451141	0.33544136134962954
8.17500000000012	0.12767716943107302	0.3354452791411909
8.18250000000012	0.12767736873978977	0.3354492045787507
8.19000000000012	0.12767756358145013	0.33545313801617327
8.19750000000012	0.1276777540930129	0.33545707984664414
8.20500000000012	0.12767794040307257	0.3354610305080294
8.212500000000121	0.1276781226499656	0.3354649904693755
8.220000000000121	0.127678300981831	0.33546896024633627
8.227500000000122	0.1276784755393105	0.3354729403912584
8.235000000000122	0.12767864647774596	0.3354769314849222
8.242500000000122	0.1276788139645458	0.3354809341206235
8.250000000000123	0.12767897815962065	0.3354849489610312
8.257500000000123	0.12767913922538884	0.3354889766784154
8.265000000000123	0.1276792973297726	0.33549301796294007
8.272500000000123	0.1276794526588389	0.3354970735436624
8.280000000000124	0.1276796053752292	0.3355011441805552
8.287500000000124	0.1276797556712559	0.3355052306292238
8.295000000000124	0.12767990372737936	0.33550933368963526
8.302500000000125	0.1276800497173932	0.33551345417230044
8.310000000000125	0.12768019384941096	0.3355175928984463
8.317500000000125	0.12768033629670647	0.3355217507216364
8.325000000000125	0.12768047725256795	0.3355259284894109
8.332500000000126	0.12768061691650248	0.33553012706196755
8.340000000000126	0.1276807554802978	0.3355343473295672
8.347500000000126	0.12768089313031794	0.3355385901855486
8.355000000000127	0.12768103007989431	0.3355428564961966
8.362500000000127	0.12768116650537092	0.33554714717934486
8.370000000000127	0.1276813026110716	0.33555146314087847
8.377500000000127	0.12768143859776301	0.3355558052714105
8.385000000000128	0.1276815746501904	0.33556017449245373
8.392500000000128	0.12768171097072847	0.33556457169283077
8.400000000000128	0.12768184775353447	0.3355689977745505
8.407500000000129	0.12768198519179266	0.3355734536409898
8.415000000000129	0.12768212347377372	0.3355779401843642
8.422500000000129	0.12768226279043188	0.3355824582826582
8.43000000000013	0.12768240333596917	0.33558700881762693
8.43750000000013	0.1276825452957209	0.33559159265366934
8.44500000000013	0.1276826888448093	0.3355962106557719
8.45250000000013	0.1276828341828768	0.3356008636438503
8.46000000000013	0.12768298147827772	0.33560555246538204
8.46750000000013	0.1276831309136554	0.3356102779241494
8.475000000000131	0.12768328265725587	0.3356150408341466
8.482500000000131	0.12768343688699405	0.33561984196154604
8.490000000000132	0.12768359376892807	0.3356246820808998
8.497500000000132	0.12768375347460173	0.3356295619200542
8.505000000000132	0.12768391614960115	0.3356344822137558
8.512500000000133	0.12768408197394668	0.3356394436500361
8.520000000000133	0.12768425108532772	0.3356444469165464
8.527500000000133	0.12768442363580673	0.33564949266301813
8.535000000000133	0.12768459978360563	0.3356545815147746
8.542500000000134	0.12768477965304248	0.3356597140880828
8.550000000000134	0.12768496339305022	0.3356648909391993
8.557500000000134	0.12768515113526582	0.3356701126353439
8.565000000000135	0.12768534300744877	0.33567537969203953
8.572500000000135	0.12768553913376804	0.3356806925978949
8.580000000000135	0.12768573962482405	0.3356860518260025
8.587500000000135	0.12768594461077964	0.3356914578007391
8.595000000000136	0.12768615418765236	0.33569691092791193
8.602500000000136	0.1276863684569815	0.33570241158373587
8.610000000000136	0.12768658752622597	0.3357079601014462
8.617500000000136	0.1276868114886169	0.3357135567881848
8.625000000000137	0.1276870404277654	0.33571920191941995
8.632500000000137	0.12768727442675715	0.33572489573619996
8.640000000000137	0.1276875135643675	0.33573063845273804
8.647500000000138	0.12768775791435116	0.3357364302254859
8.655000000000138	0.1276880075383946	0.33574227121133154
8.662500000000138	0.1276882624968477	0.3357481615103611
8.670000000000138	0.12768852284917562	0.33575410118594473
8.677500000000139	0.12768878864220587	0.335760090278869
8.685000000000139	0.12768905992248225	0.3357661287893185
8.69250000000014	0.12768933672429003	0.3357722166775748
8.70000000000014	0.1276896190790452	0.3357783538791805
8.70750000000014	0.12768990701548266	0.3357845402872852
8.71500000000014	0.12769020055981414	0.33579077576396665
8.72250000000014	0.12769049972174004	0.33579706011552074
8.73000000000014	0.12769080450838907	0.33580339316071367
8.737500000000141	0.12769111492807886	0.3358097746323096
8.745000000000141	0.1276914309760716	0.3358162042565663
8.752500000000142	0.12769175265987653	0.3358226817100753
8.760000000000142	0.12769207994349516	0.3358292066585882
8.767500000000142	0.127692412826909	0.3358357787025542
8.775000000000142	0.12769275127605784	0.3358423974339481
8.782500000000143	0.12769309526757755	0.33584906239629847
8.790000000000143	0.1276934447671055	0.33585577311352144
8.797500000000143	0.1276937997318039	0.3358625290639748
8.805000000000144	0.12769416011792784	0.3358693296873833
8.812500000000144	0.1276945258758249	0.33587617441892065
8.820000000000144	0.12769489695519826	0.33588306263386536
8.827500000000144	0.12769527328699323	0.3358899936982257
8.835000000000145	0.12769565481499595	0.3358969669323965
8.842500000000145	0.1276960414661321	0.3359039816350281
8.850000000000145	0.12769643316153065	0.3359110370700499
8.857500000000146	0.12769682982954716	0.33591813248535485
8.865000000000146	0.1276972313862305	0.3359252670754663
8.872500000000146	0.1276976377339062	0.33593244003962597
8.880000000000146	0.12769804878979643	0.33593965053452135
8.887500000000147	0.12769846445381733	0.33594689768469954
8.895000000000147	0.12769888462688903	0.3359541805935437
8.902500000000147	0.127699309199152	0.3359614983559992
8.910000000000148	0.12769973807222865	0.33596885001412125
8.917500000000148	0.12770017112108903	0.3359762346240286
8.925000000000148	0.12770060824010876	0.33598365118345175
8.932500000000148	0.12770104930412587	0.33599109869697885
8.940000000000149	0.1277014941935591	0.3359985761270492
8.947500000000149	0.1277019427797823	0.33600608243559954
8.95500000000015	0.12770239493730287	0.336013616559629
8.96250000000015	0.12770285052189892	0.3360211774164232
8.97000000000015	0.1277033094140785	0.336028763901368
8.97750000000015	0.12770377147190642	0.33603637490547644
8.98500000000015	0.127704236550151	0.3360440093025935
8.99250000000015	0.12770470451191016	0.33605166594660807
9.000000000000151	0.127705175210675	0.33605934368485485
9.007500000000151	0.12770564849912713	0.3360670413399717
9.015000000000152	0.12770612422480848	0.3360747577625419
9.022500000000152	0.12770660224008418	0.33608249174531946
9.030000000000152	0.1277070823999326	0.33609024208132887
9.037500000000152	0.12770756454043367	0.3360980075893415
9.045000000000153	0.12770804850785303	0.33610578705095434
9.052500000000153	0.12770853415055475	0.33611357924304847
9.060000000000153	0.12770902130466324	0.3361213829580457
9.067500000000154	0.12770950981670784	0.3361291969619825
9.075000000000154	0.1277099995281816	0.33613702002945667
9.082500000000154	0.12771049028093992	0.3361448509267392
9.090000000000154	0.12771098190732852	0.33615268843389784
9.097500000000155	0.1277114742543763	0.33616053130801604
9.105000000000155	0.12771196715926067	0.33616837833507013
9.112500000000155	0.12771246046372017	0.33617622827501714
9.120000000000156	0.1277129540014377	0.33618407991832966
9.127500000000156	0.127713447622246	0.3361919320284358
9.135000000000156	0.12771394114995555	0.3361997834134448
9.142500000000156	0.1277144344517025	0.3362076328468865
9.150000000000157	0.12771492734782428	0.3362154791360212
9.157500000000157	0.12771541969111022	0.33622332108886493
9.165000000000157	0.12771591132283883	0.3362311575200322
9.172500000000158	0.1277164020816495	0.33623898726357004
9.180000000000158	0.12771689182870588	0.33624680914805155
9.187500000000158	0.12771738040327105	0.3362546220154463
9.195000000000158	0.12771786765876159	0.33626242474384704
9.202500000000159	0.1277183534399126	0.3362702161956588
9.210000000000159	0.1277188376027269	0.33627799527706187
9.21750000000016	0.12771932000731415	0.3362857608732423
9.22500000000016	0.12771980050483536	0.3362935119233512
9.23250000000016	0.12772027896694416	0.3363012473506331
9.24000000000016	0.12772075523607385	0.33630896612509864
9.24750000000016	0.1277212291938747	0.33631666720884107
9.25500000000016	0.1277217007007064	0.3363243496153171
9.262500000000161	0.12772216962561986	0.3363320123684049
9.270000000000161	0.1277226358433383	0.33633965449841474
9.277500000000162	0.1277230992238605	0.3363472751038273
9.285000000000162	0.1277235596554684	0.3363548732871998
9.292500000000162	0.1277240170074937	0.3363624482138896
9.300000000000162	0.12772447117259322	0.33636999909636756
9.307500000000163	0.1277249220276647	0.3363775252175627
9.315000000000163	0.12772536945967167	0.33638502596501685
9.322500000000163	0.12772581335760147	0.3363925008644084
9.330000000000163	0.12772625360069234	0.3363999496302297
9.337500000000164	0.12772669007261508	0.3364073722322362
9.345000000000164	0.12772712265154657	0.3364147690596092
9.352500000000164	0.12772755119415918	0.3364221410156976
9.360000000000165	0.12772797553860285	0.33642948985
9.367500000000165	0.12772839550167753	0.3364368183946256
9.375000000000165	0.12772881084470136	0.33644413113758526
9.382500000000165	0.12772922126230732	0.33645143488426993
9.390000000000166	0.12772962634945076	0.33645873967847073
9.397500000000166	0.12773002556244784	0.33646606018231967
9.405000000000166	0.12773041813891411	0.3364734175295655
9.412500000000167	0.12773080304775206	0.33648084178738463
9.420000000000167	0.1277311788361211	0.33648837549305743
9.427500000000167	0.1277315434765605	0.3364960782779373
9.435000000000167	0.12773189417289524	0.3365040332036625
9.442500000000168	0.12773222703671963	0.3365123551293422
9.450000000000168	0.1277325367079893	0.33652120195574786
9.457500000000168	0.1277328158146853	0.3365307892495141
9.465000000000169	0.12773305427706064	0.33654140959383905
9.472500000000169	0.12773323838980866	0.3365534575065896
9.48000000000017	0.12773334962145627	0.33656746170819024
9.48750000000017	0.12773336303074162	0.33658412632153645
9.49500000000017	0.1277332452719471	0.3366043832005064
9.50250000000017	0.12773295201497992	0.33662945773282926
9.51000000000017	0.12773242466859033	0.33666095109211736
9.51750000000017	0.1277315862589175	0.3367009419657172
9.52500000000017	0.12773033626806352	0.3367521115149298
9.532500000000171	0.12772854423800303	0.3368178951960223
9.540000000000171	0.12772604188237222	0.33690266575593825
9.547500000000172	0.12772261349390981	0.3370119514038582
9.555000000000172	0.1277179842692963	0.3371526933995282
9.562500000000172	0.12771180635112997	0.3373335467172989
9.570000000000173	0.12770364225388436	0.3375652269036974
9.577500000000173	0.1276929452699183	0.337860905304129
9.585000000000173	0.12767903675025177	0.3382366530122691
9.592500000000173	0.12766107978672814	0.33871193225906276
9.600000000000174	0.12763804929242656	0.33931013088680917
9.607500000000174	0.12760869829163524	0.3400591324864617
9.615000000000174	0.12757152039184957	0.340991910771025
9.622500000000175	0.12752470877019206	0.34214713185830803
9.630000000000175	0.12746611186549262	0.3435697431103953
9.637500000000175	0.1273931865607335	0.3453115213200132
9.645000000000175	0.12730294965778455	0.347431546797908
9.652500000000176	0.12719192885133013	0.349996564088898
9.660000000000176	0.1270561149249791	0.3530811835642066
9.667500000000176	0.12689091686809156	0.35676787378001984
9.675000000000177	0.12669112243039835	0.36114668936779915
9.682500000000177	0.12645086674085837	0.3663146776857582
9.690000000000177	0.12616361199366666	0.3723749067828326
9.697500000000177	0.12582214157198823	0.3794350599350924
9.705000000000178	0.12541857210649737	0.3876055481770795
9.712500000000178	0.12494438712173478	0.39699710180191616
9.720000000000178	0.1243904958778092	0.4077178161021223
9.727500000000179	0.1237473207140507	0.41986964479406585
9.735000000000179	0.12300491597134151	0.43354435751499576
9.74250000000018	0.1221531208537697	0.448819004316045
9.75000000000018	0.12118174780234117	0.4657509604873705
9.75750000000018	0.12008080687711051	0.4843726577642212
9.76500000000018	0.1188407654914414	0.5046861415463957
9.77250000000018	0.1174528413224444	0.526657627635843
9.78000000000018	0.11590932460216863	0.5502122630570233
9.78750000000018	0.11420392443539319	0.5752293222986165
9.795000000000181	0.11233213186610429	0.6015380908692561
9.802500000000181	0.11029159079435788	0.6289146994409105
9.810000000000182	0.10808246614873777	0.6570801727475412
9.817500000000182	0.10570779720167961	0.6856999457149952
9.825000000000182	0.10317382272910322	0.7143850737018989
9.832500000000183	0.10049026372923694	0.7426953239510189
9.840000000000183	0.0976705489591084	0.7701442808797124
9.847500000000183	0.09473196851260805	0.7962065303827737
9.855000000000183	0.0916957411798119	0.8203269089423125
9.862500000000184	0.08858698260252572	0.8419317154910031
9.870000000000184	0.08543456320373517	0.8604416906123001
9.877500000000184	0.08227084730980083	0.8752864740053727
9.885000000000185	0.07913130861447434	0.8859201607845376
9.892500000000185	0.0760540212451622	0.8918374962407755
9.900000000000185	0.07307903030597067	0.8925901822384297
9.907500000000185	0.07024761162951254	0.8878027194120752
9.915000000000186	0.06760143550446818	0.8771871849555927
9.922500000000186	0.06518165535213256	0.8605563445425581
9.930000000000186	0.06302794714804287	0.8378345257779028
9.937500000000187	0.06117753021804721	0.8090657339061131
9.945000000000187	0.05966420298356376	0.774418573298574
9.952500000000187	0.05851742931519398	0.7341876417160322
9.960000000000187	0.057761510901392976	0.6887911896805352
9.967500000000188	0.057414879146941426	0.6387649758356473
9.975000000000188	0.05748953608203342	0.5847523963010437
9.982500000000188	0.05799066792756394	0.5274911153017308
9.990000000000189	0.05891644794682482	0.4677965673807781
9.997500000000189	0.06025803681706639	0.40654283382935064
10.005000000000189	0.06199978027998995	0.3446415082807396
10.01250000000019	0.06411959490473365	0.28301925573983183
10.02000000000019	0.06658952585711121	0.22259482837659633
10.02750000000019	0.06937645274678586	0.16425632994424924
10.03500000000019	0.07244291531949348	0.10883951301067904
10.04250000000019	0.075748027379209	0.057107852286464075
10.05000000000019	0.07924844515040405	0.009735064226879614
10.057500000000191	0.0828993573165921	-0.032709361354562164
10.065000000000191	0.08665546474103064	-0.06977117823039815
10.072500000000192	0.09047192162857311	-0.10111865713992864
10.080000000000192	0.09430521297209819	-0.12654597793056852
10.087500000000192	0.09811394777939697	-0.14597276355614608
10.095000000000192	0.10185955181026334	-0.15943993104817633
10.102500000000193	0.10550684827212281	-0.16710217495604746
10.110000000000193	0.10902451888763304	-0.16921751861366208
10.117500000000193	0.11238544207457268	-0.16613446281345468
10.125000000000194	0.11556690835168076	-0.15827732594969696
10.132500000000194	0.11855071649208007	-0.14613040387490106
10.140000000000194	0.12132315708955048	-0.13022158041016904
10.147500000000194	0.1238748925788263	-0.11110599298762516
10.155000000000195	0.12620074521798097	-0.08935030702146404
10.162500000000195	0.1282994062282263	-0.0655180797498731
10.170000000000195	0.13017308088023	-0.040156608039072464
10.177500000000196	0.13182708487272027	-0.013785557632422271
10.185000000000196	0.13326940792141131	0.013112427667089158
10.192500000000196	0.13451026002487576	0.04009903632836173
10.200000000000196	0.1355616150979885	0.06678550926950494
10.207500000000197	0.13643676529819107	0.09283584112824164
10.215000000000197	0.13714989766209157	0.11796810175631223
10.222500000000197	0.13771570258188884	0.1419540706456816
10.230000000000198	0.13814902145955704	0.16461741537754648
10.237500000000198	0.13846453859420002	0.18583066869762188
10.245000000000198	0.13867652020253743	0.2055112686192198
10.252500000000198	0.1387986013994971	0.2236169230351363
10.260000000000199	0.13884362023342858	0.24014054750793423
10.267500000000199	0.1388234964122916	0.2551050031059182
10.2750000000002	0.13874915113811323	0.26855783403236116
10.2825000000002	0.13863046371604015	0.2805661731537093
10.2900000000002	0.13847626007048214	0.29121195053984233
10.2975000000002	0.13829432798818186	0.3005875067073835
10.3050000000002	0.13809145408558077	0.308791680567995
10.3125000000002	0.13787347747106127	0.3159264127502514
10.320000000000201	0.13764535561180177	0.32209387935875555
10.327500000000201	0.13741123827466917	0.3273941493176027
10.335000000000202	0.13717454594068992	0.3319233411621575
10.342500000000202	0.13693804970856305	0.335772241578701
10.350000000000202	0.13670395010240818	0.3390253392014753
10.357500000000202	0.1364739529759576	0.34176022098665154
10.365000000000203	0.13624934095611177	0.3440472766729926
10.372500000000203	0.13603103944408834	0.3459496568451869
10.380000000000203	0.13581967658990943	0.34752343237706673
10.387500000000204	0.13561563688587994	0.3488179073513114
10.395000000000204	0.1354191083772528	0.3498760420672401
10.402500000000204	0.13523012367946477	0.35073494885389417
10.410000000000204	0.13504859507794287	0.35142642885874525
10.417500000000205	0.13487434414560595	0.3519775240690082
10.425000000000205	0.13470712648869193	0.35241106392484134
10.432500000000205	0.13454665198011154	0.3527461913611104
10.440000000000206	0.1343926011399978	0.3529988570715582
10.447500000000206	0.13424463816335924	0.35318227476597847
10.455000000000206	0.13410242107483264	0.35330733344543747
10.462500000000206	0.13396560946489364	0.3533829649076753
10.470000000000207	0.13383387026336946	0.35341646703864416
10.477500000000207	0.13370688187405064	0.3534137845039468
10.485000000000207	0.13358433699017996	0.3533797497609964
10.492500000000208	0.1334659443932617	0.35331828765635975
10.500000000000208	0.1333514299525363	0.35323258746905706
10.507500000000208	0.13324053700397331	0.3531252461068847
10.515000000000208	0.13313302627779725	0.35299838626854574
10.522500000000209	0.13302867549764333	0.3528537531132825
10.530000000000209	0.13292727874189694	0.3526927926896165
10.53750000000021	0.13282864569592906	0.3525167150288792
10.54500000000021	0.13273260075225074	0.3523265446299138
10.55250000000021	0.13263898210979244	0.35212316043672554
10.56000000000021	0.13254764085326162	0.35190732740148867
10.56750000000021	0.1324584400476347	0.3516797211666583
10.57500000000021	0.1323712538325174	0.35144094723968783
10.582500000000211	0.13228596659639374	0.35119155591835044
10.590000000000211	0.13220247217907793	0.3509320536584854
10.597500000000212	0.1321206730915584	0.35066291185075177
10.605000000000212	0.13204047986377768	0.35038457346041263
10.612500000000212	0.13196181033119986	0.3500974580922197
10.620000000000212	0.13188458907223832	0.3498019657504815
10.627500000000213	0.13180874681442697	0.34949847972747183
10.635000000000213	0.1317342199448707	0.3491873686514329
10.642500000000213	0.13166094997592337	0.348868988125984
10.650000000000214	0.13158888313017053	0.3485436818197252
10.657500000000214	0.13151796992710935	0.3482117823065497
10.665000000000214	0.13144816477746302	0.3478736116347201
10.672500000000214	0.13137942562625843	0.34752948176260484
10.680000000000215	0.1313117136133011	0.34717969480359834
10.687500000000215	0.13124499277842733	0.3468245431848702
10.695000000000215	0.1311792297493741	0.3464643097661902
10.702500000000216	0.13111439348334641	0.3460992678373294
10.710000000000216	0.13105045500783077	0.34572968113385194
10.717500000000216	0.13098738718556793	0.345355803819193
10.725000000000216	0.13092516449286015	0.34497788040485267
10.732500000000217	0.13086376280709525	0.3445961457381474
10.740000000000217	0.130803159221983	0.3442108248909815
10.747500000000217	0.1307433318741764	0.3438221331403881
10.755000000000217	0.1306842597502488	0.3434302759354928
10.762500000000218	0.13062592256551503	0.34303544884290915
10.770000000000218	0.13056830060255026	0.3426378375458118
10.777500000000218	0.1305113745889479	0.342237617826778
10.785000000000219	0.1304551255678286	0.34183495566139244
10.792500000000219	0.13039953479801758	0.34143000722991446
10.80000000000022	0.13034458366005636	0.3410229189953278
10.80750000000022	0.1302902535540936	0.34061382786322014
10.81500000000022	0.13023652583249568	0.3402028613436124
10.82250000000022	0.1301833817463965	0.3397901376610266
10.83000000000022	0.13013080237076416	0.3393757660457653
10.83750000000022	0.13007876857133566	0.33895984698593984
10.845000000000221	0.13002726095689482	0.3385424724685223
10.852500000000221	0.1299762598753369	0.3381237263877038
10.860000000000221	0.1299257453699434	0.33770368481053176
10.867500000000222	0.1298756972029569	0.3372824164508785
10.875000000000222	0.12982609482586344	0.3368599830758099
10.882500000000222	0.1297769174178142	0.3364364399684914
10.890000000000223	0.12972814389793103	0.3360118363854451
10.897500000000223	0.12967975294933043	0.33558621613608836
10.905000000000223	0.1296317230456836	0.33515961809997197
10.912500000000223	0.12958403252647294	0.3347320767734606
10.920000000000224	0.1295366596059517	0.33430362290484894
10.927500000000224	0.12948958246171588	0.3338742840772194
10.935000000000224	0.12944277928417114	0.3334440853087649
10.942500000000225	0.12939622833909648	0.3330130497448307
10.950000000000225	0.1293499080445712	0.3325811992426141
10.957500000000225	0.12930379705205391	0.33214855504478163
10.965000000000225	0.12925787431700164	0.3317151384087478
10.972500000000226	0.12921211917976688	0.3312809712808157
10.980000000000226	0.12916651145516883	0.3308460768917789
10.987500000000226	0.12912103152186225	0.3304104804179179
10.995000000000227	0.12907566038487672	0.3299742095601791
11.002500000000227	0.1290303797832455	0.32953729517946373
11.010000000000227	0.12898517227857234	0.3290997718358215
11.017500000000227	0.12894002130897284	0.32866167836561466
11.025000000000228	0.1288949113011564	0.3282230583781791
11.032500000000228	0.12884982772149364	0.3277839607799748
11.040000000000228	0.12880475717778073	0.32734444022164855
11.047500000000229	0.12875968748128835	0.3269045575086961
11.055000000000229	0.12871460768728032	0.3264643800333108
11.06250000000023	0.12866950820819378	0.32602398207438266
11.07000000000023	0.12862438080883726	0.3255834451672948
11.07750000000023	0.128579218719788	0.3251428582979554
11.08500000000023	0.1285340166389031	0.3247023181850828
11.09250000000023	0.12848877076692095	0.32426192944905213
11.10000000000023	0.12844347888847826	0.32382180468177324
11.10750000000023	0.12839814032499555	0.3233820646581434
11.115000000000231	0.1283527560334721	0.32294283824065206
11.122500000000231	0.12830732853768817	0.3225042624583725
11.130000000000232	0.12826186198467346	0.32206648244677816
11.137500000000232	0.12821636211565898	0.321629651325935
11.145000000000232	0.12817083627027115	0.32119393007242864
11.152500000000233	0.12812529337072423	0.3207594873311591
11.160000000000233	0.1280797438708586	0.32032649921902673
11.167500000000233	0.12803419974372868	0.3198951490152458
11.175000000000233	0.12798867445414375	0.3194656268891512
11.182500000000234	0.12794318288875445	0.3190381295483412
11.190000000000234	0.12789774132819015	0.3186128598704307
11.197500000000234	0.12785236736568015	0.3181900264985674
11.205000000000235	0.12780707988266354	0.3177698434029642
11.212500000000235	0.1277618989461083	0.31735252940949454
11.220000000000235	0.12771684576004186	0.31693830775624976
11.227500000000235	0.12767194257487774	0.3165274055114652
11.235000000000236	0.1276272126343294	0.31612005314056973
11.242500000000236	0.12758268006436688	0.31571648389351026
11.250000000000236	0.12753836981953331	0.315316933265686
11.257500000000237	0.12749430757289454	0.314921638464578
11.265000000000237	0.1274505196446548	0.31453083778897745
11.272500000000237	0.12740703289580077	0.3141447701137492
11.280000000000237	0.12736387466534516	0.31376367425044394
11.287500000000238	0.12732107266605022	0.31338778840102993
11.295000000000238	0.12727865487555956	0.31301734959750327
11.302500000000238	0.1272366494859643	0.3126525930870504
11.310000000000239	0.1271950847866711	0.3122937518021946
11.317500000000239	0.12715398908394385	0.31194105582830134
11.325000000000239	0.12711339061748061	0.31159473180283126
11.33250000000024	0.12707331747899026	0.3112550024494997
11.34000000000024	0.12703379751633237	0.3109220860230592
11.34750000000024	0.12699485827070414	0.310596195844864
11.35500000000024	0.12695652688679746	0.31027753979959505
11.36250000000024	0.12691883003753995	0.3099663199192565
11.37000000000024	0.12688179386600537	0.3096627318687343
11.377500000000241	0.1268454438881988	0.3093669646383542
11.385000000000241	0.12680980497040362	0.3090792000540816
11.392500000000242	0.12677490121815124	0.3087996124716055
11.400000000000242	0.12674075595120504	0.308528368402159
11.407500000000242	0.1267073916422145	0.30826562618695313
11.415000000000243	0.12667482984540568	0.3080115357458107
11.422500000000243	0.12664309117439548	0.3077662382360696
11.430000000000243	0.12661219524497308	0.3075298658831348
11.437500000000243	0.12658216063661992	0.30730254169335597
11.445000000000244	0.126553004846625	0.3070843793212461
11.452500000000244	0.12652474427727842	0.30687548284487537
11.460000000000244	0.12649739419210387	0.30667594667940645
11.467500000000244	0.126470968682188	0.30648585541394746
11.475000000000245	0.12644548068088193	0.30630528373461247
11.482500000000245	0.12642094190061764	0.30613429635006595
11.490000000000245	0.12639736284425196	0.30597294797520763
11.497500000000246	0.12637475279863056	0.30582128326052904
11.505000000000246	0.12635311981289565	0.3056793368209058
11.512500000000246	0.12633247070064835	0.3055471332671275
11.520000000000246	0.12631281103632597	0.3054246872300296
11.527500000000247	0.12629414516813647	0.30531200344079734
11.535000000000247	0.12627647621770616	0.30520907680412557
11.542500000000247	0.1262598060833221	0.3051158924792148
11.550000000000248	0.1262441354590259	0.3050324260657202
11.557500000000248	0.1262294638513617	0.30495864366213643
11.565000000000248	0.12621578958822954	0.30489450208055996
11.572500000000248	0.12620310983965438	0.3048399489828223
11.580000000000249	0.12619142065194483	0.3047949230758116
11.587500000000249	0.12618071695190722	0.30475935430546636
11.59500000000025	0.12617099258698058	0.3047331640695679
11.60250000000025	0.12616224034355106	0.30471626543791025
11.61000000000025	0.12615445198750097	0.304708563365222
11.61750000000025	0.12614761827764157	0.30470995496645187
11.62500000000025	0.12614172901994086	0.3047203297335907
11.63250000000025	0.12613677307992532	0.30473956981804295
11.640000000000251	0.1261327384343404	0.30476755028442903
11.647500000000251	0.12612961219697982	0.3048041393584053
11.655000000000252	0.12612738064390122	0.30484919875389044
11.662500000000252	0.12612602928500968	0.3049025838951289
11.670000000000252	0.12612554286321226	0.3049641442526888
11.677500000000252	0.12612590541461915	0.30503372358935216
11.685000000000253	0.1261271003053338	0.30511116026684415
11.692500000000253	0.1261291102521857	0.30519628754301875
11.700000000000253	0.1261319173931856	0.3052889338429392
11.707500000000254	0.1261355032910364	0.30538892306313464
11.715000000000254	0.12613984899594832	0.3054960748645231
11.722500000000254	0.1261449350842805	0.30561020495033686
11.730000000000254	0.12615074167315452	0.3057311253673271
11.737500000000255	0.12615724847936452	0.305858644790948
11.745000000000255	0.12616443486101195	0.30599256878154446
11.752500000000255	0.1261722798282981	0.3061327001158106
11.760000000000256	0.12618076210749185	0.3062788390062552
11.767500000000256	0.12618986015220904	0.3064307834334271
11.775000000000256	0.1261995522029552	0.3065883293651285
11.782500000000256	0.1262098163069418	0.3067512710529744
11.790000000000257	0.1262206303434254	0.3069194012795386
11.797500000000257	0.12623197206490017	0.3070925116201745
11.805000000000257	0.1262438191537638	0.307270392674783
11.812500000000258	0.1262561491996703	0.3074528343543104
11.820000000000258	0.12626893976876782	0.30763962607331397
11.827500000000258	0.12628216842853623	0.30783055703274675
11.835000000000258	0.1262958127624213	0.3080254163833458
11.842500000000259	0.12630985040795947	0.30822399351349056
11.850000000000259	0.12632425907666472	0.30842607821802903
11.85750000000026	0.12633901658561159	0.30863146094486316
11.86500000000026	0.12635410086131565	0.3088399329837786
11.87250000000026	0.12636948999767414	0.3090512866408969
11.88000000000026	0.1263851622534465	0.30926531547783437
11.88750000000026	0.12640109606858838	0.3094818144509057
11.89500000000026	0.12641727010806872	0.309700580117918
11.902500000000261	0.12643366325375024	0.30992141081917596
11.910000000000261	0.12645025465203694	0.3101441068040203
11.917500000000262	0.1264670237091413	0.31036847042833327
11.925000000000262	0.12648395010281593	0.3105943063167762
11.932500000000262	0.12650101382999684	0.3108214214697121
11.940000000000262	0.1265181951752713	0.3110496254397619
11.947500000000263	0.12653547477569868	0.3112787304589917
11.955000000000263	0.12655283359422434	0.3115085515666708
11.962500000000263	0.12657025295248817	0.31173890673267435
11.970000000000264	0.1265877145236889	0.31196961700541487
11.977500000000264	0.12660520035999076	0.31220050659890874
11.985000000000264	0.12662269291260753	0.31243140298020317
11.992500000000264	0.12664017500867686	0.31266213702431683
12.000000000000265	0.12665762987627674	0.31289254308293313
12.007500000000265	0.12667504116838527	0.31312245908294695
12.015000000000265	0.12669239294538648	0.31335172660356925
12.022500000000266	0.12670966969054737	0.3135801909803184
12.030000000000266	0.12672685631007413	0.3138077013799845
12.037500000000266	0.12674393817084859	0.3140341108255441
12.045000000000266	0.12676090105200669	0.3142592763475976
12.052500000000267	0.12677773118517283	0.3144830589797782
12.060000000000267	0.12679441525761215	0.3147053238540071
12.067500000000267	0.12681094040566496	0.3149259402253674
12.075000000000268	0.12682729421106556	0.3151447815607198
12.082500000000268	0.1268434647249673	0.31536172553464736
12.090000000000268	0.12685944044356398	0.3155766541204646
12.097500000000268	0.12687521033858906	0.31578945359345084
12.105000000000269	0.1268907638324755	0.3160000145728765
12.112500000000269	0.12690609080978849	0.31620823204694387
12.12000000000027	0.12692118162699614	0.3164140054080611
12.12750000000027	0.1269360270931378	0.3166172384532198
12.13500000000027	0.12695061847620184	0.3168178394218706
12.14250000000027	0.1269649475226409	0.31701572099657066
12.15000000000027	0.12697900642056728	0.31721080029875337
12.15750000000027	0.1269927878248931	0.3174029989159916
12.165000000000271	0.1270062848491233	0.31759224289426247
12.172500000000271	0.1270194910566539	0.3177784627267868
12.180000000000271	0.12703240046286454	0.3179615933381692
12.187500000000272	0.1270450075431884	0.31814157411138255
12.195000000000272	0.12705730720115366	0.3183183488374819
12.202500000000272	0.12706929480478935	0.31849186569806665
12.210000000000273	0.12708096613332176	0.31866207727593715
12.217500000000273	0.1270923174339332	0.3188289404856449
12.225000000000273	0.12710334536902512	0.3189924165779578
12.232500000000273	0.12711404702453713	0.3191524710917226
12.240000000000274	0.12712441991218273	0.31930907383210677
12.247500000000274	0.12713446196987804	0.31946219880341864
12.255000000000274	0.12714417153287394	0.31961182419663875
12.262500000000275	0.12715354735761047	0.31975793233642885
12.270000000000275	0.12716258858728285	0.31990050963125316
12.277500000000275	0.12717129477300596	0.3200395465015846
12.285000000000275	0.127179665837172	0.32017503736546593
12.292500000000276	0.12718770210729397	0.3203069805283597
12.300000000000276	0.1271954042724065	0.3204353781793292
12.307500000000276	0.12720277338364028	0.32056023629707925
12.315000000000277	0.1272098108725133	0.32068156455743535
12.322500000000277	0.1272165185008427	0.32079937632933525
12.330000000000277	0.1272228983979306	0.3209136885430281
12.337500000000277	0.1272289530162411	0.3210245216402878
12.345000000000278	0.1272346851480982	0.3211318995004794
12.352500000000278	0.12724009790053362	0.3212358493674292
12.360000000000278	0.12724519468708761	0.32133640174041717
12.367500000000279	0.12724997924689369	0.3214335903102687
12.375000000000279	0.12725445560002874	0.3215274518610796
12.38250000000028	0.12725862805520788	0.32161802620339397
12.39000000000028	0.1272625011918553	0.32170535607127176
12.39750000000028	0.12726607987475175	0.3217894870165485
12.40500000000028	0.1272693692114487	0.3218704673385906
12.41250000000028	0.12727237455564855	0.32194834797786737
12.42000000000028	0.12727510151385132	0.3220231824127361
12.42750000000028	0.12727755591475262	0.3220950265783018
12.435000000000281	0.12727974380475754	0.322163938736482
12.442500000000281	0.127281671434856	0.32222997942039044
12.450000000000282	0.12728334525741425	0.3222932112829089
12.457500000000282	0.12728477192473445	0.32235369903195626
12.465000000000282	0.12728595824365255	0.32241150930424345
12.472500000000283	0.1272869112011544	0.3224667105790924
12.480000000000283	0.12728763793606435	0.3225193730527457
12.487500000000283	0.12728814574287373	0.3225695685298312
12.495000000000283	0.1272884420409882	0.3226173703598741
12.502500000000284	0.12728853437094825	0.3226628532734132
12.510000000000284	0.1272884303885996	0.32270609333347855
12.517500000000284	0.12728813786927184	0.3227471677501157
12.525000000000285	0.12728766465549018	0.32278615488433166
12.532500000000285	0.1272870186831746	0.3228231340241343
12.540000000000285	0.12728620796349033	0.32285818536576366
12.547500000000285	0.1272852405645928	0.3228913898719735
12.555000000000286	0.1272841246000695	0.3229228291748807
12.562500000000286	0.12728286822571597	0.32295258545661526
12.570000000000286	0.12728147962902653	0.32298074137299687
12.577500000000287	0.12727996701681546	0.32300737993543416
12.585000000000287	0.12727833860381707	0.3230325844099493
12.592500000000287	0.1272766026003868	0.3230564382241138
12.600000000000287	0.12727476720284958	0.3230790248593003
12.607500000000288	0.12727284060650104	0.3231004277432403
12.615000000000288	0.12727083095347477	0.32312073020422943
12.622500000000288	0.12726874635849594	0.3231400153149617
12.630000000000289	0.12726659488569475	0.3231583658312276
12.637500000000289	0.12726438455329372	0.323175864076993
12.64500000000029	0.12726212329205996	0.32319259190802074
12.65250000000029	0.12725981896599428	0.3232086305746967
12.66000000000029	0.12725747936929022	0.3232240606490993
12.66750000000029	0.12725511218726276	0.32323896193613777
12.67500000000029	0.12725272502308563	0.3232534134208508
12.68250000000029	0.12725032535279668	0.3232674931563484
12.69000000000029	0.12724792055972473	0.3232812782064801
12.697500000000291	0.12724551788846594	0.32329484456233565
12.705000000000291	0.12724312446560634	0.3233082670791861
12.712500000000292	0.12724074728111304	0.32332161939299786
12.720000000000292	0.12723839319749627	0.32333497384979515
12.727500000000292	0.12723606889516054	0.3233484014977422
12.735000000000293	0.12723378093815005	0.3233619719355741
12.742500000000293	0.12723153571272244	0.32337575331024687
12.750000000000293	0.1272293394481068	0.3233898122630666
12.757500000000293	0.12722719820368766	0.3234042138356862
12.765000000000294	0.12722511786644328	0.32341902147011553
12.772500000000294	0.12722310414274204	0.3234342969192881
12.780000000000294	0.12722116256905583	0.3234501002068455
12.787500000000295	0.12721929848023797	0.32346648960837676
12.795000000000295	0.12721751703004236	0.32348352160007665
12.802500000000295	0.12721582318223354	0.3235012507927548
12.810000000000295	0.1272142217098349	0.32351972993572703
12.817500000000296	0.12721271717398505	0.3235390098774685
12.825000000000296	0.12721131395417445	0.323559139500268
12.832500000000296	0.1272100162132456	0.3235801657504888
12.840000000000297	0.12720882791546553	0.3236021335640557
12.847500000000297	0.12720775282771765	0.32362508588572325
12.855000000000297	0.12720679450382993	0.32364906360782425
12.862500000000297	0.1272059562909964	0.3236741055863673
12.870000000000298	0.12720524132294916	0.323700248630933
12.877500000000298	0.12720465254047278	0.3237275274604138
12.885000000000298	0.12720419267360464	0.32375597472701806
12.892500000000298	0.12720386422262056	0.3237856210016823
12.900000000000299	0.12720366951149228	0.3238164947594737
12.907500000000299	0.1272036106337972	0.3238486223906598
12.9150000000003	0.12720368949047592	0.32388202820446693
12.9225000000003	0.12720390777262966	0.3239167344220953
12.9300000000003	0.12720426696999554	0.3239527611902758
12.9375000000003	0.12720476836484368	0.3239901265919492
12.9450000000003	0.12720541304715038	0.32402884664397363
12.9525000000003	0.1272062019089386	0.32406893532625203
12.960000000000301	0.12720713564283523	0.3241104045957423
12.967500000000301	0.12720821473284866	0.32415326439750053
12.975000000000302	0.127209439506566	0.3241975226694684
12.982500000000302	0.12721081007597498	0.32424318539854446
12.990000000000302	0.12721232637818827	0.3242902566100749
12.997500000000302	0.12721398816192173	0.3243387384256613
13.0	0.29364111669875465	0.4284498119879052
